GEOID,Tract,total_w16-50,total_w16-50_b12,ma_w16-50_b12,ma_lf_b12,ma_nolf_b12,un_w16-50_b12,un_w16-50_b12_lf,un_w16-50_b12_nolf,w_nobl12,w_nobl12_ma,w_nobl12_ma_lf,w_nobl12_ma_nolf,w_nobl12_un,w_nobl12_un_lf,w_nobl12_un_nolf,state,county,tract
06067008702,"Census Tract 87.02, Sacramento County, California",290,9,9,9,0,0,0,0,281,131,102,29,150,109,41,06,067,008702
06067008905,"Census Tract 89.05, Sacramento County, California",975,14,14,14,0,0,0,0,961,453,298,155,508,394,114,06,067,008905
06067008908,"Census Tract 89.08, Sacramento County, California",951,68,48,40,8,20,0,20,883,380,279,101,503,483,20,06,067,008908
06067008910,"Census Tract 89.10, Sacramento County, California",971,134,46,10,36,88,77,11,837,332,289,43,505,391,114,06,067,008910
06067000200,"Census Tract 2, Sacramento County, California",940,60,50,50,0,10,0,10,880,526,422,104,354,309,45,06,067,000200
06067000400,"Census Tract 4, Sacramento County, California",1384,16,16,16,0,0,0,0,1368,402,309,93,966,949,17,06,067,000400
06067004202,"Census Tract 42.02, Sacramento County, California",1228,158,36,31,5,122,57,65,1070,480,390,90,590,465,125,06,067,004202
06067004203,"Census Tract 42.03, Sacramento County, California",1614,160,55,10,45,105,41,64,1454,701,485,216,753,451,302,06,067,004203
06067004300,"Census Tract 43, Sacramento County, California",1938,93,56,12,44,37,14,23,1845,816,619,197,1029,610,419,06,067,004300
06067005202,"Census Tract 52.02, Sacramento County, California",1198,41,41,41,0,0,0,0,1157,253,201,52,904,775,129,06,067,005202
06067005505,"Census Tract 55.05, Sacramento County, California",1278,88,60,0,60,28,28,0,1190,381,167,214,809,588,221,06,067,005505
06075042800,"Census Tract 428, San Francisco County, California",465,47,47,27,20,0,0,0,418,244,147,97,174,101,73,06,075,042800
06037482702,"Census Tract 4827.02, Los Angeles County, California",452,36,36,28,8,0,0,0,416,142,128,14,274,157,117,06,037,482702
06037500201,"Census Tract 5002.01, Los Angeles County, California",1550,0,0,0,0,0,0,0,1550,792,622,170,758,574,184,06,037,500201
06037500202,"Census Tract 5002.02, Los Angeles County, California",981,14,0,0,0,14,14,0,967,446,351,95,521,327,194,06,037,500202
06037532304,"Census Tract 5323.04, Los Angeles County, California",1068,27,6,0,6,21,7,14,1041,316,194,122,725,537,188,06,037,532304
06037532606,"Census Tract 5326.06, Los Angeles County, California",990,97,52,8,44,45,30,15,893,311,174,137,582,424,158,06,037,532606
06037532800,"Census Tract 5328, Los Angeles County, California",1093,118,69,5,64,49,29,20,975,358,210,148,617,300,317,06,037,532800
06037532900,"Census Tract 5329, Los Angeles County, California",1752,172,49,0,49,123,68,55,1580,539,284,255,1041,711,330,06,037,532900
06037603102,"Census Tract 6031.02, Los Angeles County, California",714,68,45,45,0,23,0,23,646,307,188,119,339,268,71,06,037,603102
06037551700,"Census Tract 5517, Los Angeles County, California",1556,61,10,10,0,51,51,0,1495,512,292,220,983,624,359,06,037,551700
06037552100,"Census Tract 5521, Los Angeles County, California",1324,82,58,26,32,24,13,11,1242,543,470,73,699,517,182,06,037,552100
06037552601,"Census Tract 5526.01, Los Angeles County, California",1398,140,58,46,12,82,63,19,1258,473,317,156,785,491,294,06,037,552601
06001401500,"Census Tract 4015, Alameda County, California",735,16,4,4,0,12,12,0,719,103,64,39,616,545,71,06,001,401500
06001401700,"Census Tract 4017, Alameda County, California",773,27,16,16,0,11,11,0,746,249,199,50,497,417,80,06,001,401700
06001402200,"Census Tract 4022, Alameda County, California",607,36,18,5,13,18,18,0,571,190,142,48,381,321,60,06,001,402200
06075012000,"Census Tract 120, San Francisco County, California",1116,7,0,0,0,7,7,0,1109,278,247,31,831,681,150,06,075,012000
06075012700,"Census Tract 127, San Francisco County, California",1336,21,21,21,0,0,0,0,1315,277,200,77,1038,996,42,06,075,012700
06075013200,"Census Tract 132, San Francisco County, California",924,15,15,15,0,0,0,0,909,475,292,183,434,399,35,06,075,013200
06075013300,"Census Tract 133, San Francisco County, California",1152,130,130,83,47,0,0,0,1022,374,192,182,648,546,102,06,075,013300
06075013500,"Census Tract 135, San Francisco County, California",778,37,37,10,27,0,0,0,741,234,191,43,507,480,27,06,075,013500
06075015300,"Census Tract 153, San Francisco County, California",684,42,28,13,15,14,8,6,642,125,118,7,517,490,27,06,075,015300
06075016700,"Census Tract 167, San Francisco County, California",2077,25,25,25,0,0,0,0,2052,704,692,12,1348,1274,74,06,075,016700
06075020200,"Census Tract 202, San Francisco County, California",1468,64,64,64,0,0,0,0,1404,430,385,45,974,800,174,06,075,020200
06075020500,"Census Tract 205, San Francisco County, California",616,13,13,13,0,0,0,0,603,254,213,41,349,330,19,06,075,020500
06075021000,"Census Tract 210, San Francisco County, California",1338,0,0,0,0,0,0,0,1338,432,389,43,906,906,0,06,075,021000
06075023001,"Census Tract 230.01, San Francisco County, California",1231,105,79,38,41,26,24,2,1126,472,388,84,654,413,241,06,075,023001
06075035202,"Census Tract 352.02, San Francisco County, California",1216,34,34,34,0,0,0,0,1182,455,363,92,727,620,107,06,075,035202
06075042700,"Census Tract 427, San Francisco County, California",1217,68,51,15,36,17,17,0,1149,487,429,58,662,469,193,06,075,042700
06075060100,"Census Tract 601, San Francisco County, California",1456,93,93,40,53,0,0,0,1363,389,298,91,974,923,51,06,075,060100
06075031400,"Census Tract 314, San Francisco County, California",1555,50,25,25,0,25,25,0,1505,582,469,113,923,683,240,06,075,031400
06075040100,"Census Tract 401, San Francisco County, California",1386,26,26,26,0,0,0,0,1360,382,284,98,978,858,120,06,075,040100
06075023200,"Census Tract 232, San Francisco County, California",1027,22,22,22,0,0,0,0,1005,261,241,20,744,502,242,06,075,023200
06075030102,"Census Tract 301.02, San Francisco County, California",1615,14,14,14,0,0,0,0,1601,737,570,167,864,652,212,06,075,030102
06075032700,"Census Tract 327, San Francisco County, California",1458,26,26,11,15,0,0,0,1432,566,492,74,866,724,142,06,075,032700
06075035201,"Census Tract 352.01, San Francisco County, California",1312,84,84,59,25,0,0,0,1228,581,426,155,647,473,174,06,075,035201
06037403802,"Census Tract 4038.02, Los Angeles County, California",1469,81,39,39,0,42,42,0,1388,662,460,202,726,506,220,06,037,403802
06037404901,"Census Tract 4049.01, Los Angeles County, California",1337,49,38,38,0,11,11,0,1288,567,455,112,721,385,336,06,037,404901
06037405500,"Census Tract 4055, Los Angeles County, California",1586,134,45,33,12,89,89,0,1452,720,530,190,732,528,204,06,037,405500
06037408401,"Census Tract 4084.01, Los Angeles County, California",981,12,12,12,0,0,0,0,969,525,359,166,444,249,195,06,037,408401
06037408402,"Census Tract 4084.02, Los Angeles County, California",1405,101,76,30,46,25,25,0,1304,470,333,137,834,532,302,06,037,408402
06037430600,"Census Tract 4306, Los Angeles County, California",835,23,14,14,0,9,9,0,812,490,348,142,322,217,105,06,037,430600
06037431200,"Census Tract 4312, Los Angeles County, California",1461,44,27,27,0,17,17,0,1417,559,368,191,858,611,247,06,037,431200
06037432402,"Census Tract 4324.02, Los Angeles County, California",1776,31,15,0,15,16,0,16,1745,750,485,265,995,622,373,06,037,432402
06037124203,"Census Tract 1242.03, Los Angeles County, California",647,29,29,11,18,0,0,0,618,226,153,73,392,288,104,06,037,124203
06037124204,"Census Tract 1242.04, Los Angeles County, California",641,13,13,13,0,0,0,0,628,164,101,63,464,405,59,06,037,124204
06037124902,"Census Tract 1249.02, Los Angeles County, California",658,9,9,9,0,0,0,0,649,171,116,55,478,316,162,06,037,124902
06037124903,"Census Tract 1249.03, Los Angeles County, California",1039,45,37,0,37,8,8,0,994,357,307,50,637,594,43,06,037,124903
06037125401,"Census Tract 1254.01, Los Angeles County, California",1761,47,47,47,0,0,0,0,1714,527,472,55,1187,977,210,06,037,125401
06037125402,"Census Tract 1254.02, Los Angeles County, California",1472,46,36,27,9,10,10,0,1426,491,429,62,935,743,192,06,037,125402
06037125501,"Census Tract 1255.01, Los Angeles County, California",938,23,23,23,0,0,0,0,915,312,257,55,603,513,90,06,037,125501
06037125502,"Census Tract 1255.02, Los Angeles County, California",1223,0,0,0,0,0,0,0,1223,352,312,40,871,767,104,06,037,125502
06037127103,"Census Tract 1271.03, Los Angeles County, California",904,108,49,38,11,59,18,41,796,284,220,64,512,268,244,06,037,127103
06037127104,"Census Tract 1271.04, Los Angeles County, California",907,60,36,7,29,24,0,24,847,377,279,98,470,333,137,06,037,127104
06037127603,"Census Tract 1276.03, Los Angeles County, California",857,66,48,38,10,18,0,18,791,297,193,104,494,348,146,06,037,127603
06037127604,"Census Tract 1276.04, Los Angeles County, California",801,60,60,27,33,0,0,0,741,339,229,110,402,290,112,06,037,127604
06037127605,"Census Tract 1276.05, Los Angeles County, California",1046,66,43,43,0,23,11,12,980,486,294,192,494,375,119,06,037,127605
06037127711,"Census Tract 1277.11, Los Angeles County, California",684,28,0,0,0,28,22,6,656,232,150,82,424,386,38,06,037,127711
06037127606,"Census Tract 1276.06, Los Angeles County, California",939,46,46,46,0,0,0,0,893,313,210,103,580,402,178,06,037,127606
06037127712,"Census Tract 1277.12, Los Angeles County, California",949,0,0,0,0,0,0,0,949,442,237,205,507,276,231,06,037,127712
06037127803,"Census Tract 1278.03, Los Angeles County, California",1184,78,51,31,20,27,0,27,1106,426,275,151,680,519,161,06,037,127803
06037127804,"Census Tract 1278.04, Los Angeles County, California",1149,23,8,8,0,15,0,15,1126,440,329,111,686,568,118,06,037,127804
06037127805,"Census Tract 1278.05, Los Angeles County, California",984,11,0,0,0,11,11,0,973,350,291,59,623,505,118,06,037,127805
06037127806,"Census Tract 1278.06, Los Angeles County, California",787,37,27,18,9,10,10,0,750,234,103,131,516,393,123,06,037,127806
06037128101,"Census Tract 1281.01, Los Angeles County, California",898,69,48,24,24,21,21,0,829,334,230,104,495,399,96,06,037,128101
06037980013,"Census Tract 9800.13, Los Angeles County, California",0,0,0,0,0,0,0,0,0,0,0,0,0,0,0,06,037,980013
06037980014,"Census Tract 9800.14, Los Angeles County, California",0,0,0,0,0,0,0,0,0,0,0,0,0,0,0,06,037,980014
06037980015,"Census Tract 9800.15, Los Angeles County, California",158,0,0,0,0,0,0,0,158,48,38,10,110,80,30,06,037,980015
06037980018,"Census Tract 9800.18, Los Angeles County, California",0,0,0,0,0,0,0,0,0,0,0,0,0,0,0,06,037,980018
06037980019,"Census Tract 9800.19, Los Angeles County, California",29,0,0,0,0,0,0,0,29,14,14,0,15,4,11,06,037,980019
06037980020,"Census Tract 9800.20, Los Angeles County, California",0,0,0,0,0,0,0,0,0,0,0,0,0,0,0,06,037,980020
06037980021,"Census Tract 9800.21, Los Angeles County, California",0,0,0,0,0,0,0,0,0,0,0,0,0,0,0,06,037,980021
06037980022,"Census Tract 9800.22, Los Angeles County, California",0,0,0,0,0,0,0,0,0,0,0,0,0,0,0,06,037,980022
06037980023,"Census Tract 9800.23, Los Angeles County, California",0,0,0,0,0,0,0,0,0,0,0,0,0,0,0,06,037,980023
06037980025,"Census Tract 9800.25, Los Angeles County, California",0,0,0,0,0,0,0,0,0,0,0,0,0,0,0,06,037,980025
06037980030,"Census Tract 9800.30, Los Angeles County, California",0,0,0,0,0,0,0,0,0,0,0,0,0,0,0,06,037,980030
06037980031,"Census Tract 9800.31, Los Angeles County, California",15,0,0,0,0,0,0,0,15,0,0,0,15,15,0,06,037,980031
06037980033,"Census Tract 9800.33, Los Angeles County, California",0,0,0,0,0,0,0,0,0,0,0,0,0,0,0,06,037,980033
06037980026,"Census Tract 9800.26, Los Angeles County, California",6,0,0,0,0,0,0,0,6,4,4,0,2,0,2,06,037,980026
06037141101,"Census Tract 1411.01, Los Angeles County, California",1409,36,16,16,0,20,0,20,1373,524,419,105,849,745,104,06,037,141101
06037141102,"Census Tract 1411.02, Los Angeles County, California",880,18,18,10,8,0,0,0,862,291,224,67,571,488,83,06,037,141102
06037141201,"Census Tract 1412.01, Los Angeles County, California",1545,51,17,0,17,34,34,0,1494,575,503,72,919,799,120,06,037,141201
06037141202,"Census Tract 1412.02, Los Angeles County, California",771,15,7,7,0,8,8,0,756,259,231,28,497,356,141,06,037,141202
06037141303,"Census Tract 1413.03, Los Angeles County, California",966,0,0,0,0,0,0,0,966,454,389,65,512,439,73,06,037,141303
06019005503,"Census Tract 55.03, Fresno County, California",980,78,58,31,27,20,20,0,902,371,194,177,531,403,128,06,019,005503
06019005510,"Census Tract 55.10, Fresno County, California",1171,71,71,55,16,0,0,0,1100,391,362,29,709,481,228,06,019,005510
06019005513,"Census Tract 55.13, Fresno County, California",739,4,4,0,4,0,0,0,735,327,218,109,408,301,107,06,019,005513
06019008100,"Census Tract 81, Fresno County, California",1500,76,48,48,0,28,0,28,1424,533,382,151,891,539,352,06,019,008100
06019004602,"Census Tract 46.02, Fresno County, California",593,0,0,0,0,0,0,0,593,356,245,111,237,144,93,06,019,004602
06019005302,"Census Tract 53.02, Fresno County, California",1304,57,18,0,18,39,29,10,1247,389,240,149,858,581,277,06,019,005302
06019005403,"Census Tract 54.03, Fresno County, California",1528,79,2,0,2,77,43,34,1449,148,74,74,1301,906,395,06,019,005403
06019005507,"Census Tract 55.07, Fresno County, California",1449,1,0,0,0,1,0,1,1448,684,585,99,764,531,233,06,019,005507
06019005605,"Census Tract 56.05, Fresno County, California",318,6,6,6,0,0,0,0,312,164,121,43,148,81,67,06,019,005605
06019006700,"Census Tract 67, Fresno County, California",1517,53,31,21,10,22,22,0,1464,583,468,115,881,574,307,06,019,006700
06019007201,"Census Tract 72.01, Fresno County, California",2057,30,14,11,3,16,0,16,2027,952,731,221,1075,485,590,06,019,007201
06019007202,"Census Tract 72.02, Fresno County, California",1099,66,18,12,6,48,18,30,1033,600,482,118,433,318,115,06,019,007202
06019007500,"Census Tract 75, Fresno County, California",1372,24,12,12,0,12,7,5,1348,531,361,170,817,384,433,06,019,007500
06019005515,"Census Tract 55.15, Fresno County, California",355,8,8,8,0,0,0,0,347,197,132,65,150,96,54,06,019,005515
06019005301,"Census Tract 53.01, Fresno County, California",1464,160,48,48,0,112,25,87,1304,468,347,121,836,655,181,06,019,005301
06019005407,"Census Tract 54.07, Fresno County, California",840,97,36,0,36,61,61,0,743,227,177,50,516,463,53,06,019,005407
06019005512,"Census Tract 55.12, Fresno County, California",1292,50,42,9,33,8,8,0,1242,622,488,134,620,477,143,06,019,005512
06019005602,"Census Tract 56.02, Fresno County, California",1232,0,0,0,0,0,0,0,1232,475,438,37,757,567,190,06,019,005602
06019005701,"Census Tract 57.01, Fresno County, California",730,20,0,0,0,20,20,0,710,283,193,90,427,305,122,06,019,005701
06019002502,"Census Tract 25.02, Fresno County, California",1017,87,50,0,50,37,37,0,930,246,129,117,684,393,291,06,019,002502
06019002602,"Census Tract 26.02, Fresno County, California",795,79,32,17,15,47,18,29,716,230,171,59,486,312,174,06,019,002602
06013302008,"Census Tract 3020.08, Contra Costa County, California",2329,111,111,58,53,0,0,0,2218,1232,950,282,986,682,304,06,013,302008
06013302009,"Census Tract 3020.09, Contra Costa County, California",1978,45,1,1,0,44,12,32,1933,715,564,151,1218,957,261,06,013,302009
06013302010,"Census Tract 3020.10, Contra Costa County, California",3037,142,50,0,50,92,92,0,2895,1580,1267,313,1315,915,400,06,013,302010
06013303102,"Census Tract 3031.02, Contra Costa County, California",2205,80,80,68,12,0,0,0,2125,1251,993,258,874,611,263,06,013,303102
06013303103,"Census Tract 3031.03, Contra Costa County, California",3302,154,140,112,28,14,0,14,3148,1449,889,560,1699,984,715,06,013,303103
06013303203,"Census Tract 3032.03, Contra Costa County, California",2229,247,201,117,84,46,31,15,1982,1004,678,326,978,710,268,06,013,303203
06013304002,"Census Tract 3040.02, Contra Costa County, California",300,8,8,8,0,0,0,0,292,131,82,49,161,128,33,06,013,304002
06013303201,"Census Tract 3032.01, Contra Costa County, California",3191,73,73,49,24,0,0,0,3118,1594,1043,551,1524,924,600,06,013,303201
06013303204,"Census Tract 3032.04, Contra Costa County, California",879,49,49,41,8,0,0,0,830,366,281,85,464,330,134,06,013,303204
06013304001,"Census Tract 3040.01, Contra Costa County, California",795,51,51,26,25,0,0,0,744,491,358,133,253,143,110,06,013,304001
06013303202,"Census Tract 3032.02, Contra Costa County, California",1691,41,41,25,16,0,0,0,1650,1023,875,148,627,450,177,06,013,303202
06013304004,"Census Tract 3040.04, Contra Costa County, California",765,75,68,68,0,7,0,7,690,271,223,48,419,334,85,06,013,304004
06013303205,"Census Tract 3032.05, Contra Costa County, California",1503,27,27,14,13,0,0,0,1476,702,518,184,774,476,298,06,013,303205
06013304003,"Census Tract 3040.03, Contra Costa County, California",697,67,50,0,50,17,17,0,630,235,164,71,395,280,115,06,013,304003
06013304005,"Census Tract 3040.05, Contra Costa County, California",2186,62,62,33,29,0,0,0,2124,1136,704,432,988,638,350,06,013,304005
06037531101,"Census Tract 5311.01, Los Angeles County, California",1137,67,49,0,49,18,0,18,1070,459,215,244,611,475,136,06,037,531101
06037277400,"Census Tract 2774, Los Angeles County, California",432,30,2,2,0,28,0,28,402,97,66,31,305,259,46,06,037,277400
06037291300,"Census Tract 2913, Los Angeles County, California",556,7,7,7,0,0,0,0,549,275,181,94,274,235,39,06,037,291300
06037294120,"Census Tract 2941.20, Los Angeles County, California",628,44,31,16,15,13,7,6,584,157,101,56,427,247,180,06,037,294120
06037294520,"Census Tract 2945.20, Los Angeles County, California",1023,47,24,9,15,23,20,3,976,365,228,137,611,436,175,06,037,294520
06037294820,"Census Tract 2948.20, Los Angeles County, California",855,62,15,4,11,47,26,21,793,299,150,149,494,341,153,06,037,294820
06037296220,"Census Tract 2962.20, Los Angeles County, California",1170,49,49,13,36,0,0,0,1121,279,185,94,842,597,245,06,037,296220
06037297300,"Census Tract 2973, Los Angeles County, California",534,27,27,0,27,0,0,0,507,250,156,94,257,188,69,06,037,297300
06037300600,"Census Tract 3006, Los Angeles County, California",2263,47,47,43,4,0,0,0,2216,1173,864,309,1043,511,532,06,037,300600
06037300901,"Census Tract 3009.01, Los Angeles County, California",1125,0,0,0,0,0,0,0,1125,669,490,179,456,306,150,06,037,300901
06037301100,"Census Tract 3011, Los Angeles County, California",1806,110,67,14,53,43,43,0,1696,606,376,230,1090,848,242,06,037,301100
06037302202,"Census Tract 3022.02, Los Angeles County, California",1427,44,44,27,17,0,0,0,1383,604,426,178,779,522,257,06,037,302202
06037302302,"Census Tract 3023.02, Los Angeles County, California",1447,55,15,15,0,40,40,0,1392,593,412,181,799,639,160,06,037,302302
06037311300,"Census Tract 3113, Los Angeles County, California",891,52,52,17,35,0,0,0,839,384,299,85,455,372,83,06,037,311300
06037320000,"Census Tract 3200, Los Angeles County, California",0,0,0,0,0,0,0,0,0,0,0,0,0,0,0,06,037,320000
06037400604,"Census Tract 4006.04, Los Angeles County, California",937,55,55,50,5,0,0,0,882,365,313,52,517,422,95,06,037,400604
06037401203,"Census Tract 4012.03, Los Angeles County, California",1329,82,50,40,10,32,32,0,1247,501,364,137,746,534,212,06,037,401203
06037401500,"Census Tract 4015, Los Angeles County, California",1721,96,48,9,39,48,48,0,1625,457,355,102,1168,873,295,06,037,401500
06037401602,"Census Tract 4016.02, Los Angeles County, California",1507,79,71,11,60,8,8,0,1428,732,564,168,696,492,204,06,037,401602
06037101110,"Census Tract 1011.10, Los Angeles County, California",884,46,46,11,35,0,0,0,838,324,262,62,514,362,152,06,037,101110
06037103200,"Census Tract 1032, Los Angeles County, California",1154,44,0,0,0,44,44,0,1110,614,482,132,496,265,231,06,037,103200
06037104103,"Census Tract 1041.03, Los Angeles County, California",981,22,22,0,22,0,0,0,959,430,289,141,529,329,200,06,037,104103
06037106603,"Census Tract 1066.03, Los Angeles County, California",591,34,34,21,13,0,0,0,557,326,242,84,231,127,104,06,037,106603
06037108102,"Census Tract 1081.02, Los Angeles County, California",643,11,11,11,0,0,0,0,632,301,214,87,331,181,150,06,037,108102
06037109601,"Census Tract 1096.01, Los Angeles County, California",1145,71,45,28,17,26,0,26,1074,597,474,123,477,305,172,06,037,109601
06037109700,"Census Tract 1097, Los Angeles County, California",1206,16,16,16,0,0,0,0,1190,619,471,148,571,394,177,06,037,109700
06037111201,"Census Tract 1112.01, Los Angeles County, California",626,97,88,88,0,9,9,0,529,283,202,81,246,188,58,06,037,111201
06037113232,"Census Tract 1132.32, Los Angeles County, California",922,30,30,30,0,0,0,0,892,502,428,74,390,249,141,06,037,113232
06037113422,"Census Tract 1134.22, Los Angeles County, California",1553,25,4,0,4,21,21,0,1528,713,619,94,815,561,254,06,037,113422
06085505006,"Census Tract 5050.06, Santa Clara County, California",3463,215,215,101,114,0,0,0,3248,2370,1333,1037,878,819,59,06,085,505006
06085505700,"Census Tract 5057, Santa Clara County, California",1678,131,131,70,61,0,0,0,1547,406,289,117,1141,699,442,06,085,505700
06085506103,"Census Tract 5061.03, Santa Clara County, California",1030,101,69,50,19,32,0,32,929,609,356,253,320,169,151,06,085,506103
06085506202,"Census Tract 5062.02, Santa Clara County, California",1258,110,110,73,37,0,0,0,1148,828,561,267,320,230,90,06,085,506202
06085506301,"Census Tract 5063.01, Santa Clara County, California",1639,46,36,36,0,10,0,10,1593,583,443,140,1010,822,188,06,085,506301
06085506302,"Census Tract 5063.02, Santa Clara County, California",1796,83,83,83,0,0,0,0,1713,634,429,205,1079,733,346,06,085,506302
06085506304,"Census Tract 5063.04, Santa Clara County, California",1426,8,0,0,0,8,0,8,1418,753,430,323,665,595,70,06,085,506304
06085503304,"Census Tract 5033.04, Santa Clara County, California",1680,138,125,63,62,13,13,0,1542,599,461,138,943,626,317,06,085,503304
06085502906,"Census Tract 5029.06, Santa Clara County, California",1054,65,65,55,10,0,0,0,989,490,265,225,499,378,121,06,085,502906
06085503001,"Census Tract 5030.01, Santa Clara County, California",862,54,54,44,10,0,0,0,808,494,435,59,314,183,131,06,085,503001
06085503108,"Census Tract 5031.08, Santa Clara County, California",2294,126,39,22,17,87,87,0,2168,1035,891,144,1133,787,346,06,085,503108
06085503312,"Census Tract 5033.12, Santa Clara County, California",972,58,25,25,0,33,33,0,914,342,292,50,572,323,249,06,085,503312
06085503402,"Census Tract 5034.02, Santa Clara County, California",1293,59,18,9,9,41,41,0,1234,674,445,229,560,382,178,06,085,503402
06085503506,"Census Tract 5035.06, Santa Clara County, California",1785,112,84,53,31,28,14,14,1673,645,512,133,1028,781,247,06,085,503506
06059062604,"Census Tract 626.04, Orange County, California",3253,382,197,124,73,185,0,185,2871,1749,936,813,1122,721,401,06,059,062604
06059062629,"Census Tract 626.29, Orange County, California",448,5,5,0,5,0,0,0,443,323,156,167,120,59,61,06,059,062629
06059062640,"Census Tract 626.40, Orange County, California",1076,36,36,17,19,0,0,0,1040,333,259,74,707,603,104,06,059,062640
06065040402,"Census Tract 404.02, Riverside County, California",905,74,51,16,35,23,0,23,831,411,197,214,420,314,106,06,065,040402
06065040501,"Census Tract 405.01, Riverside County, California",1513,42,42,34,8,0,0,0,1471,619,327,292,852,652,200,06,065,040501
06065042514,"Census Tract 425.14, Riverside County, California",855,46,13,13,0,33,0,33,809,266,124,142,543,352,191,06,065,042514
06065042404,"Census Tract 424.04, Riverside County, California",689,11,7,0,7,4,0,4,678,229,116,113,449,311,138,06,065,042404
06065042505,"Census Tract 425.05, Riverside County, California",912,62,30,5,25,32,7,25,850,266,156,110,584,396,188,06,065,042505
06065042510,"Census Tract 425.10, Riverside County, California",1533,99,45,10,35,54,0,54,1434,655,316,339,779,528,251,06,065,042510
06065042518,"Census Tract 425.18, Riverside County, California",879,81,42,34,8,39,39,0,798,350,264,86,448,297,151,06,065,042518
06065042519,"Census Tract 425.19, Riverside County, California",476,69,69,29,40,0,0,0,407,111,68,43,296,214,82,06,065,042519
06065042720,"Census Tract 427.20, Riverside County, California",1189,87,77,54,23,10,10,0,1102,635,251,384,467,274,193,06,065,042720
06065043006,"Census Tract 430.06, Riverside County, California",1392,106,70,29,41,36,27,9,1286,573,375,198,713,398,315,06,065,043006
06065043314,"Census Tract 433.14, Riverside County, California",937,10,9,9,0,1,0,1,927,364,244,120,563,255,308,06,065,043314
06085512509,"Census Tract 5125.09, Santa Clara County, California",1150,54,54,32,22,0,0,0,1096,637,528,109,459,328,131,06,085,512509
06085512510,"Census Tract 5125.10, Santa Clara County, California",1745,74,20,20,0,54,54,0,1671,654,459,195,1017,808,209,06,085,512510
06085512603,"Census Tract 5126.03, Santa Clara County, California",1213,39,23,0,23,16,5,11,1174,502,320,182,672,479,193,06,085,512603
06085512604,"Census Tract 5126.04, Santa Clara County, California",1229,71,57,40,17,14,14,0,1158,499,283,216,659,465,194,06,085,512604
06085513000,"Census Tract 5130, Santa Clara County, California",3679,36,16,16,0,20,20,0,3643,397,257,140,3246,1337,1909,06,085,513000
06085513500,"Census Tract 5135, Santa Clara County, California",303,0,0,0,0,0,0,0,303,159,108,51,144,57,87,06,085,513500
06087990100,"Census Tract 9901, Santa Cruz County, California",0,0,0,0,0,0,0,0,0,0,0,0,0,0,0,06,087,990100
06089010601,"Census Tract 106.01, Shasta County, California",381,11,11,4,7,0,0,0,370,197,145,52,173,124,49,06,089,010601
06037434004,"Census Tract 4340.04, Los Angeles County, California",797,22,22,12,10,0,0,0,775,300,196,104,475,313,162,06,037,434004
06037461501,"Census Tract 4615.01, Los Angeles County, California",971,55,21,7,14,34,0,34,916,366,293,73,550,493,57,06,037,461501
06037460401,"Census Tract 4604.01, Los Angeles County, California",197,31,20,15,5,11,11,0,166,68,37,31,98,74,24,06,037,460401
06037910205,"Census Tract 9102.05, Los Angeles County, California",300,0,0,0,0,0,0,0,300,154,75,79,146,107,39,06,037,910205
06037910302,"Census Tract 9103.02, Los Angeles County, California",1290,139,104,63,41,35,0,35,1151,628,434,194,523,347,176,06,037,910302
06037920020,"Census Tract 9200.20, Los Angeles County, California",1662,13,0,0,0,13,13,0,1649,739,489,250,910,719,191,06,037,920020
06037920015,"Census Tract 9200.15, Los Angeles County, California",1261,41,17,17,0,24,24,0,1220,735,546,189,485,330,155,06,037,920015
06013352102,"Census Tract 3521.02, Contra Costa County, California",1252,34,34,34,0,0,0,0,1218,566,353,213,652,319,333,06,013,352102
06013352202,"Census Tract 3522.02, Contra Costa County, California",580,3,3,1,2,0,0,0,577,290,253,37,287,208,79,06,013,352202
06013355200,"Census Tract 3552, Contra Costa County, California",2955,150,80,56,24,70,42,28,2805,1266,990,276,1539,1233,306,06,013,355200
06013369002,"Census Tract 3690.02, Contra Costa County, California",713,10,10,0,10,0,0,0,703,226,158,68,477,430,47,06,013,369002
06013371000,"Census Tract 3710, Contra Costa County, California",1603,95,61,37,24,34,26,8,1508,599,401,198,909,665,244,06,013,371000
06013387000,"Census Tract 3870, Contra Costa County, California",764,12,12,0,12,0,0,0,752,339,192,147,413,271,142,06,013,387000
06013322000,"Census Tract 3220, Contra Costa County, California",1306,9,9,9,0,0,0,0,1297,652,423,229,645,480,165,06,013,322000
06013334001,"Census Tract 3340.01, Contra Costa County, California",954,99,48,8,40,51,51,0,855,431,324,107,424,372,52,06,013,334001
06001436900,"Census Tract 4369, Alameda County, California",1698,62,23,23,0,39,9,30,1636,770,554,216,866,623,243,06,001,436900
06001437000,"Census Tract 4370, Alameda County, California",673,18,17,17,0,1,0,1,655,337,285,52,318,242,76,06,001,437000
06001438300,"Census Tract 4383, Alameda County, California",986,79,47,33,14,32,32,0,907,320,262,58,587,432,155,06,001,438300
06001440304,"Census Tract 4403.04, Alameda County, California",1207,23,23,7,16,0,0,0,1184,584,476,108,600,318,282,06,001,440304
06001441402,"Census Tract 4414.02, Alameda County, California",1330,89,89,35,54,0,0,0,1241,826,646,180,415,214,201,06,001,441402
06001441522,"Census Tract 4415.22, Alameda County, California",1398,54,54,36,18,0,0,0,1344,694,528,166,650,406,244,06,001,441522
06001441800,"Census Tract 4418, Alameda County, California",1744,34,27,27,0,7,0,7,1710,1137,638,499,573,401,172,06,001,441800
06001441921,"Census Tract 4419.21, Alameda County, California",1174,85,85,75,10,0,0,0,1089,605,386,219,484,419,65,06,001,441921
06001442000,"Census Tract 4420, Alameda County, California",740,30,30,18,12,0,0,0,710,390,231,159,320,162,158,06,001,442000
06001442100,"Census Tract 4421, Alameda County, California",1185,18,18,18,0,0,0,0,1167,781,665,116,386,201,185,06,001,442100
06001442200,"Census Tract 4422, Alameda County, California",1659,11,11,11,0,0,0,0,1648,1071,745,326,577,249,328,06,001,442200
06001440331,"Census Tract 4403.31, Alameda County, California",820,33,15,9,6,18,8,10,787,387,287,100,400,285,115,06,001,440331
06001441302,"Census Tract 4413.02, Alameda County, California",1339,139,129,94,35,10,10,0,1200,746,451,295,454,292,162,06,001,441302
06067009310,"Census Tract 93.10, Sacramento County, California",2034,142,88,73,15,54,54,0,1892,861,567,294,1031,824,207,06,067,009310
06067009318,"Census Tract 93.18, Sacramento County, California",501,19,19,19,0,0,0,0,482,266,161,105,216,147,69,06,067,009318
06067009610,"Census Tract 96.10, Sacramento County, California",1467,165,109,56,53,56,56,0,1302,531,352,179,771,481,290,06,067,009610
06067009611,"Census Tract 96.11, Sacramento County, California",792,63,50,8,42,13,0,13,729,380,315,65,349,233,116,06,067,009611
06067009614,"Census Tract 96.14, Sacramento County, California",2022,96,87,68,19,9,9,0,1926,936,767,169,990,768,222,06,067,009614
06067009004,"Census Tract 90.04, Sacramento County, California",1043,24,19,9,10,5,0,5,1019,340,271,69,679,463,216,06,067,009004
06067009103,"Census Tract 91.03, Sacramento County, California",694,11,6,0,6,5,0,5,683,296,199,97,387,267,120,06,067,009103
06067009106,"Census Tract 91.06, Sacramento County, California",1242,26,26,8,18,0,0,0,1216,430,398,32,786,619,167,06,067,009106
06047000503,"Census Tract 5.03, Merced County, California",365,25,25,6,19,0,0,0,340,142,85,57,198,109,89,06,047,000503
06047000504,"Census Tract 5.04, Merced County, California",1481,99,19,0,19,80,27,53,1382,745,521,224,637,422,215,06,047,000504
06047000505,"Census Tract 5.05, Merced County, California",1509,219,158,41,117,61,0,61,1290,601,409,192,689,322,367,06,047,000505
06047000701,"Census Tract 7.01, Merced County, California",791,55,0,0,0,55,28,27,736,278,171,107,458,344,114,06,047,000701
06047001002,"Census Tract 10.02, Merced County, California",4381,180,73,73,0,107,107,0,4201,1529,1028,501,2672,1348,1324,06,047,001002
06065941200,"Census Tract 9412, Riverside County, California",263,22,19,3,16,3,0,3,241,111,75,36,130,116,14,06,065,941200
06065941300,"Census Tract 9413, Riverside County, California",412,27,8,8,0,19,0,19,385,141,95,46,244,197,47,06,065,941300
06065941400,"Census Tract 9414, Riverside County, California",581,29,14,11,3,15,7,8,552,138,88,50,414,328,86,06,065,941400
06065941500,"Census Tract 9415, Riverside County, California",1117,115,23,22,1,92,49,43,1002,577,427,150,425,212,213,06,065,941500
06065980004,"Census Tract 9800.04, Riverside County, California",0,0,0,0,0,0,0,0,0,0,0,0,0,0,0,06,065,980004
06065981000,"Census Tract 9810, Riverside County, California",0,0,0,0,0,0,0,0,0,0,0,0,0,0,0,06,065,981000
06067001101,"Census Tract 11.01, Sacramento County, California",612,53,24,0,24,29,29,0,559,160,117,43,399,345,54,06,067,001101
06067003204,"Census Tract 32.04, Sacramento County, California",1450,60,25,25,0,35,21,14,1390,416,269,147,974,599,375,06,067,003204
06067004501,"Census Tract 45.01, Sacramento County, California",816,28,22,11,11,6,6,0,788,349,208,141,439,249,190,06,067,004501
06001443301,"Census Tract 4433.01, Alameda County, California",1198,0,0,0,0,0,0,0,1198,688,569,119,510,306,204,06,001,443301
06001450742,"Census Tract 4507.42, Alameda County, California",1023,57,21,21,0,36,36,0,966,654,383,271,312,189,123,06,001,450742
06001451601,"Census Tract 4516.01, Alameda County, California",1506,30,30,14,16,0,0,0,1476,785,660,125,691,461,230,06,001,451601
06001451701,"Census Tract 4517.01, Alameda County, California",684,71,59,59,0,12,12,0,613,368,325,43,245,165,80,06,001,451701
06001400600,"Census Tract 4006, Alameda County, California",575,42,37,26,11,5,5,0,533,136,136,0,397,356,41,06,001,400600
06001401200,"Census Tract 4012, Alameda County, California",825,9,9,9,0,0,0,0,816,261,222,39,555,515,40,06,001,401200
06001403100,"Census Tract 4031, Alameda County, California",334,21,15,15,0,6,6,0,313,137,99,38,176,170,6,06,001,403100
06001403800,"Census Tract 4038, Alameda County, California",1216,24,24,24,0,0,0,0,1192,400,367,33,792,719,73,06,001,403800
06001404000,"Census Tract 4040, Alameda County, California",1075,23,23,23,0,0,0,0,1052,374,320,54,678,578,100,06,001,404000
06001404501,"Census Tract 4045.01, Alameda County, California",379,22,12,12,0,10,0,10,357,218,210,8,139,109,30,06,001,404501
06001405100,"Census Tract 4051, Alameda County, California",969,109,109,109,0,0,0,0,860,401,321,80,459,375,84,06,001,405100
06001405700,"Census Tract 4057, Alameda County, California",935,26,26,0,26,0,0,0,909,331,237,94,578,523,55,06,001,405700
06001405800,"Census Tract 4058, Alameda County, California",1214,45,45,0,45,0,0,0,1169,352,229,123,817,594,223,06,001,405800
06001406900,"Census Tract 4069, Alameda County, California",850,31,31,17,14,0,0,0,819,366,316,50,453,395,58,06,001,406900
06001436602,"Census Tract 4366.02, Alameda County, California",1414,63,20,14,6,43,14,29,1351,725,517,208,626,486,140,06,001,436602
06001433300,"Census Tract 4333, Alameda County, California",1605,120,89,89,0,31,0,31,1485,773,590,183,712,626,86,06,001,433300
06001435300,"Census Tract 4353, Alameda County, California",1260,18,18,0,18,0,0,0,1242,423,296,127,819,649,170,06,001,435300
06001436300,"Census Tract 4363, Alameda County, California",2685,35,15,15,0,20,20,0,2650,1053,676,377,1597,1150,447,06,001,436300
06001437300,"Census Tract 4373, Alameda County, California",745,71,55,49,6,16,16,0,674,289,171,118,385,280,105,06,001,437300
06001437500,"Census Tract 4375, Alameda County, California",1126,123,70,8,62,53,15,38,1003,461,316,145,542,422,120,06,001,437500
06001437800,"Census Tract 4378, Alameda County, California",1114,36,36,36,0,0,0,0,1078,493,418,75,585,444,141,06,001,437800
06001438100,"Census Tract 4381, Alameda County, California",1650,191,103,75,28,88,60,28,1459,775,572,203,684,442,242,06,001,438100
06053011700,"Census Tract 117, Monterey County, California",610,11,11,0,11,0,0,0,599,337,177,160,262,123,139,06,053,011700
06053013600,"Census Tract 136, Monterey County, California",1120,55,30,20,10,25,25,0,1065,361,273,88,704,473,231,06,053,013600
06053013700,"Census Tract 137, Monterey County, California",1042,85,25,25,0,60,13,47,957,520,416,104,437,306,131,06,053,013700
06053013800,"Census Tract 138, Monterey County, California",1710,32,22,22,0,10,10,0,1678,762,621,141,916,654,262,06,053,013800
06053010102,"Census Tract 101.02, Monterey County, California",857,47,47,47,0,0,0,0,810,320,278,42,490,341,149,06,053,010102
06053010305,"Census Tract 103.05, Monterey County, California",909,109,28,28,0,81,50,31,800,387,342,45,413,172,241,06,053,010305
06053011102,"Census Tract 111.02, Monterey County, California",3109,164,104,14,90,60,14,46,2945,1270,758,512,1675,930,745,06,053,011102
06053011202,"Census Tract 112.02, Monterey County, California",1612,59,34,34,0,25,16,9,1553,946,431,515,607,246,361,06,053,011202
06053012200,"Census Tract 122, Monterey County, California",620,0,0,0,0,0,0,0,620,242,182,60,378,369,9,06,053,012200
06085512036,"Census Tract 5120.36, Santa Clara County, California",1287,67,56,14,42,11,11,0,1220,687,488,199,533,389,144,06,085,512036
06085512037,"Census Tract 5120.37, Santa Clara County, California",714,42,42,27,15,0,0,0,672,336,283,53,336,234,102,06,085,512037
06085512039,"Census Tract 5120.39, Santa Clara County, California",1272,64,64,64,0,0,0,0,1208,495,388,107,713,541,172,06,085,512039
06085512038,"Census Tract 5120.38, Santa Clara County, California",868,52,52,39,13,0,0,0,816,451,364,87,365,269,96,06,085,512038
06085512042,"Census Tract 5120.42, Santa Clara County, California",729,81,54,21,33,27,27,0,648,249,192,57,399,268,131,06,085,512042
06085512043,"Census Tract 5120.43, Santa Clara County, California",1695,110,94,65,29,16,16,0,1585,615,445,170,970,602,368,06,085,512043
06085512045,"Census Tract 5120.45, Santa Clara County, California",1196,43,42,35,7,1,0,1,1153,568,412,156,585,409,176,06,085,512045
06085512047,"Census Tract 5120.47, Santa Clara County, California",1316,75,68,29,39,7,7,0,1241,678,584,94,563,427,136,06,085,512047
06081604400,"Census Tract 6044, San Mateo County, California",1242,59,59,30,29,0,0,0,1183,594,527,67,589,485,104,06,081,604400
06081604700,"Census Tract 6047, San Mateo County, California",519,7,7,7,0,0,0,0,512,319,261,58,193,136,57,06,081,604700
06081604800,"Census Tract 6048, San Mateo County, California",927,22,22,22,0,0,0,0,905,390,273,117,515,391,124,06,081,604800
06081605400,"Census Tract 6054, San Mateo County, California",1485,22,22,16,6,0,0,0,1463,718,579,139,745,614,131,06,081,605400
06081605900,"Census Tract 6059, San Mateo County, California",1606,123,93,85,8,30,0,30,1483,757,568,189,726,674,52,06,081,605900
06081606100,"Census Tract 6061, San Mateo County, California",1190,218,176,89,87,42,42,0,972,534,468,66,438,395,43,06,081,606100
06081609400,"Census Tract 6094, San Mateo County, California",719,22,22,15,7,0,0,0,697,430,342,88,267,183,84,06,081,609400
06081609500,"Census Tract 6095, San Mateo County, California",957,34,34,9,25,0,0,0,923,653,460,193,270,204,66,06,081,609500
06081609700,"Census Tract 6097, San Mateo County, California",853,48,48,48,0,0,0,0,805,457,384,73,348,292,56,06,081,609700
06081611100,"Census Tract 6111, San Mateo County, California",1701,126,106,53,53,20,0,20,1575,883,656,227,692,546,146,06,081,611100
06081611700,"Census Tract 6117, San Mateo County, California",1505,52,43,32,11,9,9,0,1453,543,367,176,910,765,145,06,081,611700
06081613000,"Census Tract 6130, San Mateo County, California",795,53,38,38,0,15,0,15,742,328,188,140,414,244,170,06,081,613000
06081600500,"Census Tract 6005, San Mateo County, California",2072,106,83,43,40,23,23,0,1966,721,598,123,1245,1037,208,06,081,600500
06081601604,"Census Tract 6016.04, San Mateo County, California",652,52,52,52,0,0,0,0,600,246,234,12,354,278,76,06,081,601604
06081601400,"Census Tract 6014, San Mateo County, California",1621,119,99,99,0,20,20,0,1502,635,530,105,867,526,341,06,081,601400
06081602800,"Census Tract 6028, San Mateo County, California",1157,60,49,35,14,11,0,11,1097,476,402,74,621,443,178,06,081,602800
06081610203,"Census Tract 6102.03, San Mateo County, California",938,50,33,25,8,17,17,0,888,347,193,154,541,416,125,06,081,610203
06081601000,"Census Tract 6010, San Mateo County, California",1720,46,34,34,0,12,12,0,1674,735,648,87,939,572,367,06,081,601000
06073021204,"Census Tract 212.04, San Diego County, California",1193,98,98,53,45,0,0,0,1095,664,486,178,431,348,83,06,073,021204
06073021302,"Census Tract 213.02, San Diego County, California",922,23,15,8,7,8,8,0,899,454,250,204,445,253,192,06,073,021302
06073021304,"Census Tract 213.04, San Diego County, California",525,0,0,0,0,0,0,0,525,255,208,47,270,194,76,06,073,021304
06073019403,"Census Tract 194.03, San Diego County, California",1153,85,33,15,18,52,8,44,1068,552,347,205,516,332,184,06,073,019403
06073019503,"Census Tract 195.03, San Diego County, California",1182,146,105,94,11,41,30,11,1036,515,349,166,521,439,82,06,073,019503
06073019702,"Census Tract 197.02, San Diego County, California",1121,43,31,7,24,12,0,12,1078,612,464,148,466,349,117,06,073,019702
06037232800,"Census Tract 2328, Los Angeles County, California",1021,71,9,9,0,62,42,20,950,324,203,121,626,427,199,06,037,232800
06037234600,"Census Tract 2346, Los Angeles County, California",1181,41,0,0,0,41,41,0,1140,494,284,210,646,456,190,06,037,234600
06037237900,"Census Tract 2379, Los Angeles County, California",1219,59,6,0,6,53,53,0,1160,388,379,9,772,521,251,06,037,237900
06085503217,"Census Tract 5032.17, Santa Clara County, California",1334,48,48,28,20,0,0,0,1286,673,497,176,613,438,175,06,085,503217
06085503323,"Census Tract 5033.23, Santa Clara County, California",1259,39,39,30,9,0,0,0,1220,479,345,134,741,505,236,06,085,503323
06085503324,"Census Tract 5033.24, Santa Clara County, California",794,41,41,34,7,0,0,0,753,304,237,67,449,290,159,06,085,503324
06085503325,"Census Tract 5033.25, Santa Clara County, California",978,15,15,0,15,0,0,0,963,460,315,145,503,337,166,06,085,503325
06085504001,"Census Tract 5040.01, Santa Clara County, California",1327,47,35,28,7,12,0,12,1280,632,462,170,648,410,238,06,085,504001
06085504201,"Census Tract 5042.01, Santa Clara County, California",1050,107,107,77,30,0,0,0,943,470,407,63,473,352,121,06,085,504201
06085504318,"Census Tract 5043.18, Santa Clara County, California",1411,82,73,34,39,9,9,0,1329,700,543,157,629,530,99,06,085,504318
06085504411,"Census Tract 5044.11, Santa Clara County, California",1379,54,46,46,0,8,8,0,1325,485,391,94,840,646,194,06,085,504411
06085504418,"Census Tract 5044.18, Santa Clara County, California",1423,44,36,4,32,8,8,0,1379,733,553,180,646,453,193,06,085,504418
06037920313,"Census Tract 9203.13, Los Angeles County, California",1205,84,48,39,9,36,9,27,1121,576,397,179,545,352,193,06,037,920313
06037920334,"Census Tract 9203.34, Los Angeles County, California",1324,37,37,27,10,0,0,0,1287,492,304,188,795,508,287,06,037,920334
06037103101,"Census Tract 1031.01, Los Angeles County, California",525,71,71,71,0,0,0,0,454,282,233,49,172,99,73,06,037,103101
06037104201,"Census Tract 1042.01, Los Angeles County, California",1135,109,57,48,9,52,6,46,1026,387,215,172,639,363,276,06,037,104201
06037104320,"Census Tract 1043.20, Los Angeles County, California",1499,71,33,21,12,38,0,38,1428,451,221,230,977,651,326,06,037,104320
06037104620,"Census Tract 1046.20, Los Angeles County, California",895,67,23,23,0,44,44,0,828,352,198,154,476,267,209,06,037,104620
06037104701,"Census Tract 1047.01, Los Angeles County, California",1170,71,25,11,14,46,42,4,1099,367,186,181,732,443,289,06,037,104701
06037104810,"Census Tract 1048.10, Los Angeles County, California",1379,62,62,62,0,0,0,0,1317,616,377,239,701,450,251,06,037,104810
06037106112,"Census Tract 1061.12, Los Angeles County, California",1482,76,44,44,0,32,32,0,1406,649,523,126,757,477,280,06,037,106112
06037106113,"Census Tract 1061.13, Los Angeles County, California",917,42,42,28,14,0,0,0,875,378,263,115,497,246,251,06,037,106113
06037267501,"Census Tract 2675.01, Los Angeles County, California",2146,153,122,21,101,31,0,31,1993,572,311,261,1421,1081,340,06,037,267501
06037920031,"Census Tract 9200.31, Los Angeles County, California",919,120,52,35,17,68,0,68,799,393,273,120,406,243,163,06,037,920031
06037910401,"Census Tract 9104.01, Los Angeles County, California",1474,174,115,110,5,59,21,38,1300,814,413,401,486,305,181,06,037,910401
06037910804,"Census Tract 9108.04, Los Angeles County, California",583,25,25,13,12,0,0,0,558,250,158,92,308,172,136,06,037,910804
06037920018,"Census Tract 9200.18, Los Angeles County, California",451,6,6,6,0,0,0,0,445,236,161,75,209,143,66,06,037,920018
06037601202,"Census Tract 6012.02, Los Angeles County, California",998,67,51,41,10,16,16,0,931,392,316,76,539,329,210,06,037,601202
06037601802,"Census Tract 6018.02, Los Angeles County, California",1019,73,28,28,0,45,8,37,946,354,248,106,592,465,127,06,037,601802
06037601900,"Census Tract 6019, Los Angeles County, California",1411,74,74,74,0,0,0,0,1337,495,227,268,842,622,220,06,037,601900
06037602302,"Census Tract 6023.02, Los Angeles County, California",1025,80,80,80,0,0,0,0,945,530,420,110,415,353,62,06,037,602302
06053011400,"Census Tract 114, Monterey County, California",866,19,19,13,6,0,0,0,847,323,222,101,524,330,194,06,053,011400
06053012100,"Census Tract 121, Monterey County, California",337,6,6,6,0,0,0,0,331,201,128,73,130,95,35,06,053,012100
06053012600,"Census Tract 126, Monterey County, California",797,0,0,0,0,0,0,0,797,144,130,14,653,653,0,06,053,012600
06053013200,"Census Tract 132, Monterey County, California",560,22,22,22,0,0,0,0,538,334,217,117,204,113,91,06,053,013200
06053013300,"Census Tract 133, Monterey County, California",1732,89,87,67,20,2,0,2,1643,638,384,254,1005,951,54,06,053,013300
06073008339,"Census Tract 83.39, San Diego County, California",687,6,6,3,3,0,0,0,681,226,197,29,455,277,178,06,073,008339
06073008347,"Census Tract 83.47, San Diego County, California",1662,153,134,104,30,19,17,2,1509,850,650,200,659,466,193,06,073,008347
06073008354,"Census Tract 83.54, San Diego County, California",3053,266,266,87,179,0,0,0,2787,1221,883,338,1566,1330,236,06,073,008354
06073008505,"Census Tract 85.05, San Diego County, California",1397,81,67,67,0,14,14,0,1316,521,299,222,795,452,343,06,073,008505
06073017604,"Census Tract 176.04, San Diego County, California",1527,84,51,51,0,33,33,0,1443,720,648,72,723,549,174,06,073,017604
06073018400,"Census Tract 184, San Diego County, California",872,44,17,9,8,27,0,27,828,185,127,58,643,507,136,06,073,018400
06073015501,"Census Tract 155.01, San Diego County, California",1057,81,81,49,32,0,0,0,976,422,298,124,554,296,258,06,073,015501
06073015703,"Census Tract 157.03, San Diego County, California",1472,13,13,0,13,0,0,0,1459,833,416,417,626,531,95,06,073,015703
06073015801,"Census Tract 158.01, San Diego County, California",872,89,35,20,15,54,54,0,783,311,197,114,472,255,217,06,073,015801
06073015802,"Census Tract 158.02, San Diego County, California",1262,108,100,11,89,8,8,0,1154,579,238,341,575,404,171,06,073,015802
06073015901,"Census Tract 159.01, San Diego County, California",951,112,34,0,34,78,66,12,839,336,112,224,503,337,166,06,073,015901
06073016000,"Census Tract 160, San Diego County, California",523,29,9,9,0,20,20,0,494,185,151,34,309,189,120,06,073,016000
06073016201,"Census Tract 162.01, San Diego County, California",1035,82,57,55,2,25,12,13,953,519,438,81,434,351,83,06,073,016201
06073016610,"Census Tract 166.10, San Diego County, California",1094,66,58,37,21,8,8,0,1028,560,447,113,468,280,188,06,073,016610
06073016614,"Census Tract 166.14, San Diego County, California",1082,23,23,11,12,0,0,0,1059,492,351,141,567,430,137,06,073,016614
06073016615,"Census Tract 166.15, San Diego County, California",2036,38,38,19,19,0,0,0,1998,585,290,295,1413,266,1147,06,073,016615
06073016702,"Census Tract 167.02, San Diego County, California",1990,70,52,17,35,18,0,18,1920,1075,864,211,845,568,277,06,073,016702
06073017022,"Census Tract 170.22, San Diego County, California",1476,34,24,6,18,10,0,10,1442,668,533,135,774,571,203,06,073,017022
06073017108,"Census Tract 171.08, San Diego County, California",1022,46,46,35,11,0,0,0,976,571,470,101,405,293,112,06,073,017108
06073017305,"Census Tract 173.05, San Diego County, California",672,50,50,50,0,0,0,0,622,209,174,35,413,336,77,06,073,017305
06073017811,"Census Tract 178.11, San Diego County, California",1685,50,50,20,30,0,0,0,1635,840,536,304,795,653,142,06,073,017811
06073018511,"Census Tract 185.11, San Diego County, California",1340,131,58,47,11,73,73,0,1209,547,445,102,662,505,157,06,073,018511
06073018514,"Census Tract 185.14, San Diego County, California",2225,26,0,0,0,26,26,0,2199,948,794,154,1251,885,366,06,073,018514
06073018516,"Census Tract 185.16, San Diego County, California",1061,10,10,10,0,0,0,0,1051,515,353,162,536,348,188,06,073,018516
06073018601,"Census Tract 186.01, San Diego County, California",1060,50,50,39,11,0,0,0,1010,577,344,233,433,310,123,06,073,018601
06073018609,"Census Tract 186.09, San Diego County, California",1641,10,10,0,10,0,0,0,1631,826,598,228,805,525,280,06,073,018609
06073018801,"Census Tract 188.01, San Diego County, California",822,0,0,0,0,0,0,0,822,387,282,105,435,260,175,06,073,018801
06037602402,"Census Tract 6024.02, Los Angeles County, California",1497,23,23,23,0,0,0,0,1474,614,452,162,860,644,216,06,037,602402
06037701502,"Census Tract 7015.02, Los Angeles County, California",1002,29,29,20,9,0,0,0,973,291,250,41,682,618,64,06,037,701502
06037543601,"Census Tract 5436.01, Los Angeles County, California",756,65,54,28,26,11,0,11,691,290,217,73,401,274,127,06,037,543601
06059075202,"Census Tract 752.02, Orange County, California",1524,46,35,12,23,11,11,0,1478,558,462,96,920,709,211,06,059,075202
06059075301,"Census Tract 753.01, Orange County, California",1353,64,64,38,26,0,0,0,1289,545,468,77,744,444,300,06,059,075301
06059032032,"Census Tract 320.32, Orange County, California",672,11,11,11,0,0,0,0,661,397,318,79,264,181,83,06,059,032032
06059032035,"Census Tract 320.35, Orange County, California",447,3,3,3,0,0,0,0,444,163,112,51,281,134,147,06,059,032035
06059032038,"Census Tract 320.38, Orange County, California",1512,49,49,38,11,0,0,0,1463,971,650,321,492,306,186,06,059,032038
06059032050,"Census Tract 320.50, Orange County, California",1260,67,38,29,9,29,29,0,1193,718,605,113,475,358,117,06,059,032050
06059042111,"Census Tract 421.11, Orange County, California",1072,17,0,0,0,17,0,17,1055,510,429,81,545,399,146,06,059,042111
06059042317,"Census Tract 423.17, Orange County, California",504,12,12,12,0,0,0,0,492,233,162,71,259,183,76,06,059,042317
06059042320,"Census Tract 423.20, Orange County, California",1798,98,98,98,0,0,0,0,1700,577,443,134,1123,908,215,06,059,042320
06059042325,"Census Tract 423.25, Orange County, California",790,67,49,18,31,18,18,0,723,495,372,123,228,141,87,06,059,042325
06059052408,"Census Tract 524.08, Orange County, California",1354,45,20,20,0,25,25,0,1309,636,439,197,673,419,254,06,059,052408
06059001202,"Census Tract 12.02, Orange County, California",922,41,20,10,10,21,0,21,881,375,295,80,506,376,130,06,059,001202
06059001504,"Census Tract 15.04, Orange County, California",1143,150,127,81,46,23,0,23,993,535,444,91,458,356,102,06,059,001504
06059011102,"Census Tract 111.02, Orange County, California",1235,24,24,12,12,0,0,0,1211,438,347,91,773,442,331,06,059,011102
06059063007,"Census Tract 630.07, Orange County, California",1363,37,37,20,17,0,0,0,1326,666,382,284,660,454,206,06,059,063007
06059074405,"Census Tract 744.05, Orange County, California",1666,80,47,2,45,33,10,23,1586,801,433,368,785,524,261,06,059,074405
06059074406,"Census Tract 744.06, Orange County, California",933,59,37,0,37,22,10,12,874,414,223,191,460,255,205,06,059,074406
06111006500,"Census Tract 65, Ventura County, California",913,84,64,46,18,20,0,20,829,387,239,148,442,266,176,06,111,006500
06111006700,"Census Tract 67, Ventura County, California",583,27,27,20,7,0,0,0,556,268,193,75,288,202,86,06,111,006700
06111006900,"Census Tract 69, Ventura County, California",933,39,39,11,28,0,0,0,894,364,250,114,530,518,12,06,111,006900
06111007202,"Census Tract 72.02, Ventura County, California",753,27,27,27,0,0,0,0,726,369,246,123,357,274,83,06,111,007202
06111007505,"Census Tract 75.05, Ventura County, California",806,0,0,0,0,0,0,0,806,390,272,118,416,306,110,06,111,007505
06073018905,"Census Tract 189.05, San Diego County, California",2081,33,21,0,21,12,12,0,2048,882,543,339,1166,794,372,06,073,018905
06073019602,"Census Tract 196.02, San Diego County, California",1026,54,54,33,21,0,0,0,972,542,334,208,430,263,167,06,073,019602
06073019902,"Census Tract 199.02, San Diego County, California",1102,51,34,17,17,17,17,0,1051,411,329,82,640,555,85,06,073,019902
06073019905,"Census Tract 199.05, San Diego County, California",985,74,27,22,5,47,12,35,911,490,352,138,421,375,46,06,073,019905
06073020013,"Census Tract 200.13, San Diego County, California",3409,78,78,78,0,0,0,0,3331,1957,1502,455,1374,867,507,06,073,020013
06073020016,"Census Tract 200.16, San Diego County, California",1814,104,104,89,15,0,0,0,1710,1051,759,292,659,483,176,06,073,020016
06019004408,"Census Tract 44.08, Fresno County, California",991,46,24,20,4,22,0,22,945,224,180,44,721,657,64,06,019,004408
06019004409,"Census Tract 44.09, Fresno County, California",714,18,8,8,0,10,10,0,696,184,121,63,512,419,93,06,019,004409
06019004801,"Census Tract 48.01, Fresno County, California",1365,116,21,9,12,95,44,51,1249,599,356,243,650,408,242,06,019,004801
06019004802,"Census Tract 48.02, Fresno County, California",1096,44,27,8,19,17,17,0,1052,290,188,102,762,467,295,06,019,004802
06019004901,"Census Tract 49.01, Fresno County, California",864,114,37,15,22,77,76,1,750,283,190,93,467,291,176,06,019,004901
06019004902,"Census Tract 49.02, Fresno County, California",483,53,31,21,10,22,15,7,430,195,145,50,235,171,64,06,019,004902
06073020211,"Census Tract 202.11, San Diego County, California",1609,137,29,29,0,108,23,85,1472,665,468,197,807,604,203,06,073,020211
06073020304,"Census Tract 203.04, San Diego County, California",1518,107,89,70,19,18,18,0,1411,648,494,154,763,539,224,06,073,020304
06073020307,"Census Tract 203.07, San Diego County, California",1834,146,129,86,43,17,17,0,1688,676,505,171,1012,691,321,06,073,020307
06073020601,"Census Tract 206.01, San Diego County, California",1623,44,36,14,22,8,8,0,1579,710,478,232,869,556,313,06,073,020601
06073001100,"Census Tract 11, San Diego County, California",1086,84,73,73,0,11,0,11,1002,244,214,30,758,657,101,06,073,001100
06073001700,"Census Tract 17, San Diego County, California",1535,28,28,28,0,0,0,0,1507,475,283,192,1032,907,125,06,073,001700
06073001800,"Census Tract 18, San Diego County, California",1981,56,36,13,23,20,20,0,1925,448,341,107,1477,1255,222,06,073,001800
06073001900,"Census Tract 19, San Diego County, California",872,11,10,10,0,1,0,1,861,370,294,76,491,445,46,06,073,001900
06073002100,"Census Tract 21, San Diego County, California",1440,42,0,0,0,42,19,23,1398,440,371,69,958,827,131,06,073,002100
06073002401,"Census Tract 24.01, San Diego County, California",1285,20,20,10,10,0,0,0,1265,541,317,224,724,548,176,06,073,002401
06073002708,"Census Tract 27.08, San Diego County, California",1481,72,72,72,0,0,0,0,1409,489,272,217,920,697,223,06,073,002708
06073002709,"Census Tract 27.09, San Diego County, California",1006,16,16,8,8,0,0,0,990,389,215,174,601,483,118,06,073,002709
06073002803,"Census Tract 28.03, San Diego County, California",1471,51,31,31,0,20,20,0,1420,343,205,138,1077,1035,42,06,073,002803
06073002902,"Census Tract 29.02, San Diego County, California",1942,78,49,49,0,29,0,29,1864,542,365,177,1322,1005,317,06,073,002902
06073003115,"Census Tract 31.15, San Diego County, California",1700,88,45,39,6,43,30,13,1612,611,402,209,1001,724,277,06,073,003115
06073003202,"Census Tract 32.02, San Diego County, California",1090,14,6,6,0,8,8,0,1076,505,380,125,571,353,218,06,073,003202
06073003502,"Census Tract 35.02, San Diego County, California",1114,77,21,11,10,56,20,36,1037,509,362,147,528,354,174,06,073,003502
06073003602,"Census Tract 36.02, San Diego County, California",933,57,0,0,0,57,35,22,876,321,163,158,555,357,198,06,073,003602
06073004100,"Census Tract 41, San Diego County, California",2297,0,0,0,0,0,0,0,2297,879,507,372,1418,1125,293,06,073,004100
06073005100,"Census Tract 51, San Diego County, California",1639,56,56,17,39,0,0,0,1583,524,438,86,1059,765,294,06,073,005100
06073006100,"Census Tract 61, San Diego County, California",716,61,61,53,8,0,0,0,655,197,182,15,458,356,102,06,073,006100
06073007100,"Census Tract 71, San Diego County, California",641,0,0,0,0,0,0,0,641,300,160,140,341,267,74,06,073,007100
06073007302,"Census Tract 73.02, San Diego County, California",447,23,23,4,19,0,0,0,424,251,214,37,173,144,29,06,073,007302
06073008102,"Census Tract 81.02, San Diego County, California",726,34,34,17,17,0,0,0,692,406,236,170,286,243,43,06,073,008102
06073008333,"Census Tract 83.33, San Diego County, California",4518,244,221,139,82,23,0,23,4274,2453,1639,814,1821,1263,558,06,073,008333
06037134720,"Census Tract 1347.20, Los Angeles County, California",1186,24,18,0,18,6,6,0,1162,479,379,100,683,430,253,06,037,134720
06037137201,"Census Tract 1372.01, Los Angeles County, California",1533,138,138,100,38,0,0,0,1395,719,525,194,676,463,213,06,037,137201
06037137502,"Census Tract 1375.02, Los Angeles County, California",963,83,83,63,20,0,0,0,880,387,305,82,493,296,197,06,037,137502
06037137504,"Census Tract 1375.04, Los Angeles County, California",364,10,4,4,0,6,0,6,354,150,62,88,204,98,106,06,037,137504
06037139702,"Census Tract 1397.02, Los Angeles County, California",1077,17,17,0,17,0,0,0,1060,607,370,237,453,189,264,06,037,139702
06037143500,"Census Tract 1435, Los Angeles County, California",1552,88,32,15,17,56,56,0,1464,476,429,47,988,859,129,06,037,143500
06037181400,"Census Tract 1814, Los Angeles County, California",1081,57,48,19,29,9,0,9,1024,451,401,50,573,470,103,06,037,181400
06037189400,"Census Tract 1894, Los Angeles County, California",888,22,14,14,0,8,8,0,866,351,270,81,515,461,54,06,037,189400
06037185202,"Census Tract 1852.02, Los Angeles County, California",1101,14,0,0,0,14,0,14,1087,364,246,118,723,605,118,06,037,185202
06037188300,"Census Tract 1883, Los Angeles County, California",877,121,121,97,24,0,0,0,756,328,285,43,428,341,87,06,037,188300
06037189902,"Census Tract 1899.02, Los Angeles County, California",1649,38,14,14,0,24,10,14,1611,461,351,110,1150,1088,62,06,037,189902
06037190100,"Census Tract 1901, Los Angeles County, California",1405,49,49,49,0,0,0,0,1356,261,261,0,1095,969,126,06,037,190100
06037192300,"Census Tract 1923, Los Angeles County, California",805,25,25,25,0,0,0,0,780,237,186,51,543,487,56,06,037,192300
06037195100,"Census Tract 1951, Los Angeles County, California",1306,7,7,7,0,0,0,0,1299,578,483,95,721,661,60,06,037,195100
06037195720,"Census Tract 1957.20, Los Angeles County, California",494,39,21,6,15,18,18,0,455,94,73,21,361,303,58,06,037,195720
06037199201,"Census Tract 1992.01, Los Angeles County, California",1187,50,20,0,20,30,20,10,1137,400,285,115,737,522,215,06,037,199201
06037203200,"Census Tract 2032, Los Angeles County, California",1328,122,54,33,21,68,18,50,1206,404,210,194,802,528,274,06,037,203200
06037203800,"Census Tract 2038, Los Angeles County, California",1469,123,50,24,26,73,13,60,1346,524,370,154,822,428,394,06,037,203800
06037204700,"Census Tract 2047, Los Angeles County, California",1464,69,36,36,0,33,23,10,1395,703,468,235,692,443,249,06,037,204700
06111007510,"Census Tract 75.10, Ventura County, California",1076,82,82,48,34,0,0,0,994,576,409,167,418,274,144,06,111,007510
06111007511,"Census Tract 75.11, Ventura County, California",550,0,0,0,0,0,0,0,550,269,175,94,281,146,135,06,111,007511
06111007512,"Census Tract 75.12, Ventura County, California",1502,46,21,21,0,25,25,0,1456,528,392,136,928,659,269,06,111,007512
06111007513,"Census Tract 75.13, Ventura County, California",357,15,15,8,7,0,0,0,342,172,107,65,170,142,28,06,111,007513
06111007514,"Census Tract 75.14, Ventura County, California",1326,55,55,21,34,0,0,0,1271,641,380,261,630,527,103,06,111,007514
06111007609,"Census Tract 76.09, Ventura County, California",447,18,18,13,5,0,0,0,429,223,188,35,206,149,57,06,111,007609
06111007610,"Census Tract 76.10, Ventura County, California",1241,15,15,15,0,0,0,0,1226,634,548,86,592,370,222,06,111,007610
06111007611,"Census Tract 76.11, Ventura County, California",904,93,73,68,5,20,20,0,811,452,280,172,359,186,173,06,111,007611
06111007612,"Census Tract 76.12, Ventura County, California",1323,171,112,76,36,59,59,0,1152,370,236,134,782,574,208,06,111,007612
06111007613,"Census Tract 76.13, Ventura County, California",1082,96,96,44,52,0,0,0,986,598,427,171,388,271,117,06,111,007613
06111007614,"Census Tract 76.14, Ventura County, California",2314,66,66,66,0,0,0,0,2248,1016,683,333,1232,864,368,06,111,007614
06111008600,"Census Tract 86, Ventura County, California",2081,131,22,0,22,109,45,64,1950,600,304,296,1350,1030,320,06,111,008600
06111008700,"Census Tract 87, Ventura County, California",1419,173,96,58,38,77,54,23,1246,621,450,171,625,416,209,06,111,008700
06111008800,"Census Tract 88, Ventura County, California",1379,74,9,9,0,65,49,16,1305,487,434,53,818,555,263,06,111,008800
06073015301,"Census Tract 153.01, San Diego County, California",780,24,24,24,0,0,0,0,756,304,224,80,452,330,122,06,073,015301
06073015405,"Census Tract 154.05, San Diego County, California",1263,29,7,0,7,22,22,0,1234,648,558,90,586,412,174,06,073,015405
06073015602,"Census Tract 156.02, San Diego County, California",447,11,11,7,4,0,0,0,436,194,127,67,242,147,95,06,073,015602
06073015704,"Census Tract 157.04, San Diego County, California",931,101,86,46,40,15,15,0,830,389,221,168,441,371,70,06,073,015704
06073016100,"Census Tract 161, San Diego County, California",1356,205,41,41,0,164,164,0,1151,445,426,19,706,567,139,06,073,016100
06073016301,"Census Tract 163.01, San Diego County, California",1299,108,72,66,6,36,19,17,1191,582,297,285,609,375,234,06,073,016301
06073016605,"Census Tract 166.05, San Diego County, California",1340,35,35,35,0,0,0,0,1305,726,676,50,579,463,116,06,073,016605
06073016606,"Census Tract 166.06, San Diego County, California",955,51,51,44,7,0,0,0,904,504,347,157,400,313,87,06,073,016606
06073016607,"Census Tract 166.07, San Diego County, California",1351,60,60,0,60,0,0,0,1291,632,539,93,659,469,190,06,073,016607
06073016612,"Census Tract 166.12, San Diego County, California",1069,46,34,0,34,12,12,0,1023,630,576,54,393,291,102,06,073,016612
06073016802,"Census Tract 168.02, San Diego County, California",1213,44,19,0,19,25,18,7,1169,490,348,142,679,562,117,06,073,016802
06073016806,"Census Tract 168.06, San Diego County, California",1089,37,27,0,27,10,0,10,1052,599,336,263,453,364,89,06,073,016806
06073017030,"Census Tract 170.30, San Diego County, California",5292,317,317,191,126,0,0,0,4975,3540,2417,1123,1435,911,524,06,073,017030
06073017031,"Census Tract 170.31, San Diego County, California",1165,33,24,6,18,9,9,0,1132,533,370,163,599,430,169,06,073,017031
06073017042,"Census Tract 170.42, San Diego County, California",2049,114,114,38,76,0,0,0,1935,1218,839,379,717,431,286,06,073,017042
06073017044,"Census Tract 170.44, San Diego County, California",1416,111,111,87,24,0,0,0,1305,858,564,294,447,355,92,06,073,017044
06073017045,"Census Tract 170.45, San Diego County, California",590,27,27,18,9,0,0,0,563,347,234,113,216,116,100,06,073,017045
06073018700,"Census Tract 187, San Diego County, California",7140,1175,999,406,593,176,59,117,5965,4883,2462,2421,1082,1043,39,06,073,018700
06073018803,"Census Tract 188.03, San Diego County, California",820,59,59,44,15,0,0,0,761,442,328,114,319,225,94,06,073,018803
06073019106,"Census Tract 191.06, San Diego County, California",1862,48,35,24,11,13,2,11,1814,937,664,273,877,393,484,06,073,019106
06073019601,"Census Tract 196.01, San Diego County, California",1631,9,0,0,0,9,9,0,1622,752,484,268,870,784,86,06,073,019601
06073008200,"Census Tract 82, San Diego County, California",413,29,29,29,0,0,0,0,384,121,63,58,263,250,13,06,073,008200
06073008301,"Census Tract 83.01, San Diego County, California",471,5,5,0,5,0,0,0,466,263,131,132,203,116,87,06,073,008301
06073008305,"Census Tract 83.05, San Diego County, California",724,74,74,18,56,0,0,0,650,287,194,93,363,270,93,06,073,008305
06073008307,"Census Tract 83.07, San Diego County, California",668,17,17,12,5,0,0,0,651,286,235,51,365,275,90,06,073,008307
06073008324,"Census Tract 83.24, San Diego County, California",1315,14,14,14,0,0,0,0,1301,764,495,269,537,396,141,06,073,008324
06047000802,"Census Tract 8.02, Merced County, California",964,64,46,15,31,18,18,0,900,457,291,166,443,238,205,06,047,000802
06047000901,"Census Tract 9.01, Merced County, California",715,42,10,5,5,32,18,14,673,407,164,243,266,113,153,06,047,000901
06047000902,"Census Tract 9.02, Merced County, California",2148,29,29,16,13,0,0,0,2119,812,540,272,1307,836,471,06,047,000902
06047001200,"Census Tract 12, Merced County, California",1147,50,36,36,0,14,14,0,1097,462,313,149,635,394,241,06,047,001200
06047001401,"Census Tract 14.01, Merced County, California",1200,107,74,47,27,33,23,10,1093,410,248,162,683,302,381,06,047,001401
06031001100,"Census Tract 11, Kings County, California",1623,98,47,23,24,51,47,4,1525,627,273,354,898,429,469,06,031,001100
06073013503,"Census Tract 135.03, San Diego County, California",1563,124,14,0,14,110,110,0,1439,652,504,148,787,520,267,06,073,013503
06073013506,"Census Tract 135.06, San Diego County, California",923,123,34,11,23,89,37,52,800,368,282,86,432,292,140,06,073,013506
06073013702,"Census Tract 137.02, San Diego County, California",1511,91,56,35,21,35,0,35,1420,715,457,258,705,431,274,06,073,013702
06073014002,"Census Tract 140.02, San Diego County, California",1240,7,0,0,0,7,0,7,1233,448,271,177,785,500,285,06,073,014002
06073014101,"Census Tract 141.01, San Diego County, California",769,0,0,0,0,0,0,0,769,360,242,118,409,319,90,06,073,014101
06073014804,"Census Tract 148.04, San Diego County, California",870,15,15,15,0,0,0,0,855,396,290,106,459,272,187,06,073,014804
06073019904,"Census Tract 199.04, San Diego County, California",1964,26,9,9,0,17,17,0,1938,949,612,337,989,711,278,06,073,019904
06097153403,"Census Tract 1534.03, Sonoma County, California",797,30,9,0,9,21,21,0,767,376,302,74,391,347,44,06,097,153403
06097153801,"Census Tract 1538.01, Sonoma County, California",2410,62,62,36,26,0,0,0,2348,1287,919,368,1061,849,212,06,097,153801
06097150100,"Census Tract 1501, Sonoma County, California",424,16,16,12,4,0,0,0,408,174,101,73,234,179,55,06,097,150100
06097150603,"Census Tract 1506.03, Sonoma County, California",1424,42,42,0,42,0,0,0,1382,719,488,231,663,585,78,06,097,150603
06097150702,"Census Tract 1507.02, Sonoma County, California",991,0,0,0,0,0,0,0,991,600,451,149,391,330,61,06,097,150702
06097151000,"Census Tract 1510, Sonoma County, California",959,0,0,0,0,0,0,0,959,369,344,25,590,440,150,06,097,151000
06097151301,"Census Tract 1513.01, Sonoma County, California",1509,88,88,37,51,0,0,0,1421,551,350,201,870,631,239,06,097,151301
06097152203,"Census Tract 1522.03, Sonoma County, California",807,17,17,13,4,0,0,0,790,156,136,20,634,493,141,06,097,152203
06097153005,"Census Tract 1530.05, Sonoma County, California",1753,21,21,21,0,0,0,0,1732,932,778,154,800,577,223,06,097,153005
06097153200,"Census Tract 1532, Sonoma County, California",2145,184,184,26,158,0,0,0,1961,726,542,184,1235,855,380,06,097,153200
06097153502,"Census Tract 1535.02, Sonoma County, California",713,28,28,16,12,0,0,0,685,281,184,97,404,283,121,06,097,153502
06097153704,"Census Tract 1537.04, Sonoma County, California",839,0,0,0,0,0,0,0,839,337,243,94,502,432,70,06,097,153704
06097153901,"Census Tract 1539.01, Sonoma County, California",1081,24,24,24,0,0,0,0,1057,519,473,46,538,279,259,06,097,153901
06097150902,"Census Tract 1509.02, Sonoma County, California",680,90,90,90,0,0,0,0,590,337,296,41,253,204,49,06,097,150902
06097151306,"Census Tract 1513.06, Sonoma County, California",829,52,52,52,0,0,0,0,777,324,251,73,453,393,60,06,097,151306
06097153903,"Census Tract 1539.03, Sonoma County, California",735,44,19,19,0,25,25,0,691,348,248,100,343,305,38,06,097,153903
06097154100,"Census Tract 1541, Sonoma County, California",594,63,46,27,19,17,2,15,531,257,182,75,274,222,52,06,097,154100
06067006900,"Census Tract 69, Sacramento County, California",891,41,18,18,0,23,23,0,850,281,38,243,569,355,214,06,067,006900
06067008137,"Census Tract 81.37, Sacramento County, California",567,23,23,0,23,0,0,0,544,289,219,70,255,195,60,06,067,008137
06067008210,"Census Tract 82.10, Sacramento County, California",1032,0,0,0,0,0,0,0,1032,596,483,113,436,302,134,06,067,008210
06067008404,"Census Tract 84.04, Sacramento County, California",779,29,7,7,0,22,22,0,750,296,166,130,454,339,115,06,067,008404
06013389100,"Census Tract 3891, Contra Costa County, California",536,11,11,11,0,0,0,0,525,245,185,60,280,210,70,06,013,389100
06013389200,"Census Tract 3892, Contra Costa County, California",506,41,36,3,33,5,5,0,465,288,196,92,177,159,18,06,013,389200
06013305000,"Census Tract 3050, Contra Costa County, California",1364,108,68,0,68,40,40,0,1256,460,271,189,796,710,86,06,013,305000
06013312000,"Census Tract 3120, Contra Costa County, California",637,57,15,0,15,42,5,37,580,200,157,43,380,290,90,06,013,312000
06013314104,"Census Tract 3141.04, Contra Costa County, California",1945,180,118,94,24,62,62,0,1765,962,628,334,803,586,217,06,013,314104
06013315000,"Census Tract 3150, Contra Costa County, California",1030,108,91,46,45,17,17,0,922,348,317,31,574,416,158,06,013,315000
06013320001,"Census Tract 3200.01, Contra Costa County, California",904,9,9,9,0,0,0,0,895,458,314,144,437,221,216,06,013,320001
06013307205,"Census Tract 3072.05, Contra Costa County, California",1908,42,42,42,0,0,0,0,1866,602,312,290,1264,935,329,06,013,307205
06013308001,"Census Tract 3080.01, Contra Costa County, California",1703,89,76,60,16,13,13,0,1614,661,380,281,953,675,278,06,013,308001
06013314200,"Census Tract 3142, Contra Costa County, California",1919,57,28,0,28,29,26,3,1862,745,332,413,1117,735,382,06,013,314200
06037480201,"Census Tract 4802.01, Los Angeles County, California",851,52,52,28,24,0,0,0,799,479,400,79,320,222,98,06,037,480201
06037480901,"Census Tract 4809.01, Los Angeles County, California",1549,31,8,0,8,23,0,23,1518,534,441,93,984,742,242,06,037,480901
06037481300,"Census Tract 4813, Los Angeles County, California",783,17,0,0,0,17,11,6,766,221,195,26,545,440,105,06,037,481300
06037481603,"Census Tract 4816.03, Los Angeles County, California",876,26,17,7,10,9,9,0,850,489,332,157,361,251,110,06,037,481603
06037481714,"Census Tract 4817.14, Los Angeles County, California",672,21,21,16,5,0,0,0,651,278,201,77,373,227,146,06,037,481714
06037482301,"Census Tract 4823.01, Los Angeles County, California",1032,81,75,75,0,6,0,6,951,441,324,117,510,365,145,06,037,482301
06037482401,"Census Tract 4824.01, Los Angeles County, California",814,33,33,27,6,0,0,0,781,371,232,139,410,326,84,06,037,482401
06037482600,"Census Tract 4826, Los Angeles County, California",1268,55,34,15,19,21,0,21,1213,551,396,155,662,551,111,06,037,482600
06011000200,"Census Tract 2, Colusa County, California",927,133,85,85,0,48,13,35,794,373,272,101,421,260,161,06,011,000200
06011000400,"Census Tract 4, Colusa County, California",422,35,23,21,2,12,0,12,387,232,158,74,155,90,65,06,011,000400
06011000500,"Census Tract 5, Colusa County, California",575,7,0,0,0,7,0,7,568,284,245,39,284,147,137,06,011,000500
06021010502,"Census Tract 105.02, Glenn County, California",273,21,14,11,3,7,7,0,252,145,68,77,107,60,47,06,021,010502
06021010100,"Census Tract 101, Glenn County, California",2035,66,39,19,20,27,0,27,1969,1123,752,371,846,477,369,06,021,010100
06021010200,"Census Tract 102, Glenn County, California",900,59,21,14,7,38,38,0,841,508,392,116,333,131,202,06,021,010200
06021010400,"Census Tract 104, Glenn County, California",1680,196,196,130,66,0,0,0,1484,736,525,211,748,449,299,06,021,010400
06021010300,"Census Tract 103, Glenn County, California",306,48,33,0,33,15,4,11,258,124,59,65,134,70,64,06,021,010300
06037552900,"Census Tract 5529, Los Angeles County, California",2003,138,28,28,0,110,38,72,1865,693,472,221,1172,676,496,06,037,552900
06037553100,"Census Tract 5531, Los Angeles County, California",1657,35,35,27,8,0,0,0,1622,622,467,155,1000,654,346,06,037,553100
06037553701,"Census Tract 5537.01, Los Angeles County, California",1013,49,0,0,0,49,33,16,964,399,201,198,565,381,184,06,037,553701
06037553901,"Census Tract 5539.01, Los Angeles County, California",1612,85,41,19,22,44,44,0,1527,639,513,126,888,619,269,06,037,553901
06037554516,"Census Tract 5545.16, Los Angeles County, California",811,11,11,11,0,0,0,0,800,347,259,88,453,357,96,06,037,554516
06037555104,"Census Tract 5551.04, Los Angeles County, California",1039,52,48,48,0,4,4,0,987,482,405,77,505,434,71,06,037,555104
06037570002,"Census Tract 5700.02, Los Angeles County, California",844,33,23,23,0,10,10,0,811,330,258,72,481,312,169,06,037,570002
06037570204,"Census Tract 5702.04, Los Angeles County, California",1036,82,0,0,0,82,82,0,954,400,292,108,554,438,116,06,037,570204
06037572002,"Census Tract 5720.02, Los Angeles County, California",1216,127,77,70,7,50,50,0,1089,481,406,75,608,425,183,06,037,572002
06037572201,"Census Tract 5722.01, Los Angeles County, California",1553,46,10,7,3,36,0,36,1507,691,462,229,816,477,339,06,037,572201
06037573402,"Census Tract 5734.02, Los Angeles County, California",1871,68,68,53,15,0,0,0,1803,525,509,16,1278,965,313,06,037,573402
06037574100,"Census Tract 5741, Los Angeles County, California",1165,57,44,44,0,13,13,0,1108,619,428,191,489,346,143,06,037,574100
06037574400,"Census Tract 5744, Los Angeles County, California",1115,77,77,59,18,0,0,0,1038,481,424,57,557,285,272,06,037,574400
06037143602,"Census Tract 1436.02, Los Angeles County, California",1003,0,0,0,0,0,0,0,1003,592,416,176,411,315,96,06,037,143602
06037139303,"Census Tract 1393.03, Los Angeles County, California",1113,106,106,77,29,0,0,0,1007,304,222,82,703,591,112,06,037,139303
06037139600,"Census Tract 1396, Los Angeles County, California",1030,0,0,0,0,0,0,0,1030,534,403,131,496,322,174,06,037,139600
06037139701,"Census Tract 1397.01, Los Angeles County, California",1301,85,85,5,80,0,0,0,1216,676,479,197,540,324,216,06,037,139701
06037183101,"Census Tract 1831.01, Los Angeles County, California",797,55,24,16,8,31,18,13,742,259,200,59,483,362,121,06,037,183101
06037185310,"Census Tract 1853.10, Los Angeles County, California",886,38,15,0,15,23,13,10,848,314,196,118,534,431,103,06,037,185310
06037186401,"Census Tract 1864.01, Los Angeles County, California",974,28,5,5,0,23,23,0,946,336,177,159,610,434,176,06,037,186401
06037189701,"Census Tract 1897.01, Los Angeles County, California",785,0,0,0,0,0,0,0,785,285,227,58,500,379,121,06,037,189701
06037190700,"Census Tract 1907, Los Angeles County, California",963,48,48,0,48,0,0,0,915,65,63,2,850,783,67,06,037,190700
06037190902,"Census Tract 1909.02, Los Angeles County, California",875,0,0,0,0,0,0,0,875,314,230,84,561,456,105,06,037,190902
06037191110,"Census Tract 1911.10, Los Angeles County, California",861,8,8,8,0,0,0,0,853,231,199,32,622,505,117,06,037,191110
06037191500,"Census Tract 1915, Los Angeles County, California",1573,67,20,10,10,47,33,14,1506,487,367,120,1019,778,241,06,037,191500
06037192410,"Census Tract 1924.10, Los Angeles County, California",1190,0,0,0,0,0,0,0,1190,370,256,114,820,695,125,06,037,192410
06037192420,"Census Tract 1924.20, Los Angeles County, California",1054,45,45,9,36,0,0,0,1009,395,253,142,614,565,49,06,037,192420
06037540700,"Census Tract 5407, Los Angeles County, California",847,56,16,0,16,40,19,21,791,254,167,87,537,386,151,06,037,540700
06037404702,"Census Tract 4047.02, Los Angeles County, California",1529,35,26,5,21,9,0,9,1494,567,361,206,927,673,254,06,037,404702
06037403721,"Census Tract 4037.21, Los Angeles County, California",1006,72,7,7,0,65,25,40,934,508,393,115,426,319,107,06,037,403721
06037403901,"Census Tract 4039.01, Los Angeles County, California",778,17,5,5,0,12,6,6,761,292,211,81,469,329,140,06,037,403901
06037404100,"Census Tract 4041, Los Angeles County, California",1765,126,33,25,8,93,82,11,1639,810,585,225,829,492,337,06,037,404100
06037404802,"Census Tract 4048.02, Los Angeles County, California",1205,34,34,34,0,0,0,0,1171,616,447,169,555,398,157,06,037,404802
06037405001,"Census Tract 4050.01, Los Angeles County, California",1297,81,36,22,14,45,24,21,1216,619,298,321,597,369,228,06,037,405001
06037406601,"Census Tract 4066.01, Los Angeles County, California",1310,51,38,34,4,13,13,0,1259,505,423,82,754,446,308,06,037,406601
06001451503,"Census Tract 4515.03, Alameda County, California",1352,55,55,55,0,0,0,0,1297,783,563,220,514,384,130,06,001,451503
06001409300,"Census Tract 4093, Alameda County, California",1411,56,56,16,40,0,0,0,1355,468,287,181,887,627,260,06,001,409300
06001409700,"Census Tract 4097, Alameda County, California",1558,72,48,34,14,24,0,24,1486,471,309,162,1015,716,299,06,001,409700
06001451300,"Census Tract 4513, Alameda County, California",1647,164,139,79,60,25,0,25,1483,782,609,173,701,555,146,06,001,451300
06001402400,"Census Tract 4024, Alameda County, California",987,40,0,0,0,40,40,0,947,146,99,47,801,600,201,06,001,402400
06001404300,"Census Tract 4043, Alameda County, California",663,80,53,53,0,27,27,0,583,294,236,58,289,214,75,06,001,404300
06001404800,"Census Tract 4048, Alameda County, California",588,26,26,26,0,0,0,0,562,234,185,49,328,240,88,06,001,404800
06001406202,"Census Tract 4062.02, Alameda County, California",1236,89,37,0,37,52,40,12,1147,301,139,162,846,557,289,06,001,406202
06001406400,"Census Tract 4064, Alameda County, California",681,40,32,10,22,8,8,0,641,178,130,48,463,302,161,06,001,406400
06075035400,"Census Tract 354, San Francisco County, California",1769,103,103,80,23,0,0,0,1666,466,372,94,1200,973,227,06,075,035400
06075015900,"Census Tract 159, San Francisco County, California",1198,41,0,0,0,41,34,7,1157,303,153,150,854,655,199,06,075,015900
06075016000,"Census Tract 160, San Francisco County, California",708,12,12,12,0,0,0,0,696,221,134,87,475,424,51,06,075,016000
06075010500,"Census Tract 105, San Francisco County, California",673,32,16,0,16,16,0,16,641,249,183,66,392,303,89,06,075,010500
06075011300,"Census Tract 113, San Francisco County, California",522,34,34,0,34,0,0,0,488,139,89,50,349,256,93,06,075,011300
06075015200,"Census Tract 152, San Francisco County, California",1215,0,0,0,0,0,0,0,1215,377,349,28,838,748,90,06,075,015200
06075017700,"Census Tract 177, San Francisco County, California",571,15,9,0,9,6,6,0,556,229,183,46,327,261,66,06,075,017700
06075022702,"Census Tract 227.02, San Francisco County, California",673,29,29,22,7,0,0,0,644,248,186,62,396,349,47,06,075,022702
06075022801,"Census Tract 228.01, San Francisco County, California",1458,76,57,47,10,19,19,0,1382,502,430,72,880,702,178,06,075,022801
06075023103,"Census Tract 231.03, San Francisco County, California",775,54,27,9,18,27,14,13,721,75,29,46,646,402,244,06,075,023103
06075025900,"Census Tract 259, San Francisco County, California",1221,90,59,56,3,31,31,0,1131,437,373,64,694,553,141,06,075,025900
06075026003,"Census Tract 260.03, San Francisco County, California",1104,18,14,14,0,4,4,0,1086,479,427,52,607,444,163,06,075,026003
06073020207,"Census Tract 202.07, San Diego County, California",1597,120,32,32,0,88,57,31,1477,572,282,290,905,712,193,06,073,020207
06073020706,"Census Tract 207.06, San Diego County, California",1401,90,57,47,10,33,33,0,1311,470,281,189,841,486,355,06,073,020706
06073020806,"Census Tract 208.06, San Diego County, California",1338,134,97,48,49,37,0,37,1204,563,374,189,641,510,131,06,073,020806
06073020902,"Census Tract 209.02, San Diego County, California",391,23,12,0,12,11,11,0,368,184,85,99,184,146,38,06,073,020902
06073020904,"Census Tract 209.04, San Diego County, California",279,0,0,0,0,0,0,0,279,158,65,93,121,91,30,06,073,020904
06073008327,"Census Tract 83.27, San Diego County, California",998,60,60,29,31,0,0,0,938,746,600,146,192,131,61,06,073,008327
06073008502,"Census Tract 85.02, San Diego County, California",1956,49,24,0,24,25,25,0,1907,819,629,190,1088,779,309,06,073,008502
06073008507,"Census Tract 85.07, San Diego County, California",2133,96,96,96,0,0,0,0,2037,815,571,244,1222,911,311,06,073,008507
06067007416,"Census Tract 74.16, Sacramento County, California",873,15,15,7,8,0,0,0,858,245,118,127,613,374,239,06,067,007416
06067007503,"Census Tract 75.03, Sacramento County, California",1509,41,41,12,29,0,0,0,1468,611,429,182,857,616,241,06,067,007503
06067007702,"Census Tract 77.02, Sacramento County, California",829,62,52,26,26,10,10,0,767,435,342,93,332,213,119,06,067,007702
06067008111,"Census Tract 81.11, Sacramento County, California",1234,18,18,18,0,0,0,0,1216,543,362,181,673,522,151,06,067,008111
06067008117,"Census Tract 81.17, Sacramento County, California",523,59,41,0,41,18,5,13,464,193,181,12,271,178,93,06,067,008117
06067008130,"Census Tract 81.30, Sacramento County, California",1093,78,14,14,0,64,25,39,1015,402,210,192,613,389,224,06,067,008130
06067008133,"Census Tract 81.33, Sacramento County, California",766,23,10,10,0,13,13,0,743,266,156,110,477,413,64,06,067,008133
06073018906,"Census Tract 189.06, San Diego County, California",1647,64,34,16,18,30,19,11,1583,803,447,356,780,610,170,06,073,018906
06073019002,"Census Tract 190.02, San Diego County, California",377,27,11,3,8,16,16,0,350,177,89,88,173,68,105,06,073,019002
06073019205,"Census Tract 192.05, San Diego County, California",1599,58,58,58,0,0,0,0,1541,752,589,163,789,526,263,06,073,019205
06073020019,"Census Tract 200.19, San Diego County, California",1125,93,93,20,73,0,0,0,1032,727,503,224,305,228,77,06,073,020019
06073020305,"Census Tract 203.05, San Diego County, California",1598,163,105,80,25,58,58,0,1435,653,400,253,782,537,245,06,073,020305
06073020707,"Census Tract 207.07, San Diego County, California",1382,83,59,19,40,24,24,0,1299,609,420,189,690,552,138,06,073,020707
06073020807,"Census Tract 208.07, San Diego County, California",576,19,19,10,9,0,0,0,557,227,133,94,330,293,37,06,073,020807
06073021100,"Census Tract 211, San Diego County, California",1686,12,9,4,5,3,0,3,1674,1070,581,489,604,345,259,06,073,021100
06073021303,"Census Tract 213.03, San Diego County, California",1621,51,51,51,0,0,0,0,1570,943,587,356,627,293,334,06,073,021303
06073008303,"Census Tract 83.03, San Diego County, California",516,45,45,27,18,0,0,0,471,227,156,71,244,168,76,06,073,008303
06073008306,"Census Tract 83.06, San Diego County, California",454,0,0,0,0,0,0,0,454,328,233,95,126,94,32,06,073,008306
06073008310,"Census Tract 83.10, San Diego County, California",1226,28,28,16,12,0,0,0,1198,608,427,181,590,222,368,06,073,008310
06073008329,"Census Tract 83.29, San Diego County, California",2352,250,121,90,31,129,89,40,2102,1031,731,300,1071,918,153,06,073,008329
06073008340,"Census Tract 83.40, San Diego County, California",3596,348,348,265,83,0,0,0,3248,865,495,370,2383,1981,402,06,073,008340
06073008341,"Census Tract 83.41, San Diego County, California",2924,74,74,39,35,0,0,0,2850,616,409,207,2234,1168,1066,06,073,008341
06073008350,"Census Tract 83.50, San Diego County, California",1707,162,162,61,101,0,0,0,1545,628,437,191,917,713,204,06,073,008350
06073008358,"Census Tract 83.58, San Diego County, California",1666,94,94,80,14,0,0,0,1572,707,540,167,865,677,188,06,073,008358
06037980028,"Census Tract 9800.28, Los Angeles County, California",0,0,0,0,0,0,0,0,0,0,0,0,0,0,0,06,037,980028
06037990100,"Census Tract 9901, Los Angeles County, California",0,0,0,0,0,0,0,0,0,0,0,0,0,0,0,06,037,990100
06037990300,"Census Tract 9903, Los Angeles County, California",0,0,0,0,0,0,0,0,0,0,0,0,0,0,0,06,037,990300
06039000106,"Census Tract 1.06, Madera County, California",1111,39,27,27,0,12,12,0,1072,551,355,196,521,249,272,06,039,000106
06039000109,"Census Tract 1.09, Madera County, California",393,0,0,0,0,0,0,0,393,208,133,75,185,82,103,06,039,000109
06037990200,"Census Tract 9902, Los Angeles County, California",0,0,0,0,0,0,0,0,0,0,0,0,0,0,0,06,037,990200
06039000108,"Census Tract 1.08, Madera County, California",1156,211,115,4,111,96,96,0,945,409,261,148,536,404,132,06,039,000108
06039000201,"Census Tract 2.01, Madera County, California",4301,91,49,13,36,42,0,42,4210,751,49,702,3459,85,3374,06,039,000201
06081608501,"Census Tract 6085.01, San Mateo County, California",1041,42,42,22,20,0,0,0,999,524,424,100,475,380,95,06,081,608501
06081605300,"Census Tract 6053, San Mateo County, California",1034,80,80,80,0,0,0,0,954,571,416,155,383,306,77,06,081,605300
06081605600,"Census Tract 6056, San Mateo County, California",982,20,20,14,6,0,0,0,962,591,317,274,371,237,134,06,081,605600
06081606400,"Census Tract 6064, San Mateo County, California",1076,84,55,55,0,29,29,0,992,464,347,117,528,480,48,06,081,606400
06081606800,"Census Tract 6068, San Mateo County, California",722,34,34,22,12,0,0,0,688,333,259,74,355,245,110,06,081,606800
06081608800,"Census Tract 6088, San Mateo County, California",1222,44,44,44,0,0,0,0,1178,825,675,150,353,278,75,06,081,608800
06081608900,"Census Tract 6089, San Mateo County, California",1701,60,60,43,17,0,0,0,1641,996,733,263,645,549,96,06,081,608900
06081609100,"Census Tract 6091, San Mateo County, California",335,15,15,9,6,0,0,0,320,206,195,11,114,97,17,06,081,609100
06081610100,"Census Tract 6101, San Mateo County, California",729,32,28,22,6,4,4,0,697,339,265,74,358,288,70,06,081,610100
06081610400,"Census Tract 6104, San Mateo County, California",1488,56,19,9,10,37,37,0,1432,710,341,369,722,521,201,06,081,610400
06081611500,"Census Tract 6115, San Mateo County, California",489,9,9,5,4,0,0,0,480,291,146,145,189,100,89,06,081,611500
06081612500,"Census Tract 6125, San Mateo County, California",1033,93,93,93,0,0,0,0,940,646,423,223,294,166,128,06,081,612500
06081613501,"Census Tract 6135.01, San Mateo County, California",1099,90,58,37,21,32,32,0,1009,462,372,90,547,487,60,06,081,613501
06081610201,"Census Tract 6102.01, San Mateo County, California",1250,38,38,0,38,0,0,0,1212,554,408,146,658,368,290,06,081,610201
06081610202,"Census Tract 6102.02, San Mateo County, California",662,23,23,23,0,0,0,0,639,386,282,104,253,226,27,06,081,610202
06081610303,"Census Tract 6103.03, San Mateo County, California",2041,129,129,112,17,0,0,0,1912,1212,990,222,700,555,145,06,081,610303
06107002904,"Census Tract 29.04, Tulare County, California",1168,45,45,24,21,0,0,0,1123,428,220,208,695,337,358,06,107,002904
06099001300,"Census Tract 13, Stanislaus County, California",1062,38,27,14,13,11,11,0,1024,500,268,232,524,460,64,06,099,001300
06099001400,"Census Tract 14, Stanislaus County, California",1273,58,22,22,0,36,35,1,1215,451,283,168,764,325,439,06,099,001400
06099001604,"Census Tract 16.04, Stanislaus County, California",1000,11,4,0,4,7,0,7,989,401,197,204,588,399,189,06,099,001604
06099000203,"Census Tract 2.03, Stanislaus County, California",2169,198,58,44,14,140,49,91,1971,1030,704,326,941,620,321,06,099,000203
06099000301,"Census Tract 3.01, Stanislaus County, California",516,35,35,0,35,0,0,0,481,180,73,107,301,150,151,06,099,000301
06099000503,"Census Tract 5.03, Stanislaus County, California",1411,59,17,17,0,42,10,32,1352,658,466,192,694,503,191,06,099,000503
06099000504,"Census Tract 5.04, Stanislaus County, California",1477,155,94,35,59,61,61,0,1322,705,468,237,617,407,210,06,099,000504
06099000506,"Census Tract 5.06, Stanislaus County, California",1047,26,10,10,0,16,16,0,1021,396,239,157,625,394,231,06,099,000506
06099000601,"Census Tract 6.01, Stanislaus County, California",856,28,18,0,18,10,10,0,828,402,302,100,426,232,194,06,099,000601
06099000805,"Census Tract 8.05, Stanislaus County, California",1530,93,69,57,12,24,24,0,1437,766,408,358,671,424,247,06,099,000805
06099002701,"Census Tract 27.01, Stanislaus County, California",955,20,20,0,20,0,0,0,935,395,312,83,540,375,165,06,099,002701
06099001500,"Census Tract 15, Stanislaus County, California",1846,253,143,98,45,110,75,35,1593,498,392,106,1095,670,425,06,099,001500
06099002004,"Census Tract 20.04, Stanislaus County, California",1701,106,98,62,36,8,8,0,1595,599,412,187,996,655,341,06,099,002004
06099002100,"Census Tract 21, Stanislaus County, California",776,37,8,0,8,29,4,25,739,292,158,134,447,265,182,06,099,002100
06099003001,"Census Tract 30.01, Stanislaus County, California",2074,188,171,119,52,17,0,17,1886,861,617,244,1025,637,388,06,099,003001
06099003500,"Census Tract 35, Stanislaus County, California",2610,50,13,13,0,37,0,37,2560,1263,768,495,1297,913,384,06,099,003500
06099003603,"Census Tract 36.03, Stanislaus County, California",718,45,45,20,25,0,0,0,673,290,138,152,383,298,85,06,099,003603
06099003909,"Census Tract 39.09, Stanislaus County, California",1647,56,56,15,41,0,0,0,1591,476,370,106,1115,858,257,06,099,003909
06099000101,"Census Tract 1.01, Stanislaus County, California",773,18,18,14,4,0,0,0,755,446,368,78,309,197,112,06,099,000101
06085503508,"Census Tract 5035.08, Santa Clara County, California",1527,55,24,13,11,31,0,31,1472,714,574,140,758,632,126,06,085,503508
06031001602,"Census Tract 16.02, Kings County, California",5,0,0,0,0,0,0,0,5,0,0,0,5,0,5,06,031,001602
06031000100,"Census Tract 1, Kings County, California",667,33,33,22,11,0,0,0,634,304,250,54,330,141,189,06,031,000100
06031000402,"Census Tract 4.02, Kings County, California",1500,59,59,25,34,0,0,0,1441,680,436,244,761,468,293,06,031,000402
06031000405,"Census Tract 4.05, Kings County, California",1743,120,43,29,14,77,52,25,1623,780,459,321,843,694,149,06,031,000405
06031001001,"Census Tract 10.01, Kings County, California",919,23,15,15,0,8,0,8,896,457,384,73,439,335,104,06,031,001001
06031001601,"Census Tract 16.01, Kings County, California",999,54,12,0,12,42,0,42,945,461,244,217,484,257,227,06,031,001601
06031001003,"Census Tract 10.03, Kings County, California",1711,169,74,66,8,95,95,0,1542,576,401,175,966,474,492,06,031,001003
06063000100,"Census Tract 1, Plumas County, California",1173,34,0,0,0,34,34,0,1139,525,382,143,614,351,263,06,063,000100
06063000400,"Census Tract 4, Plumas County, California",454,16,0,0,0,16,16,0,438,172,109,63,266,192,74,06,063,000400
06063000201,"Census Tract 2.01, Plumas County, California",121,25,20,20,0,5,0,5,96,64,64,0,32,15,17,06,063,000201
06063000202,"Census Tract 2.02, Plumas County, California",166,11,0,0,0,11,11,0,155,96,82,14,59,28,31,06,063,000202
06063000300,"Census Tract 3, Plumas County, California",682,37,23,23,0,14,14,0,645,289,194,95,356,265,91,06,063,000300
06079012302,"Census Tract 123.02, San Luis Obispo County, California",793,0,0,0,0,0,0,0,793,519,403,116,274,128,146,06,079,012302
06079012702,"Census Tract 127.02, San Luis Obispo County, California",1043,0,0,0,0,0,0,0,1043,385,321,64,658,484,174,06,079,012702
06079010201,"Census Tract 102.01, San Luis Obispo County, California",1491,15,15,0,15,0,0,0,1476,725,597,128,751,509,242,06,079,010201
06079010902,"Census Tract 109.02, San Luis Obispo County, California",1559,10,10,0,10,0,0,0,1549,35,26,9,1514,921,593,06,079,010902
06079012000,"Census Tract 120, San Luis Obispo County, California",1826,57,57,57,0,0,0,0,1769,808,496,312,961,677,284,06,079,012000
06079012800,"Census Tract 128, San Luis Obispo County, California",68,0,0,0,0,0,0,0,68,11,6,5,57,51,6,06,079,012800
06079011400,"Census Tract 114, San Luis Obispo County, California",6,0,0,0,0,0,0,0,6,6,0,6,0,0,0,06,079,011400
06079011901,"Census Tract 119.01, San Luis Obispo County, California",692,26,26,14,12,0,0,0,666,272,231,41,394,283,111,06,079,011901
06079012200,"Census Tract 122, San Luis Obispo County, California",1635,29,29,0,29,0,0,0,1606,849,598,251,757,642,115,06,079,012200
06079012503,"Census Tract 125.03, San Luis Obispo County, California",1492,84,68,68,0,16,0,16,1408,729,583,146,679,552,127,06,079,012503
06079010202,"Census Tract 102.02, San Luis Obispo County, California",878,78,48,10,38,30,11,19,800,603,364,239,197,183,14,06,079,010202
06079011103,"Census Tract 111.03, San Luis Obispo County, California",504,0,0,0,0,0,0,0,504,185,108,77,319,256,63,06,079,011103
06079012600,"Census Tract 126, San Luis Obispo County, California",1607,22,17,17,0,5,0,5,1585,864,729,135,721,519,202,06,079,012600
06079011200,"Census Tract 112, San Luis Obispo County, California",3601,19,19,19,0,0,0,0,3582,348,320,28,3234,2034,1200,06,079,011200
06079011300,"Census Tract 113, San Luis Obispo County, California",1815,79,42,14,28,37,37,0,1736,605,449,156,1131,918,213,06,079,011300
06059032051,"Census Tract 320.51, Orange County, California",1311,34,19,0,19,15,15,0,1277,606,493,113,671,614,57,06,059,032051
06075012302,"Census Tract 123.02, San Francisco County, California",830,7,7,0,7,0,0,0,823,166,132,34,657,479,178,06,075,012302
06075012401,"Census Tract 124.01, San Francisco County, California",1067,11,0,0,0,11,11,0,1056,317,257,60,739,548,191,06,075,012401
06075012402,"Census Tract 124.02, San Francisco County, California",1235,30,0,0,0,30,30,0,1205,396,342,54,809,588,221,06,075,012402
06075012501,"Census Tract 125.01, San Francisco County, California",672,0,0,0,0,0,0,0,672,360,309,51,312,210,102,06,075,012501
06075012502,"Census Tract 125.02, San Francisco County, California",634,51,41,41,0,10,10,0,583,203,117,86,380,300,80,06,075,012502
06075012601,"Census Tract 126.01, San Francisco County, California",1002,54,54,34,20,0,0,0,948,344,325,19,604,552,52,06,075,012601
06075012602,"Census Tract 126.02, San Francisco County, California",1009,10,10,10,0,0,0,0,999,374,300,74,625,603,22,06,075,012602
06075012901,"Census Tract 129.01, San Francisco County, California",938,66,66,65,1,0,0,0,872,270,239,31,602,574,28,06,075,012901
06075012902,"Census Tract 129.02, San Francisco County, California",1720,57,57,38,19,0,0,0,1663,343,263,80,1320,1284,36,06,075,012902
06075013101,"Census Tract 131.01, San Francisco County, California",1486,86,86,72,14,0,0,0,1400,469,454,15,931,877,54,06,075,013101
06075013102,"Census Tract 131.02, San Francisco County, California",1079,29,29,16,13,0,0,0,1050,377,321,56,673,612,61,06,075,013102
06075015801,"Census Tract 158.01, San Francisco County, California",1066,0,0,0,0,0,0,0,1066,405,360,45,661,588,73,06,075,015801
06075015802,"Census Tract 158.02, San Francisco County, California",1021,117,117,117,0,0,0,0,904,253,210,43,651,635,16,06,075,015802
06075016801,"Census Tract 168.01, San Francisco County, California",1115,51,51,9,42,0,0,0,1064,240,234,6,824,769,55,06,075,016801
06075016802,"Census Tract 168.02, San Francisco County, California",1156,56,56,13,43,0,0,0,1100,284,279,5,816,661,155,06,075,016802
06075017101,"Census Tract 171.01, San Francisco County, California",1082,18,18,18,0,0,0,0,1064,451,431,20,613,557,56,06,075,017101
06067009107,"Census Tract 91.07, Sacramento County, California",570,51,51,51,0,0,0,0,519,252,154,98,267,195,72,06,067,009107
06067009403,"Census Tract 94.03, Sacramento County, California",308,5,0,0,0,5,0,5,303,199,103,96,104,61,43,06,067,009403
06067001400,"Census Tract 14, Sacramento County, California",883,0,0,0,0,0,0,0,883,207,207,0,676,610,66,06,067,001400
06067002600,"Census Tract 26, Sacramento County, California",696,0,0,0,0,0,0,0,696,344,298,46,352,315,37,06,067,002600
06067002700,"Census Tract 27, Sacramento County, California",1168,50,25,25,0,25,9,16,1118,343,270,73,775,563,212,06,067,002700
06067003800,"Census Tract 38, Sacramento County, California",1412,50,22,18,4,28,17,11,1362,387,368,19,975,618,357,06,067,003800
06067004001,"Census Tract 40.01, Sacramento County, California",1230,35,35,22,13,0,0,0,1195,526,448,78,669,555,114,06,067,004001
06067004100,"Census Tract 41, Sacramento County, California",1126,84,34,22,12,50,50,0,1042,580,401,179,462,357,105,06,067,004100
06067004601,"Census Tract 46.01, Sacramento County, California",1906,67,53,0,53,14,0,14,1839,649,428,221,1190,814,376,06,067,004601
06067004802,"Census Tract 48.02, Sacramento County, California",1140,38,17,8,9,21,11,10,1102,478,315,163,624,421,203,06,067,004802
06067004904,"Census Tract 49.04, Sacramento County, California",1436,84,10,0,10,74,5,69,1352,601,430,171,751,546,205,06,067,004904
06067005502,"Census Tract 55.02, Sacramento County, California",1392,26,26,19,7,0,0,0,1366,482,356,126,884,588,296,06,067,005502
06067005701,"Census Tract 57.01, Sacramento County, California",670,15,15,15,0,0,0,0,655,328,234,94,327,194,133,06,067,005701
06067008206,"Census Tract 82.06, Sacramento County, California",1240,88,88,88,0,0,0,0,1152,617,514,103,535,442,93,06,067,008206
06077003404,"Census Tract 34.04, San Joaquin County, California",1571,119,44,36,8,75,64,11,1452,438,269,169,1014,550,464,06,077,003404
06077004800,"Census Tract 48, San Joaquin County, California",1143,59,51,35,16,8,8,0,1084,598,385,213,486,208,278,06,077,004800
06077004901,"Census Tract 49.01, San Joaquin County, California",1699,95,95,58,37,0,0,0,1604,884,630,254,720,537,183,06,077,004901
06077005125,"Census Tract 51.25, San Joaquin County, California",414,49,24,12,12,25,10,15,365,184,99,85,181,163,18,06,077,005125
06077005302,"Census Tract 53.02, San Joaquin County, California",1713,124,108,27,81,16,0,16,1589,778,522,256,811,513,298,06,077,005302
06077000100,"Census Tract 1, San Joaquin County, California",784,49,5,5,0,44,27,17,735,174,119,55,561,285,276,06,077,000100
06077000401,"Census Tract 4.01, San Joaquin County, California",596,35,35,10,25,0,0,0,561,172,100,72,389,284,105,06,077,000401
06077001300,"Census Tract 13, San Joaquin County, California",1168,55,18,11,7,37,37,0,1113,390,289,101,723,602,121,06,077,001300
06077001700,"Census Tract 17, San Joaquin County, California",1169,19,0,0,0,19,0,19,1150,377,82,295,773,410,363,06,077,001700
06077002100,"Census Tract 21, San Joaquin County, California",1350,122,81,16,65,41,8,33,1228,640,294,346,588,363,225,06,077,002100
06077003801,"Census Tract 38.01, San Joaquin County, California",3199,280,174,90,84,106,84,22,2919,1586,1152,434,1333,1023,310,06,077,003801
06077003802,"Census Tract 38.02, San Joaquin County, California",1874,111,61,41,20,50,34,16,1763,705,477,228,1058,666,392,06,077,003802
06077003803,"Census Tract 38.03, San Joaquin County, California",1220,64,52,0,52,12,0,12,1156,565,231,334,591,277,314,06,077,003803
06077003900,"Census Tract 39, San Joaquin County, California",325,4,4,4,0,0,0,0,321,161,76,85,160,128,32,06,077,003900
06077004002,"Census Tract 40.02, San Joaquin County, California",3027,107,78,78,0,29,29,0,2920,1745,1411,334,1175,648,527,06,077,004002
06071002804,"Census Tract 28.04, San Bernardino County, California",1589,130,72,20,52,58,58,0,1459,484,214,270,975,603,372,06,071,002804
06071003101,"Census Tract 31.01, San Bernardino County, California",1389,102,53,31,22,49,26,23,1287,633,344,289,654,476,178,06,071,003101
06071003102,"Census Tract 31.02, San Bernardino County, California",1438,116,71,20,51,45,39,6,1322,712,371,341,610,397,213,06,071,003102
06071003302,"Census Tract 33.02, San Bernardino County, California",1408,169,111,0,111,58,39,19,1239,486,291,195,753,519,234,06,071,003302
06071003404,"Census Tract 34.04, San Bernardino County, California",1552,112,0,0,0,112,80,32,1440,686,406,280,754,496,258,06,071,003404
06071003405,"Census Tract 34.05, San Bernardino County, California",1430,113,58,16,42,55,36,19,1317,613,414,199,704,495,209,06,071,003405
06071003503,"Census Tract 35.03, San Bernardino County, California",1481,54,36,23,13,18,18,0,1427,737,493,244,690,514,176,06,071,003503
06071003505,"Census Tract 35.05, San Bernardino County, California",2054,258,120,43,77,138,65,73,1796,736,489,247,1060,720,340,06,071,003505
06071003506,"Census Tract 35.06, San Bernardino County, California",1341,88,88,47,41,0,0,0,1253,482,337,145,771,532,239,06,071,003506
06071003507,"Census Tract 35.07, San Bernardino County, California",990,61,0,0,0,61,61,0,929,437,281,156,492,295,197,06,071,003507
06071003509,"Census Tract 35.09, San Bernardino County, California",1227,78,33,0,33,45,45,0,1149,505,322,183,644,449,195,06,071,003509
06071003510,"Census Tract 35.10, San Bernardino County, California",1588,158,86,11,75,72,25,47,1430,554,390,164,876,499,377,06,071,003510
06071003603,"Census Tract 36.03, San Bernardino County, California",994,23,6,6,0,17,13,4,971,455,277,178,516,299,217,06,071,003603
06071003605,"Census Tract 36.05, San Bernardino County, California",1079,86,32,22,10,54,54,0,993,503,258,245,490,264,226,06,071,003605
06071003606,"Census Tract 36.06, San Bernardino County, California",1082,68,42,42,0,26,26,0,1014,335,183,152,679,419,260,06,071,003606
06053013400,"Census Tract 134, Monterey County, California",333,25,25,14,11,0,0,0,308,167,145,22,141,125,16,06,053,013400
06053013500,"Census Tract 135, Monterey County, California",1016,126,105,65,40,21,21,0,890,437,388,49,453,328,125,06,053,013500
06053010605,"Census Tract 106.05, Monterey County, California",1211,70,64,23,41,6,6,0,1141,550,343,207,591,375,216,06,053,010605
06053011101,"Census Tract 111.01, Monterey County, California",1405,107,45,13,32,62,25,37,1298,525,197,328,773,292,481,06,053,011101
06057000103,"Census Tract 1.03, Nevada County, California",1294,90,44,12,32,46,0,46,1204,585,458,127,619,310,309,06,057,000103
06057000502,"Census Tract 5.02, Nevada County, California",953,26,0,0,0,26,16,10,927,329,286,43,598,449,149,06,057,000502
06057000701,"Census Tract 7.01, Nevada County, California",1023,69,69,0,69,0,0,0,954,522,382,140,432,204,228,06,057,000701
06057000702,"Census Tract 7.02, Nevada County, California",711,19,19,16,3,0,0,0,692,360,251,109,332,235,97,06,057,000702
06057000900,"Census Tract 9, Nevada County, California",644,27,14,14,0,13,13,0,617,268,166,102,349,151,198,06,057,000900
06057000200,"Census Tract 2, Nevada County, California",480,63,54,31,23,9,9,0,417,221,163,58,196,115,81,06,057,000200
06057000300,"Census Tract 3, Nevada County, California",371,17,17,10,7,0,0,0,354,137,119,18,217,146,71,06,057,000300
06057000600,"Census Tract 6, Nevada County, California",1365,109,0,0,0,109,109,0,1256,547,330,217,709,524,185,06,057,000600
06057000401,"Census Tract 4.01, Nevada County, California",743,46,46,46,0,0,0,0,697,364,247,117,333,213,120,06,057,000401
06057000501,"Census Tract 5.01, Nevada County, California",897,13,0,0,0,13,13,0,884,244,135,109,640,308,332,06,057,000501
06057000104,"Census Tract 1.04, Nevada County, California",456,64,33,33,0,31,7,24,392,199,128,71,193,141,52,06,057,000104
06057000105,"Census Tract 1.05, Nevada County, California",344,58,34,34,0,24,24,0,286,103,81,22,183,69,114,06,057,000105
06057000402,"Census Tract 4.02, Nevada County, California",859,90,76,0,76,14,0,14,769,460,292,168,309,238,71,06,057,000402
06057000801,"Census Tract 8.01, Nevada County, California",647,17,17,17,0,0,0,0,630,326,280,46,304,206,98,06,057,000801
06057000802,"Census Tract 8.02, Nevada County, California",836,77,71,15,56,6,0,6,759,281,190,91,478,319,159,06,057,000802
06003010000,"Census Tract 100, Alpine County, California",183,12,1,1,0,11,3,8,171,40,27,13,131,72,59,06,003,010000
06039000102,"Census Tract 1.02, Madera County, California",701,17,17,0,17,0,0,0,684,370,254,116,314,179,135,06,039,000102
06039000104,"Census Tract 1.04, Madera County, California",910,0,0,0,0,0,0,0,910,432,268,164,478,447,31,06,039,000104
06039001000,"Census Tract 10, Madera County, California",1001,94,94,31,63,0,0,0,907,421,312,109,486,283,203,06,039,001000
06039000400,"Census Tract 4, Madera County, California",361,2,0,0,0,2,0,2,359,151,106,45,208,120,88,06,039,000400
06039000509,"Census Tract 5.09, Madera County, California",1334,9,0,0,0,9,9,0,1325,778,604,174,547,339,208,06,039,000509
06039000300,"Census Tract 3, Madera County, California",2289,217,119,56,63,98,56,42,2072,757,301,456,1315,556,759,06,039,000300
06109005100,"Census Tract 51, Tuolumne County, California",1263,18,18,18,0,0,0,0,1245,611,413,198,634,531,103,06,109,005100
06077001000,"Census Tract 10, San Joaquin County, California",1336,75,29,0,29,46,35,11,1261,447,285,162,814,666,148,06,077,001000
06077001200,"Census Tract 12, San Joaquin County, California",1720,44,12,12,0,32,32,0,1676,330,250,80,1346,402,944,06,077,001200
06077001400,"Census Tract 14, San Joaquin County, California",916,50,31,31,0,19,0,19,866,369,284,85,497,245,252,06,077,001400
06087110600,"Census Tract 1106, Santa Cruz County, California",1945,184,59,59,0,125,105,20,1761,839,574,265,922,695,227,06,087,110600
06037554522,"Census Tract 5545.22, Los Angeles County, California",999,0,0,0,0,0,0,0,999,404,295,109,595,389,206,06,037,554522
06037554600,"Census Tract 5546, Los Angeles County, California",984,29,12,0,12,17,17,0,955,386,255,131,569,426,143,06,037,554600
06037570001,"Census Tract 5700.01, Los Angeles County, California",1280,93,81,51,30,12,12,0,1187,553,412,141,634,489,145,06,037,570001
06037572202,"Census Tract 5722.02, Los Angeles County, California",807,9,9,9,0,0,0,0,798,326,291,35,472,314,158,06,037,572202
06037572600,"Census Tract 5726, Los Angeles County, California",1416,93,35,18,17,58,10,48,1323,508,337,171,815,586,229,06,037,572600
06037573002,"Census Tract 5730.02, Los Angeles County, California",1137,71,22,2,20,49,10,39,1066,420,242,178,646,450,196,06,037,573002
06037574202,"Census Tract 5742.02, Los Angeles County, California",503,16,11,6,5,5,5,0,487,211,184,27,276,226,50,06,037,574202
06037575001,"Census Tract 5750.01, Los Angeles County, California",1138,61,48,48,0,13,7,6,1077,394,276,118,683,535,148,06,037,575001
06037575801,"Census Tract 5758.01, Los Angeles County, California",735,10,10,10,0,0,0,0,725,246,125,121,479,317,162,06,037,575801
06037577400,"Census Tract 5774, Los Angeles County, California",910,63,63,43,20,0,0,0,847,275,218,57,572,475,97,06,037,577400
06037599100,"Census Tract 5991, Los Angeles County, California",89,0,0,0,0,0,0,0,89,29,29,0,60,48,12,06,037,599100
06037600902,"Census Tract 6009.02, Los Angeles County, California",1800,158,26,0,26,132,71,61,1642,444,312,132,1198,892,306,06,037,600902
06037601100,"Census Tract 6011, Los Angeles County, California",1680,123,27,27,0,96,53,43,1557,379,266,113,1178,1015,163,06,037,601100
06037603500,"Census Tract 6035, Los Angeles County, California",751,19,6,6,0,13,0,13,732,302,267,35,430,289,141,06,037,603500
06085504806,"Census Tract 5048.06, Santa Clara County, California",697,58,58,38,20,0,0,0,639,298,256,42,341,274,67,06,085,504806
06085506401,"Census Tract 5064.01, Santa Clara County, California",1257,32,18,0,18,14,14,0,1225,597,330,267,628,532,96,06,085,506401
06085506501,"Census Tract 5065.01, Santa Clara County, California",2033,221,203,126,77,18,0,18,1812,823,558,265,989,762,227,06,085,506501
06085503321,"Census Tract 5033.21, Santa Clara County, California",1202,37,37,30,7,0,0,0,1165,407,306,101,758,608,150,06,085,503321
06085503327,"Census Tract 5033.27, Santa Clara County, California",995,54,30,21,9,24,24,0,941,348,271,77,593,301,292,06,085,503327
06085503510,"Census Tract 5035.10, Santa Clara County, California",1427,65,32,32,0,33,0,33,1362,460,277,183,902,565,337,06,085,503510
06085501200,"Census Tract 5012, Santa Clara County, California",1090,60,52,37,15,8,0,8,1030,371,308,63,659,551,108,06,085,501200
06085501700,"Census Tract 5017, Santa Clara County, California",1316,73,50,29,21,23,0,23,1243,552,331,221,691,448,243,06,085,501700
06085502201,"Census Tract 5022.01, Santa Clara County, California",2089,145,145,45,100,0,0,0,1944,910,603,307,1034,848,186,06,085,502201
06019004703,"Census Tract 47.03, Fresno County, California",1196,49,46,46,0,3,0,3,1147,278,226,52,869,559,310,06,019,004703
06019005406,"Census Tract 54.06, Fresno County, California",866,28,28,28,0,0,0,0,838,421,330,91,417,308,109,06,019,005406
06019005509,"Census Tract 55.09, Fresno County, California",1379,168,111,34,77,57,57,0,1211,550,342,208,661,350,311,06,019,005509
06019005606,"Census Tract 56.06, Fresno County, California",822,14,14,0,14,0,0,0,808,413,325,88,395,257,138,06,019,005606
06019006000,"Census Tract 60, Fresno County, California",2152,171,41,18,23,130,99,31,1981,803,614,189,1178,810,368,06,019,006000
06019004405,"Census Tract 44.05, Fresno County, California",842,63,63,39,24,0,0,0,779,473,399,74,306,243,63,06,019,004405
06019004301,"Census Tract 43.01, Fresno County, California",669,25,25,25,0,0,0,0,644,304,246,58,340,230,110,06,019,004301
06019005704,"Census Tract 57.04, Fresno County, California",1308,106,8,0,8,98,71,27,1202,497,314,183,705,500,205,06,019,005704
06019003102,"Census Tract 31.02, Fresno County, California",1983,52,52,43,9,0,0,0,1931,667,407,260,1264,1005,259,06,019,003102
06019001800,"Census Tract 18, Fresno County, California",1057,58,37,11,26,21,21,0,999,505,272,233,494,305,189,06,019,001800
06019008301,"Census Tract 83.01, Fresno County, California",1357,69,48,27,21,21,0,21,1288,405,299,106,883,582,301,06,019,008301
06019001000,"Census Tract 10, Fresno County, California",960,72,13,6,7,59,38,21,888,365,175,190,523,255,268,06,019,001000
06019004205,"Census Tract 42.05, Fresno County, California",1661,96,47,0,47,49,11,38,1565,596,455,141,969,653,316,06,019,004205
06019004505,"Census Tract 45.05, Fresno County, California",1301,91,11,11,0,80,74,6,1210,441,377,64,769,605,164,06,019,004505
06019005508,"Census Tract 55.08, Fresno County, California",1343,31,31,22,9,0,0,0,1312,557,477,80,755,572,183,06,019,005508
06019006602,"Census Tract 66.02, Fresno County, California",1338,98,79,39,40,19,0,19,1240,756,465,291,484,269,215,06,019,006602
06019005801,"Census Tract 58.01, Fresno County, California",1346,16,12,12,0,4,0,4,1330,489,310,179,841,583,258,06,019,005801
06019002200,"Census Tract 22, Fresno County, California",921,7,7,7,0,0,0,0,914,329,224,105,585,448,137,06,019,002200
06019000600,"Census Tract 6, Fresno County, California",1136,63,44,19,25,19,0,19,1073,141,55,86,932,529,403,06,019,000600
06019003600,"Census Tract 36, Fresno County, California",1136,86,44,17,27,42,42,0,1050,283,262,21,767,511,256,06,019,003600
06019004601,"Census Tract 46.01, Fresno County, California",527,94,54,54,0,40,40,0,433,154,112,42,279,122,157,06,019,004601
06019002800,"Census Tract 28, Fresno County, California",1128,49,10,0,10,39,0,39,1079,307,129,178,772,332,440,06,019,002800
06019005505,"Census Tract 55.05, Fresno County, California",1678,16,16,0,16,0,0,0,1662,991,767,224,671,474,197,06,019,005505
06019006802,"Census Tract 68.02, Fresno County, California",949,79,30,30,0,49,26,23,870,215,171,44,655,369,286,06,019,006802
06029002811,"Census Tract 28.11, Kern County, California",619,10,10,0,10,0,0,0,609,439,247,192,170,56,114,06,029,002811
06029002000,"Census Tract 20, Kern County, California",1462,76,45,0,45,31,0,31,1386,498,336,162,888,505,383,06,029,002000
06001437600,"Census Tract 4376, Alameda County, California",894,75,35,13,22,40,11,29,819,350,244,106,469,286,183,06,001,437600
06001440301,"Census Tract 4403.01, Alameda County, California",1755,86,86,40,46,0,0,0,1669,876,698,178,793,417,376,06,001,440301
06001407700,"Census Tract 4077, Alameda County, California",905,46,46,46,0,0,0,0,859,346,253,93,513,427,86,06,001,407700
06001420400,"Census Tract 4204, Alameda County, California",1110,160,144,58,86,16,0,16,950,634,313,321,316,219,97,06,001,420400
06001428200,"Census Tract 4282, Alameda County, California",1512,69,69,52,17,0,0,0,1443,670,485,185,773,650,123,06,001,428200
06001441100,"Census Tract 4411, Alameda County, California",740,0,0,0,0,0,0,0,740,418,319,99,322,210,112,06,001,441100
06001441602,"Census Tract 4416.02, Alameda County, California",1908,15,15,0,15,0,0,0,1893,1157,873,284,736,590,146,06,001,441602
06001451501,"Census Tract 4515.01, Alameda County, California",962,20,20,9,11,0,0,0,942,464,344,120,478,395,83,06,001,451501
06001403600,"Census Tract 4036, Alameda County, California",1883,18,18,0,18,0,0,0,1865,554,430,124,1311,1203,108,06,001,403600
06001405000,"Census Tract 4050, Alameda County, California",789,65,65,65,0,0,0,0,724,343,299,44,381,276,105,06,001,405000
06111008001,"Census Tract 80.01, Ventura County, California",913,48,25,25,0,23,0,23,865,307,274,33,558,294,264,06,111,008001
06111008004,"Census Tract 80.04, Ventura County, California",1512,86,72,51,21,14,14,0,1426,579,439,140,847,551,296,06,111,008004
06111001502,"Census Tract 15.02, Ventura County, California",2174,170,117,99,18,53,38,15,2004,807,499,308,1197,899,298,06,111,001502
06111001507,"Census Tract 15.07, Ventura County, California",983,120,50,13,37,70,70,0,863,386,297,89,477,388,89,06,111,001507
06111001900,"Census Tract 19, Ventura County, California",771,60,59,59,0,1,0,1,711,392,269,123,319,218,101,06,111,001900
06111002400,"Census Tract 24, Ventura County, California",730,3,3,3,0,0,0,0,727,205,148,57,522,346,176,06,111,002400
06111004504,"Census Tract 45.04, Ventura County, California",1278,92,8,8,0,84,28,56,1186,556,452,104,630,381,249,06,111,004504
06019005203,"Census Tract 52.03, Fresno County, California",1262,102,63,0,63,39,13,26,1160,458,371,87,702,447,255,06,019,005203
06019005204,"Census Tract 52.04, Fresno County, California",1101,33,7,7,0,26,8,18,1068,356,210,146,712,468,244,06,019,005204
06019005409,"Census Tract 54.09, Fresno County, California",1148,68,41,34,7,27,27,0,1080,231,223,8,849,654,195,06,019,005409
06019005410,"Census Tract 54.10, Fresno County, California",903,25,25,0,25,0,0,0,878,332,240,92,546,391,155,06,019,005410
06019005516,"Census Tract 55.16, Fresno County, California",1638,18,18,18,0,0,0,0,1620,630,240,390,990,801,189,06,019,005516
06019005517,"Census Tract 55.17, Fresno County, California",1658,78,58,58,0,20,20,0,1580,875,594,281,705,541,164,06,019,005517
06019005518,"Census Tract 55.18, Fresno County, California",1295,85,53,18,35,32,0,32,1210,753,604,149,457,365,92,06,019,005518
06019005520,"Census Tract 55.20, Fresno County, California",575,17,17,17,0,0,0,0,558,394,254,140,164,130,34,06,019,005520
06019005525,"Census Tract 55.25, Fresno County, California",257,0,0,0,0,0,0,0,257,120,84,36,137,109,28,06,019,005525
06019005607,"Census Tract 56.07, Fresno County, California",1176,35,35,8,27,0,0,0,1141,320,253,67,821,713,108,06,019,005607
06019005608,"Census Tract 56.08, Fresno County, California",580,44,44,28,16,0,0,0,536,132,78,54,404,343,61,06,019,005608
06019005804,"Census Tract 58.04, Fresno County, California",1825,118,104,13,91,14,14,0,1707,889,550,339,818,465,353,06,019,005804
06019005805,"Census Tract 58.05, Fresno County, California",1538,51,51,16,35,0,0,0,1487,936,796,140,551,373,178,06,019,005805
06019005522,"Census Tract 55.22, Fresno County, California",1145,98,91,42,49,7,7,0,1047,624,398,226,423,295,128,06,019,005522
06019005524,"Census Tract 55.24, Fresno County, California",1205,82,82,8,74,0,0,0,1123,641,470,171,482,326,156,06,019,005524
06019005905,"Census Tract 59.05, Fresno County, California",1240,112,112,112,0,0,0,0,1128,665,588,77,463,256,207,06,019,005905
06019005906,"Census Tract 59.06, Fresno County, California",530,47,47,26,21,0,0,0,483,296,194,102,187,135,52,06,019,005906
06019005907,"Census Tract 59.07, Fresno County, California",886,14,14,8,6,0,0,0,872,442,318,124,430,316,114,06,019,005907
06019005909,"Census Tract 59.09, Fresno County, California",1745,251,194,105,89,57,0,57,1494,887,689,198,607,474,133,06,019,005909
06019005911,"Census Tract 59.11, Fresno County, California",1240,57,54,33,21,3,0,3,1183,806,572,234,377,248,129,06,019,005911
06019005912,"Census Tract 59.12, Fresno County, California",1034,72,69,44,25,3,0,3,962,527,324,203,435,220,215,06,019,005912
06111005403,"Census Tract 54.03, Ventura County, California",632,34,14,9,5,20,20,0,598,275,199,76,323,235,88,06,111,005403
06111005910,"Census Tract 59.10, Ventura County, California",291,0,0,0,0,0,0,0,291,161,73,88,130,90,40,06,111,005910
06111006000,"Census Tract 60, Ventura County, California",1041,130,130,106,24,0,0,0,911,452,334,118,459,316,143,06,111,006000
06111007508,"Census Tract 75.08, Ventura County, California",1026,7,7,7,0,0,0,0,1019,288,242,46,731,542,189,06,111,007508
06111007700,"Census Tract 77, Ventura County, California",1488,70,35,21,14,35,35,0,1418,543,401,142,875,655,220,06,111,007700
06111007901,"Census Tract 79.01, Ventura County, California",1290,125,115,31,84,10,10,0,1165,632,473,159,533,384,149,06,111,007901
06111007903,"Census Tract 79.03, Ventura County, California",1058,16,16,7,9,0,0,0,1042,664,590,74,378,286,92,06,111,007903
06111002000,"Census Tract 20, Ventura County, California",540,17,17,17,0,0,0,0,523,225,181,44,298,208,90,06,111,002000
06111002600,"Census Tract 26, Ventura County, California",736,11,0,0,0,11,11,0,725,302,236,66,423,336,87,06,111,002600
06111003201,"Census Tract 32.01, Ventura County, California",1025,83,16,16,0,67,27,40,942,379,204,175,563,325,238,06,111,003201
06111003300,"Census Tract 33, Ventura County, California",2124,151,133,106,27,18,18,0,1973,1111,789,322,862,652,210,06,111,003300
06111003700,"Census Tract 37, Ventura County, California",1372,108,41,32,9,67,43,24,1264,622,372,250,642,530,112,06,111,003700
06111003900,"Census Tract 39, Ventura County, California",1859,94,35,24,11,59,26,33,1765,649,367,282,1116,804,312,06,111,003900
06111005909,"Census Tract 59.09, Ventura County, California",787,59,48,11,37,11,11,0,728,248,181,67,480,365,115,06,111,005909
06111005911,"Census Tract 59.11, Ventura County, California",632,12,12,0,12,0,0,0,620,292,267,25,328,282,46,06,111,005911
06085503329,"Census Tract 5033.29, Santa Clara County, California",1104,40,40,40,0,0,0,0,1064,651,480,171,413,275,138,06,085,503329
06085503330,"Census Tract 5033.30, Santa Clara County, California",2146,24,24,0,24,0,0,0,2122,1271,716,555,851,476,375,06,085,503330
06085503331,"Census Tract 5033.31, Santa Clara County, California",505,15,15,0,15,0,0,0,490,306,219,87,184,110,74,06,085,503331
06085503332,"Census Tract 5033.32, Santa Clara County, California",616,43,43,43,0,0,0,0,573,360,217,143,213,80,133,06,085,503332
06085503322,"Census Tract 5033.22, Santa Clara County, California",1102,22,13,13,0,9,9,0,1080,454,359,95,626,402,224,06,085,503322
06085512200,"Census Tract 5122, Santa Clara County, California",627,22,22,9,13,0,0,0,605,390,260,130,215,156,59,06,085,512200
06085506601,"Census Tract 5066.01, Santa Clara County, California",961,117,92,50,42,25,25,0,844,539,392,147,305,173,132,06,085,506601
06085506701,"Census Tract 5067.01, Santa Clara County, California",740,33,33,33,0,0,0,0,707,463,371,92,244,201,43,06,085,506701
06085506702,"Census Tract 5067.02, Santa Clara County, California",1354,63,24,22,2,39,39,0,1291,677,419,258,614,365,249,06,085,506702
06085506803,"Census Tract 5068.03, Santa Clara County, California",1576,21,21,0,21,0,0,0,1555,970,567,403,585,422,163,06,085,506803
06085507401,"Census Tract 5074.01, Santa Clara County, California",1081,11,11,11,0,0,0,0,1070,721,516,205,349,154,195,06,085,507401
06085508602,"Census Tract 5086.02, Santa Clara County, California",1158,90,75,14,61,15,0,15,1068,767,569,198,301,269,32,06,085,508602
06085508703,"Census Tract 5087.03, Santa Clara County, California",2095,60,60,60,0,0,0,0,2035,1192,871,321,843,779,64,06,085,508703
06085508800,"Census Tract 5088, Santa Clara County, California",1226,79,79,33,46,0,0,0,1147,529,349,180,618,516,102,06,085,508800
06085508900,"Census Tract 5089, Santa Clara County, California",1332,78,71,56,15,7,0,7,1254,740,580,160,514,486,28,06,085,508900
06085509000,"Census Tract 5090, Santa Clara County, California",1763,352,165,56,109,187,93,94,1411,681,442,239,730,687,43,06,085,509000
06085509107,"Census Tract 5091.07, Santa Clara County, California",1491,78,78,20,58,0,0,0,1413,799,416,383,614,557,57,06,085,509107
06085509303,"Census Tract 5093.03, Santa Clara County, California",868,14,14,6,8,0,0,0,854,402,254,148,452,378,74,06,085,509303
06085510100,"Census Tract 5101, Santa Clara County, California",539,8,8,0,8,0,0,0,531,342,182,160,189,99,90,06,085,510100
06085511910,"Census Tract 5119.10, Santa Clara County, California",569,29,29,0,29,0,0,0,540,341,278,63,199,109,90,06,085,511910
06085511911,"Census Tract 5119.11, Santa Clara County, California",1062,11,11,11,0,0,0,0,1051,466,401,65,585,333,252,06,085,511911
06085512505,"Census Tract 5125.05, Santa Clara County, California",1894,171,143,130,13,28,0,28,1723,701,486,215,1022,871,151,06,085,512505
06019006404,"Census Tract 64.04, Fresno County, California",875,16,16,9,7,0,0,0,859,464,375,89,395,292,103,06,019,006404
06071006100,"Census Tract 61, San Bernardino County, California",2575,295,146,122,24,149,124,25,2280,527,319,208,1753,1252,501,06,071,006100
06071006700,"Census Tract 67, San Bernardino County, California",1155,16,0,0,0,16,0,16,1139,537,255,282,602,358,244,06,071,006700
06071007107,"Census Tract 71.07, San Bernardino County, California",1313,26,12,0,12,14,14,0,1287,416,310,106,871,623,248,06,071,007107
06071007108,"Census Tract 71.08, San Bernardino County, California",755,37,20,6,14,17,17,0,718,216,152,64,502,424,78,06,071,007108
06071007408,"Census Tract 74.08, San Bernardino County, California",1090,153,72,40,32,81,81,0,937,260,150,110,677,398,279,06,071,007408
06071000111,"Census Tract 1.11, San Bernardino County, California",407,24,24,24,0,0,0,0,383,257,194,63,126,90,36,06,071,000111
06071000303,"Census Tract 3.03, San Bernardino County, California",1799,103,40,21,19,63,14,49,1696,776,449,327,920,464,456,06,071,000303
06071000812,"Census Tract 8.12, San Bernardino County, California",802,66,66,15,51,0,0,0,736,424,330,94,312,166,146,06,071,000812
06071002010,"Census Tract 20.10, San Bernardino County, California",2832,104,104,75,29,0,0,0,2728,1629,1293,336,1099,748,351,06,071,002010
06061022002,"Census Tract 220.02, Placer County, California",1154,115,115,81,34,0,0,0,1039,549,372,177,490,381,109,06,061,022002
06061020104,"Census Tract 201.04, Placer County, California",190,0,0,0,0,0,0,0,190,34,34,0,156,120,36,06,061,020104
06061020107,"Census Tract 201.07, Placer County, California",739,32,32,32,0,0,0,0,707,251,175,76,456,374,82,06,061,020107
06061020602,"Census Tract 206.02, Placer County, California",1626,38,38,11,27,0,0,0,1588,770,551,219,818,503,315,06,061,020602
06061020604,"Census Tract 206.04, Placer County, California",1124,53,53,36,17,0,0,0,1071,699,468,231,372,262,110,06,061,020604
06061020300,"Census Tract 203, Placer County, California",855,25,25,25,0,0,0,0,830,310,253,57,520,406,114,06,061,020300
06061021103,"Census Tract 211.03, Placer County, California",790,62,30,30,0,32,15,17,728,336,201,135,392,209,183,06,061,021103
06037264102,"Census Tract 2641.02, Los Angeles County, California",946,6,0,0,0,6,6,0,940,284,248,36,656,533,123,06,037,264102
06037264103,"Census Tract 2641.03, Los Angeles County, California",820,29,29,12,17,0,0,0,791,253,245,8,538,530,8,06,037,264103
06037265201,"Census Tract 2652.01, Los Angeles County, California",1052,0,0,0,0,0,0,0,1052,101,53,48,951,388,563,06,037,265201
06037265202,"Census Tract 2652.02, Los Angeles County, California",1059,30,30,30,0,0,0,0,1029,240,152,88,789,397,392,06,037,265202
06037265601,"Census Tract 2656.01, Los Angeles County, California",769,22,22,22,0,0,0,0,747,386,344,42,361,302,59,06,037,265601
06037267403,"Census Tract 2674.03, Los Angeles County, California",1049,50,50,50,0,0,0,0,999,175,121,54,824,684,140,06,037,267403
06037204810,"Census Tract 2048.10, Los Angeles County, California",1395,68,21,21,0,47,7,40,1327,416,254,162,911,613,298,06,037,204810
06037216100,"Census Tract 2161, Los Angeles County, California",524,50,37,27,10,13,13,0,474,159,92,67,315,240,75,06,037,216100
06037216700,"Census Tract 2167, Los Angeles County, California",1225,45,10,10,0,35,0,35,1180,298,221,77,882,796,86,06,037,216700
06037600704,"Census Tract 6007.04, Los Angeles County, California",783,43,43,43,0,0,0,0,740,224,190,34,516,284,232,06,037,600704
06037601001,"Census Tract 6010.01, Los Angeles County, California",400,55,52,32,20,3,0,3,345,49,39,10,296,243,53,06,037,601001
06037601211,"Census Tract 6012.11, Los Angeles County, California",746,43,24,24,0,19,19,0,703,187,131,56,516,348,168,06,037,601211
06037601501,"Census Tract 6015.01, Los Angeles County, California",1076,0,0,0,0,0,0,0,1076,465,340,125,611,389,222,06,037,601501
06037601801,"Census Tract 6018.01, Los Angeles County, California",809,46,18,0,18,28,28,0,763,320,185,135,443,318,125,06,037,601801
06037602002,"Census Tract 6020.02, Los Angeles County, California",764,49,27,27,0,22,22,0,715,268,183,85,447,327,120,06,037,602002
06037602105,"Census Tract 6021.05, Los Angeles County, California",871,43,43,21,22,0,0,0,828,365,212,153,463,323,140,06,037,602105
06037620400,"Census Tract 6204, Los Angeles County, California",816,0,0,0,0,0,0,0,816,366,225,141,450,369,81,06,037,620400
06037650901,"Census Tract 6509.01, Los Angeles County, California",1387,156,103,85,18,53,53,0,1231,642,457,185,589,533,56,06,037,650901
06037651222,"Census Tract 6512.22, Los Angeles County, California",1789,77,77,56,21,0,0,0,1712,1072,719,353,640,416,224,06,037,651222
06037670100,"Census Tract 6701, Los Angeles County, California",1573,126,55,39,16,71,71,0,1447,571,513,58,876,721,155,06,037,670100
06111004200,"Census Tract 42, Ventura County, California",1425,55,14,14,0,41,41,0,1370,636,445,191,734,404,330,06,111,004200
06111004600,"Census Tract 46, Ventura County, California",577,39,39,12,27,0,0,0,538,482,269,213,56,56,0,06,111,004600
06111001800,"Census Tract 18, Ventura County, California",790,15,15,0,15,0,0,0,775,329,243,86,446,348,98,06,111,001800
06111000100,"Census Tract 1, Ventura County, California",70,0,0,0,0,0,0,0,70,36,29,7,34,26,8,06,111,000100
06111000500,"Census Tract 5, Ventura County, California",315,6,0,0,0,6,6,0,309,144,89,55,165,111,54,06,111,000500
06111000901,"Census Tract 9.01, Ventura County, California",307,9,9,9,0,0,0,0,298,95,83,12,203,152,51,06,111,000901
06111000902,"Census Tract 9.02, Ventura County, California",262,5,5,0,5,0,0,0,257,130,103,27,127,63,64,06,111,000902
06111002102,"Census Tract 21.02, Ventura County, California",279,24,14,0,14,10,0,10,255,86,63,23,169,169,0,06,111,002102
06071009712,"Census Tract 97.12, San Bernardino County, California",1583,79,3,0,3,76,15,61,1504,535,373,162,969,502,467,06,071,009712
06071009717,"Census Tract 97.17, San Bernardino County, California",886,40,40,18,22,0,0,0,846,469,269,200,377,186,191,06,071,009717
06073019301,"Census Tract 193.01, San Diego County, California",1585,125,112,112,0,13,13,0,1460,806,621,185,654,485,169,06,073,019301
06073019502,"Census Tract 195.02, San Diego County, California",1517,95,54,44,10,41,25,16,1422,650,373,277,772,538,234,06,073,019502
06073020014,"Census Tract 200.14, San Diego County, California",1823,133,133,109,24,0,0,0,1690,841,632,209,849,673,176,06,073,020014
06073020107,"Census Tract 201.07, San Diego County, California",820,100,68,42,26,32,0,32,720,377,214,163,343,262,81,06,073,020107
06065041804,"Census Tract 418.04, Riverside County, California",989,20,20,13,7,0,0,0,969,572,389,183,397,228,169,06,065,041804
06065041806,"Census Tract 418.06, Riverside County, California",1135,54,54,42,12,0,0,0,1081,583,346,237,498,390,108,06,065,041806
06065042005,"Census Tract 420.05, Riverside County, California",1402,47,47,24,23,0,0,0,1355,620,510,110,735,396,339,06,065,042005
06065042512,"Census Tract 425.12, Riverside County, California",1008,61,52,29,23,9,0,9,947,379,236,143,568,409,159,06,065,042512
06065042507,"Census Tract 425.07, Riverside County, California",1196,75,68,0,68,7,0,7,1121,481,350,131,640,408,232,06,065,042507
06065042509,"Census Tract 425.09, Riverside County, California",690,36,34,0,34,2,0,2,654,308,175,133,346,212,134,06,065,042509
06065042513,"Census Tract 425.13, Riverside County, California",896,54,10,2,8,44,44,0,842,230,166,64,612,406,206,06,065,042513
06065042520,"Census Tract 425.20, Riverside County, California",1128,64,38,5,33,26,0,26,1064,442,332,110,622,316,306,06,065,042520
06065042521,"Census Tract 425.21, Riverside County, California",1457,103,59,12,47,44,32,12,1354,596,379,217,758,431,327,06,065,042521
06065042714,"Census Tract 427.14, Riverside County, California",705,0,0,0,0,0,0,0,705,280,167,113,425,325,100,06,065,042714
06065042719,"Census Tract 427.19, Riverside County, California",1341,54,25,22,3,29,21,8,1287,551,355,196,736,504,232,06,065,042719
06065042800,"Census Tract 428, Riverside County, California",2290,179,61,51,10,118,37,81,2111,1089,492,597,1022,644,378,06,065,042800
06065043211,"Census Tract 432.11, Riverside County, California",1369,131,99,39,60,32,32,0,1238,551,364,187,687,489,198,06,065,043211
06065043218,"Census Tract 432.18, Riverside County, California",1260,104,104,18,86,0,0,0,1156,515,378,137,641,417,224,06,065,043218
06065043220,"Census Tract 432.20, Riverside County, California",1096,145,80,38,42,65,43,22,951,397,290,107,554,434,120,06,065,043220
06065043503,"Census Tract 435.03, Riverside County, California",620,59,23,12,11,36,36,0,561,230,73,157,331,298,33,06,065,043503
06047001502,"Census Tract 15.02, Merced County, California",523,31,13,8,5,18,0,18,492,211,136,75,281,119,162,06,047,001502
06047002100,"Census Tract 21, Merced County, California",1084,73,29,0,29,44,27,17,1011,650,405,245,361,174,187,06,047,002100
06047001602,"Census Tract 16.02, Merced County, California",1912,85,37,23,14,48,38,10,1827,731,333,398,1096,626,470,06,047,001602
06047001902,"Census Tract 19.02, Merced County, California",465,40,17,17,0,23,11,12,425,186,123,63,239,151,88,06,047,001902
06047002301,"Census Tract 23.01, Merced County, California",1433,49,49,22,27,0,0,0,1384,694,493,201,690,454,236,06,047,002301
06047002302,"Census Tract 23.02, Merced County, California",3744,107,60,14,46,47,47,0,3637,1838,1036,802,1799,1177,622,06,047,002302
06047001901,"Census Tract 19.01, Merced County, California",1073,63,21,9,12,42,7,35,1010,531,376,155,479,194,285,06,047,001901
06047001302,"Census Tract 13.02, Merced County, California",764,29,0,0,0,29,0,29,735,197,132,65,538,230,308,06,047,001302
06047000304,"Census Tract 3.04, Merced County, California",2438,67,52,31,21,15,0,15,2371,1358,960,398,1013,636,377,06,047,000304
06047000601,"Census Tract 6.01, Merced County, California",1130,123,83,16,67,40,23,17,1007,489,231,258,518,387,131,06,047,000601
06047001003,"Census Tract 10.03, Merced County, California",1054,103,45,32,13,58,23,35,951,288,151,137,663,465,198,06,047,001003
06047001402,"Census Tract 14.02, Merced County, California",942,102,16,12,4,86,29,57,840,430,393,37,410,261,149,06,047,001402
06047001700,"Census Tract 17, Merced County, California",1799,79,43,20,23,36,18,18,1720,855,559,296,865,422,443,06,047,001700
06037111100,"Census Tract 1111, Los Angeles County, California",792,27,27,13,14,0,0,0,765,342,272,70,423,294,129,06,037,111100
06037111302,"Census Tract 1113.02, Los Angeles County, California",1219,45,13,0,13,32,0,32,1174,333,224,109,841,502,339,06,037,111302
06037111400,"Census Tract 1114, Los Angeles County, California",2236,0,0,0,0,0,0,0,2236,572,495,77,1664,1265,399,06,037,111400
06001440200,"Census Tract 4402, Alameda County, California",1605,75,60,22,38,15,0,15,1530,647,330,317,883,606,277,06,001,440200
06001440308,"Census Tract 4403.08, Alameda County, California",1272,90,68,31,37,22,0,22,1182,662,446,216,520,323,197,06,001,440308
06001441501,"Census Tract 4415.01, Alameda County, California",1547,65,52,43,9,13,13,0,1482,847,721,126,635,400,235,06,001,441501
06001442500,"Census Tract 4425, Alameda County, California",1774,98,98,87,11,0,0,0,1676,972,654,318,704,509,195,06,001,442500
06001450300,"Census Tract 4503, Alameda County, California",1198,44,44,44,0,0,0,0,1154,690,506,184,464,336,128,06,001,450300
06001450607,"Census Tract 4506.07, Alameda County, California",1402,55,40,0,40,15,15,0,1347,872,726,146,475,411,64,06,001,450607
06001404700,"Census Tract 4047, Alameda County, California",410,52,52,38,14,0,0,0,358,233,193,40,125,109,16,06,001,404700
06001404900,"Census Tract 4049, Alameda County, California",887,26,26,20,6,0,0,0,861,436,372,64,425,371,54,06,001,404900
06001405200,"Census Tract 4052, Alameda County, California",1586,49,49,13,36,0,0,0,1537,419,380,39,1118,1063,55,06,001,405200
06001406300,"Census Tract 4063, Alameda County, California",1297,41,41,18,23,0,0,0,1256,388,209,179,868,668,200,06,001,406300
06001400100,"Census Tract 4001, Alameda County, California",556,54,54,29,25,0,0,0,502,249,182,67,253,224,29,06,001,400100
06001400800,"Census Tract 4008, Alameda County, California",1202,53,36,25,11,17,0,17,1149,365,276,89,784,741,43,06,001,400800
06001401000,"Census Tract 4010, Alameda County, California",1899,18,18,18,0,0,0,0,1881,507,444,63,1374,1087,287,06,001,401000
06075047701,"Census Tract 477.01, San Francisco County, California",1247,49,49,49,0,0,0,0,1198,316,277,39,882,841,41,06,075,047701
06075047702,"Census Tract 477.02, San Francisco County, California",985,34,20,20,0,14,13,1,951,310,258,52,641,541,100,06,075,047702
06075060502,"Census Tract 605.02, San Francisco County, California",776,19,4,4,0,15,3,12,757,205,136,69,552,393,159,06,075,060502
06075060700,"Census Tract 607, San Francisco County, California",4303,239,239,112,127,0,0,0,4064,1815,1544,271,2249,1649,600,06,075,060700
06075047902,"Census Tract 479.02, San Francisco County, California",831,40,40,19,21,0,0,0,791,395,340,55,396,307,89,06,075,047902
06075060400,"Census Tract 604, San Francisco County, California",342,8,8,0,8,0,0,0,334,138,118,20,196,143,53,06,075,060400
06075010900,"Census Tract 109, San Francisco County, California",1262,0,0,0,0,0,0,0,1262,384,310,74,878,819,59,06,075,010900
06075011800,"Census Tract 118, San Francisco County, California",306,8,7,0,7,1,0,1,298,102,63,39,196,147,49,06,075,011800
06075012100,"Census Tract 121, San Francisco County, California",1882,1,1,0,1,0,0,0,1881,242,227,15,1639,1183,456,06,075,012100
06075012800,"Census Tract 128, San Francisco County, California",1340,118,118,83,35,0,0,0,1222,315,251,64,907,896,11,06,075,012800
06075015500,"Census Tract 155, San Francisco County, California",606,0,0,0,0,0,0,0,606,149,149,0,457,439,18,06,075,015500
06075016100,"Census Tract 161, San Francisco County, California",1227,0,0,0,0,0,0,0,1227,321,183,138,906,785,121,06,075,016100
06075016300,"Census Tract 163, San Francisco County, California",1447,13,13,13,0,0,0,0,1434,431,371,60,1003,949,54,06,075,016300
06075017601,"Census Tract 176.01, San Francisco County, California",2205,36,36,36,0,0,0,0,2169,622,499,123,1547,1080,467,06,075,017601
06075020100,"Census Tract 201, San Francisco County, California",1519,94,94,57,37,0,0,0,1425,262,221,41,1163,861,302,06,075,020100
06037500300,"Census Tract 5003, Los Angeles County, California",573,47,47,32,15,0,0,0,526,234,200,34,292,160,132,06,037,500300
06013347000,"Census Tract 3470, Contra Costa County, California",1047,34,34,0,34,0,0,0,1013,566,414,152,447,233,214,06,013,347000
06013353001,"Census Tract 3530.01, Contra Costa County, California",720,46,32,32,0,14,14,0,674,435,257,178,239,170,69,06,013,353001
06013356001,"Census Tract 3560.01, Contra Costa County, California",1090,91,0,0,0,91,53,38,999,324,254,70,675,420,255,06,013,356001
06013366001,"Census Tract 3660.01, Contra Costa County, California",1132,70,59,28,31,11,11,0,1062,420,311,109,642,494,148,06,013,366001
06013375000,"Census Tract 3750, Contra Costa County, California",1262,60,53,22,31,7,7,0,1202,548,400,148,654,454,200,06,013,375000
06013301000,"Census Tract 3010, Contra Costa County, California",912,62,42,32,10,20,20,0,850,428,249,179,422,264,158,06,013,301000
06013307201,"Census Tract 3072.01, Contra Costa County, California",862,49,49,0,49,0,0,0,813,354,191,163,459,282,177,06,013,307201
06013310000,"Census Tract 3100, Contra Costa County, California",1445,139,72,10,62,67,35,32,1306,496,286,210,810,578,232,06,013,310000
06013313102,"Census Tract 3131.02, Contra Costa County, California",1227,86,62,21,41,24,24,0,1141,318,190,128,823,675,148,06,013,313102
06013321200,"Census Tract 3212, Contra Costa County, California",1503,61,61,18,43,0,0,0,1442,547,405,142,895,638,257,06,013,321200
06013330000,"Census Tract 3300, Contra Costa County, California",1323,72,64,38,26,8,8,0,1251,648,488,160,603,437,166,06,013,330000
06013336101,"Census Tract 3361.01, Contra Costa County, California",1433,78,17,0,17,61,40,21,1355,592,439,153,763,602,161,06,013,336101
06013337200,"Census Tract 3372, Contra Costa County, California",1994,173,116,102,14,57,57,0,1821,852,689,163,969,791,178,06,013,337200
06013337300,"Census Tract 3373, Contra Costa County, California",1001,26,26,0,26,0,0,0,975,549,275,274,426,298,128,06,013,337300
06013359203,"Census Tract 3592.03, Contra Costa County, California",1574,25,25,12,13,0,0,0,1549,754,554,200,795,653,142,06,013,359203
06013370000,"Census Tract 3700, Contra Costa County, California",716,30,30,9,21,0,0,0,686,203,175,28,483,454,29,06,013,370000
06013386000,"Census Tract 3860, Contra Costa County, California",1196,23,23,8,15,0,0,0,1173,556,457,99,617,502,115,06,013,386000
06073009301,"Census Tract 93.01, San Diego County, California",1545,34,34,24,10,0,0,0,1511,537,422,115,974,710,264,06,073,009301
06073009507,"Census Tract 95.07, San Diego County, California",850,98,74,35,39,24,24,0,752,365,261,104,387,313,74,06,073,009507
06073009603,"Census Tract 96.03, San Diego County, California",1568,99,85,21,64,14,0,14,1469,542,381,161,927,853,74,06,073,009603
06073009804,"Census Tract 98.04, San Diego County, California",950,28,28,20,8,0,0,0,922,469,386,83,453,286,167,06,073,009804
06073010009,"Census Tract 100.09, San Diego County, California",2054,191,111,51,60,80,57,23,1863,800,472,328,1063,734,329,06,073,010009
06073010107,"Census Tract 101.07, San Diego County, California",1638,153,74,68,6,79,12,67,1485,619,444,175,866,581,285,06,073,010107
06073013000,"Census Tract 130, San Diego County, California",1428,118,118,64,54,0,0,0,1310,578,476,102,732,535,197,06,073,013000
06073013312,"Census Tract 133.12, San Diego County, California",673,40,20,14,6,20,8,12,633,259,202,57,374,245,129,06,073,013312
06073013313,"Census Tract 133.13, San Diego County, California",4750,330,169,106,63,161,29,132,4420,2415,1858,557,2005,1420,585,06,073,013313
06073013411,"Census Tract 134.11, San Diego County, California",1031,78,78,46,32,0,0,0,953,421,343,78,532,355,177,06,073,013411
06073015100,"Census Tract 151, San Diego County, California",1096,56,56,21,35,0,0,0,1040,557,366,191,483,395,88,06,073,015100
06073015403,"Census Tract 154.03, San Diego County, California",474,63,63,21,42,0,0,0,411,218,167,51,193,126,67,06,073,015403
06095253108,"Census Tract 2531.08, Solano County, California",1317,32,6,6,0,26,0,26,1285,665,483,182,620,465,155,06,095,253108
06095253203,"Census Tract 2532.03, Solano County, California",957,0,0,0,0,0,0,0,957,349,256,93,608,485,123,06,095,253203
06095252608,"Census Tract 2526.08, Solano County, California",881,37,16,16,0,21,17,4,844,287,135,152,557,448,109,06,095,252608
06095252107,"Census Tract 2521.07, Solano County, California",752,63,47,28,19,16,0,16,689,335,286,49,354,201,153,06,095,252107
06099000102,"Census Tract 1.02, Stanislaus County, California",929,35,0,0,0,35,35,0,894,482,333,149,412,283,129,06,099,000102
06099000806,"Census Tract 8.06, Stanislaus County, California",840,44,20,0,20,24,0,24,796,308,245,63,488,313,175,06,099,000806
06099000304,"Census Tract 3.04, Stanislaus County, California",1227,52,52,13,39,0,0,0,1175,668,422,246,507,406,101,06,099,000304
06099000403,"Census Tract 4.03, Stanislaus County, California",859,11,11,11,0,0,0,0,848,418,308,110,430,239,191,06,099,000403
06099000505,"Census Tract 5.05, Stanislaus County, California",1307,91,73,42,31,18,18,0,1216,509,337,172,707,525,182,06,099,000505
06099000911,"Census Tract 9.11, Stanislaus County, California",1111,18,17,17,0,1,1,0,1093,549,451,98,544,359,185,06,099,000911
06099002803,"Census Tract 28.03, Stanislaus County, California",537,20,12,12,0,8,8,0,517,229,158,71,288,189,99,06,099,002803
06099002902,"Census Tract 29.02, Stanislaus County, California",1953,254,225,123,102,29,29,0,1699,685,488,197,1014,851,163,06,099,002902
06037408626,"Census Tract 4086.26, Los Angeles County, California",971,45,45,45,0,0,0,0,926,357,257,100,569,376,193,06,037,408626
06037431800,"Census Tract 4318, Los Angeles County, California",1205,29,29,29,0,0,0,0,1176,443,304,139,733,520,213,06,037,431800
06037460302,"Census Tract 4603.02, Los Angeles County, California",955,74,62,57,5,12,12,0,881,430,374,56,451,362,89,06,037,460302
06037463700,"Census Tract 4637, Los Angeles County, California",707,49,49,0,49,0,0,0,658,264,232,32,394,360,34,06,037,463700
06059001401,"Census Tract 14.01, Orange County, California",1109,50,19,19,0,31,31,0,1059,503,322,181,556,434,122,06,059,001401
06059001506,"Census Tract 15.06, Orange County, California",764,74,57,34,23,17,17,0,690,328,235,93,362,285,77,06,059,001506
06059001708,"Census Tract 17.08, Orange County, California",805,0,0,0,0,0,0,0,805,309,235,74,496,353,143,06,059,001708
06059001903,"Census Tract 19.03, Orange County, California",940,18,4,4,0,14,8,6,922,451,339,112,471,360,111,06,059,001903
06075017102,"Census Tract 171.02, San Francisco County, California",1302,25,25,22,3,0,0,0,1277,541,480,61,736,640,96,06,075,017102
06075017801,"Census Tract 178.01, San Francisco County, California",696,38,38,18,20,0,0,0,658,270,230,40,388,251,137,06,075,017801
06077002702,"Census Tract 27.02, San Joaquin County, California",915,63,48,0,48,15,15,0,852,302,195,107,550,292,258,06,077,002702
06077003112,"Census Tract 31.12, San Joaquin County, California",591,20,0,0,0,20,20,0,571,301,143,158,270,203,67,06,077,003112
06077003215,"Census Tract 32.15, San Joaquin County, California",1054,96,56,16,40,40,13,27,958,349,247,102,609,481,128,06,077,003215
06077000402,"Census Tract 4.02, San Joaquin County, California",1098,71,8,0,8,63,53,10,1027,292,134,158,735,410,325,06,077,000402
06077001102,"Census Tract 11.02, San Joaquin County, California",1184,77,77,28,49,0,0,0,1107,421,337,84,686,490,196,06,077,001102
06077002300,"Census Tract 23, San Joaquin County, California",1092,159,33,12,21,126,87,39,933,370,197,173,563,289,274,06,077,002300
06077003208,"Census Tract 32.08, San Joaquin County, California",2767,165,150,24,126,15,15,0,2602,1376,993,383,1226,739,487,06,077,003208
06077003403,"Census Tract 34.03, San Joaquin County, California",1308,41,31,31,0,10,10,0,1267,388,293,95,879,438,441,06,077,003403
06077004202,"Census Tract 42.02, San Joaquin County, California",211,6,6,6,0,0,0,0,205,101,76,25,104,60,44,06,077,004202
06077003308,"Census Tract 33.08, San Joaquin County, California",511,19,0,0,0,19,19,0,492,185,153,32,307,187,120,06,077,003308
06077003601,"Census Tract 36.01, San Joaquin County, California",601,0,0,0,0,0,0,0,601,304,255,49,297,187,110,06,077,003601
06077004303,"Census Tract 43.03, San Joaquin County, California",793,36,36,36,0,0,0,0,757,434,298,136,323,175,148,06,077,004303
06077005001,"Census Tract 50.01, San Joaquin County, California",1297,71,71,16,55,0,0,0,1226,480,304,176,746,469,277,06,077,005001
06077005124,"Census Tract 51.24, San Joaquin County, California",893,69,48,14,34,21,13,8,824,278,175,103,546,344,202,06,077,005124
06077005127,"Census Tract 51.27, San Joaquin County, California",1372,41,32,6,26,9,0,9,1331,662,413,249,669,327,342,06,077,005127
06077002701,"Census Tract 27.01, San Joaquin County, California",1739,88,35,9,26,53,0,53,1651,737,394,343,914,499,415,06,077,002701
06077003111,"Census Tract 31.11, San Joaquin County, California",721,19,0,0,0,19,19,0,702,279,266,13,423,337,86,06,077,003111
06077003306,"Census Tract 33.06, San Joaquin County, California",1121,148,74,18,56,74,20,54,973,370,133,237,603,423,180,06,077,003306
06077003305,"Census Tract 33.05, San Joaquin County, California",905,62,42,42,0,20,10,10,843,308,177,131,535,380,155,06,077,003305
06077000300,"Census Tract 3, San Joaquin County, California",529,80,31,13,18,49,43,6,449,178,122,56,271,165,106,06,077,000300
06077001500,"Census Tract 15, San Joaquin County, California",2219,120,60,52,8,60,9,51,2099,1110,712,398,989,540,449,06,077,001500
06077003210,"Census Tract 32.10, San Joaquin County, California",531,10,10,10,0,0,0,0,521,263,135,128,258,174,84,06,077,003210
06077003214,"Census Tract 32.14, San Joaquin County, California",739,49,27,27,0,22,9,13,690,381,320,61,309,154,155,06,077,003214
06077003307,"Census Tract 33.07, San Joaquin County, California",1241,178,122,76,46,56,56,0,1063,354,158,196,709,508,201,06,077,003307
06077003407,"Census Tract 34.07, San Joaquin County, California",725,48,14,14,0,34,31,3,677,156,95,61,521,408,113,06,077,003407
06037570402,"Census Tract 5704.02, Los Angeles County, California",910,52,41,35,6,11,11,0,858,244,157,87,614,448,166,06,037,570402
06037572001,"Census Tract 5720.01, Los Angeles County, California",1617,66,66,66,0,0,0,0,1551,648,470,178,903,786,117,06,037,572001
06037407101,"Census Tract 4071.01, Los Angeles County, California",1221,64,64,45,19,0,0,0,1157,466,387,79,691,429,262,06,037,407101
06037400402,"Census Tract 4004.02, Los Angeles County, California",1056,46,31,21,10,15,9,6,1010,406,226,180,604,449,155,06,037,400402
06037402402,"Census Tract 4024.02, Los Angeles County, California",1732,45,15,15,0,30,30,0,1687,589,371,218,1098,702,396,06,037,402402
06037405102,"Census Tract 4051.02, Los Angeles County, California",1112,38,11,11,0,27,0,27,1074,551,222,329,523,372,151,06,037,405102
06037430002,"Census Tract 4300.02, Los Angeles County, California",1580,35,35,35,0,0,0,0,1545,566,443,123,979,735,244,06,037,430002
06037431600,"Census Tract 4316, Los Angeles County, California",843,8,8,0,8,0,0,0,835,349,226,123,486,243,243,06,037,431600
06037117510,"Census Tract 1175.10, Los Angeles County, California",1248,78,48,16,32,30,13,17,1170,533,271,262,637,370,267,06,037,117510
06037134422,"Census Tract 1344.22, Los Angeles County, California",1064,55,55,28,27,0,0,0,1009,401,325,76,608,508,100,06,037,134422
06037141700,"Census Tract 1417, Los Angeles County, California",652,11,11,0,11,0,0,0,641,399,326,73,242,111,131,06,037,141700
06037131010,"Census Tract 1310.10, Los Angeles County, California",1826,94,38,38,0,56,56,0,1732,771,572,199,961,759,202,06,037,131010
06037920110,"Census Tract 9201.10, Los Angeles County, California",660,8,8,0,8,0,0,0,652,329,236,93,323,265,58,06,037,920110
06037574601,"Census Tract 5746.01, Los Angeles County, California",1309,0,0,0,0,0,0,0,1309,0,0,0,1309,362,947,06,037,574601
06037577501,"Census Tract 5775.01, Los Angeles County, California",589,48,48,30,18,0,0,0,541,212,134,78,329,204,125,06,037,577501
06037407302,"Census Tract 4073.02, Los Angeles County, California",928,74,40,40,0,34,34,0,854,270,143,127,584,309,275,06,037,407302
06037408501,"Census Tract 4085.01, Los Angeles County, California",774,56,49,14,35,7,0,7,718,304,225,79,414,197,217,06,037,408501
06071003607,"Census Tract 36.07, San Bernardino County, California",1564,67,22,0,22,45,15,30,1497,567,362,205,930,595,335,06,071,003607
06071003609,"Census Tract 36.09, San Bernardino County, California",1413,89,43,36,7,46,17,29,1324,650,399,251,674,428,246,06,071,003609
06071003611,"Census Tract 36.11, San Bernardino County, California",1140,46,26,21,5,20,20,0,1094,531,185,346,563,400,163,06,071,003611
06071003612,"Census Tract 36.12, San Bernardino County, California",1198,0,0,0,0,0,0,0,1198,566,304,262,632,448,184,06,071,003612
06071003801,"Census Tract 38.01, San Bernardino County, California",1365,100,46,17,29,54,24,30,1265,444,261,183,821,519,302,06,071,003801
06071003803,"Census Tract 38.03, San Bernardino County, California",1376,181,108,32,76,73,40,33,1195,525,385,140,670,384,286,06,071,003803
06071003804,"Census Tract 38.04, San Bernardino County, California",1289,88,14,0,14,74,74,0,1201,500,196,304,701,368,333,06,071,003804
06071004001,"Census Tract 40.01, San Bernardino County, California",1169,34,25,8,17,9,9,0,1135,456,202,254,679,423,256,06,071,004001
06071004003,"Census Tract 40.03, San Bernardino County, California",1758,105,52,43,9,53,28,25,1653,699,261,438,954,750,204,06,071,004003
06071004004,"Census Tract 40.04, San Bernardino County, California",1368,80,75,55,20,5,5,0,1288,644,441,203,644,456,188,06,071,004004
06071004101,"Census Tract 41.01, San Bernardino County, California",1724,173,142,22,120,31,31,0,1551,697,356,341,854,483,371,06,071,004101
06071004103,"Census Tract 41.03, San Bernardino County, California",1467,28,5,0,5,23,23,0,1439,700,395,305,739,396,343,06,071,004103
06071004104,"Census Tract 41.04, San Bernardino County, California",1674,282,125,80,45,157,95,62,1392,627,301,326,765,388,377,06,071,004104
06037294810,"Census Tract 2948.10, Los Angeles County, California",1179,71,47,26,21,24,11,13,1108,412,218,194,696,427,269,06,037,294810
06037300701,"Census Tract 3007.01, Los Angeles County, California",1302,0,0,0,0,0,0,0,1302,607,446,161,695,490,205,06,037,300701
06037301502,"Census Tract 3015.02, Los Angeles County, California",1938,64,64,0,64,0,0,0,1874,954,739,215,920,625,295,06,037,301502
06037301601,"Census Tract 3016.01, Los Angeles County, California",1605,0,0,0,0,0,0,0,1605,690,595,95,915,627,288,06,037,301601
06037302102,"Census Tract 3021.02, Los Angeles County, California",1249,64,64,64,0,0,0,0,1185,626,481,145,559,403,156,06,037,302102
06037143902,"Census Tract 1439.02, Los Angeles County, California",790,25,25,25,0,0,0,0,765,369,303,66,396,332,64,06,037,143902
06037183620,"Census Tract 1836.20, Los Angeles County, California",945,47,22,22,0,25,25,0,898,291,241,50,607,514,93,06,037,183620
06037187300,"Census Tract 1873, Los Angeles County, California",1145,27,23,13,10,4,0,4,1118,437,390,47,681,651,30,06,037,187300
06037189702,"Census Tract 1897.02, Los Angeles County, California",429,19,19,9,10,0,0,0,410,150,140,10,260,204,56,06,037,189702
06037199110,"Census Tract 1991.10, Los Angeles County, California",595,37,0,0,0,37,28,9,558,180,114,66,378,240,138,06,037,199110
06037191720,"Census Tract 1917.20, Los Angeles County, California",826,0,0,0,0,0,0,0,826,266,97,169,560,378,182,06,037,191720
06037197200,"Census Tract 1972, Los Angeles County, California",888,66,23,23,0,43,43,0,822,264,168,96,558,417,141,06,037,197200
06037199900,"Census Tract 1999, Los Angeles County, California",689,17,6,0,6,11,11,0,672,239,233,6,433,277,156,06,037,199900
06037650101,"Census Tract 6501.01, Los Angeles County, California",1131,123,104,78,26,19,0,19,1008,533,339,194,475,230,245,06,037,650101
06037574800,"Census Tract 5748, Los Angeles County, California",692,0,0,0,0,0,0,0,692,296,203,93,396,367,29,06,037,574800
06037574902,"Census Tract 5749.02, Los Angeles County, California",2195,68,25,25,0,43,0,43,2127,267,230,37,1860,845,1015,06,037,574902
06037575103,"Census Tract 5751.03, Los Angeles County, California",1537,75,17,5,12,58,52,6,1462,414,317,97,1048,678,370,06,037,575103
06037575902,"Census Tract 5759.02, Los Angeles County, California",1429,44,14,14,0,30,30,0,1385,379,241,138,1006,892,114,06,037,575902
06037576401,"Census Tract 5764.01, Los Angeles County, California",1182,69,47,9,38,22,0,22,1113,423,312,111,690,340,350,06,037,576401
06037600202,"Census Tract 6002.02, Los Angeles County, California",1825,88,32,9,23,56,36,20,1737,412,237,175,1325,863,462,06,037,600202
06037600400,"Census Tract 6004, Los Angeles County, California",1009,9,0,0,0,9,9,0,1000,259,237,22,741,593,148,06,037,600400
06037600602,"Census Tract 6006.02, Los Angeles County, California",766,49,13,10,3,36,14,22,717,209,107,102,508,295,213,06,037,600602
06037601600,"Census Tract 6016, Los Angeles County, California",994,45,45,20,25,0,0,0,949,295,186,109,654,486,168,06,037,601600
06037601700,"Census Tract 6017, Los Angeles County, California",1414,92,9,0,9,83,9,74,1322,583,407,176,739,485,254,06,037,601700
06037602200,"Census Tract 6022, Los Angeles County, California",1931,93,77,66,11,16,16,0,1838,799,622,177,1039,901,138,06,037,602200
06037603101,"Census Tract 6031.01, Los Angeles County, California",1031,30,22,13,9,8,8,0,1001,385,251,134,616,399,217,06,037,603101
06037603400,"Census Tract 6034, Los Angeles County, California",1015,81,81,81,0,0,0,0,934,376,282,94,558,331,227,06,037,603400
06037620001,"Census Tract 6200.01, Los Angeles County, California",1090,30,30,30,0,0,0,0,1060,458,334,124,602,492,110,06,037,620001
06037620002,"Census Tract 6200.02, Los Angeles County, California",888,40,40,34,6,0,0,0,848,460,369,91,388,302,86,06,037,620002
06037620201,"Census Tract 6202.01, Los Angeles County, California",508,29,29,23,6,0,0,0,479,124,104,20,355,336,19,06,037,620201
06037603704,"Census Tract 6037.04, Los Angeles County, California",1777,187,169,94,75,18,18,0,1590,363,286,77,1227,959,268,06,037,603704
06037603900,"Census Tract 6039, Los Angeles County, California",1844,105,67,18,49,38,11,27,1739,630,557,73,1109,825,284,06,037,603900
06037620901,"Census Tract 6209.01, Los Angeles County, California",587,42,36,6,30,6,6,0,545,325,175,150,220,138,82,06,037,620901
06083002802,"Census Tract 28.02, Santa Barbara County, California",1297,145,122,102,20,23,0,23,1152,629,395,234,523,303,220,06,083,002802
06083002806,"Census Tract 28.06, Santa Barbara County, California",556,74,23,6,17,51,23,28,482,221,197,24,261,167,94,06,083,002806
06083002913,"Census Tract 29.13, Santa Barbara County, California",760,33,33,33,0,0,0,0,727,236,154,82,491,359,132,06,083,002913
06083002914,"Census Tract 29.14, Santa Barbara County, California",781,33,25,17,8,8,8,0,748,312,212,100,436,288,148,06,083,002914
06083000400,"Census Tract 4, Santa Barbara County, California",1247,1,1,0,1,0,0,0,1246,593,570,23,653,487,166,06,083,000400
06083001203,"Census Tract 12.03, Santa Barbara County, California",766,28,28,28,0,0,0,0,738,189,143,46,549,401,148,06,083,001203
06083001800,"Census Tract 18, Santa Barbara County, California",243,9,0,0,0,9,0,9,234,139,46,93,95,49,46,06,083,001800
06083001905,"Census Tract 19.05, Santa Barbara County, California",442,0,0,0,0,0,0,0,442,285,225,60,157,127,30,06,083,001905
06083002012,"Census Tract 20.12, Santa Barbara County, California",534,13,13,3,10,0,0,0,521,259,243,16,262,223,39,06,083,002012
06083002708,"Census Tract 27.08, Santa Barbara County, California",538,2,0,0,0,2,2,0,536,168,144,24,368,322,46,06,083,002708
06083002907,"Census Tract 29.07, Santa Barbara County, California",783,21,21,0,21,0,0,0,762,377,244,133,385,230,155,06,083,002907
06083002909,"Census Tract 29.09, Santa Barbara County, California",1068,62,17,17,0,45,0,45,1006,360,315,45,646,447,199,06,083,002909
06083002008,"Census Tract 20.08, Santa Barbara County, California",1520,89,54,20,34,35,18,17,1431,711,533,178,720,649,71,06,083,002008
06067008136,"Census Tract 81.36, Sacramento County, California",603,29,29,11,18,0,0,0,574,307,213,94,267,217,50,06,067,008136
06067000600,"Census Tract 6, Sacramento County, California",294,0,0,0,0,0,0,0,294,66,58,8,228,223,5,06,067,000600
06067000700,"Census Tract 7, Sacramento County, California",308,0,0,0,0,0,0,0,308,86,16,70,222,15,207,06,067,000700
06067001800,"Census Tract 18, Sacramento County, California",1708,77,54,0,54,23,0,23,1631,533,351,182,1098,954,144,06,067,001800
06067002200,"Census Tract 22, Sacramento County, California",1090,110,24,24,0,86,74,12,980,303,188,115,677,416,261,06,067,002200
06067002900,"Census Tract 29, Sacramento County, California",1183,143,79,79,0,64,0,64,1040,401,340,61,639,482,157,06,067,002900
06067003000,"Census Tract 30, Sacramento County, California",1744,62,62,16,46,0,0,0,1682,674,506,168,1008,737,271,06,067,003000
06067003900,"Census Tract 39, Sacramento County, California",798,17,17,17,0,0,0,0,781,336,287,49,445,361,84,06,067,003900
06067004012,"Census Tract 40.12, Sacramento County, California",816,31,20,9,11,11,0,11,785,298,252,46,487,433,54,06,067,004012
06067004905,"Census Tract 49.05, Sacramento County, California",1503,98,12,12,0,86,29,57,1405,684,563,121,721,583,138,06,067,004905
06067007904,"Census Tract 79.04, Sacramento County, California",1154,16,8,0,8,8,8,0,1138,472,347,125,666,476,190,06,067,007904
06067008138,"Census Tract 81.38, Sacramento County, California",799,39,39,8,31,0,0,0,760,302,206,96,458,355,103,06,067,008138
06067008211,"Census Tract 82.11, Sacramento County, California",517,0,0,0,0,0,0,0,517,220,118,102,297,214,83,06,067,008211
06067009309,"Census Tract 93.09, Sacramento County, California",472,5,5,5,0,0,0,0,467,212,170,42,255,174,81,06,067,009309
06067008208,"Census Tract 82.08, Sacramento County, California",1122,39,23,12,11,16,16,0,1083,509,389,120,574,484,90,06,067,008208
06067008504,"Census Tract 85.04, Sacramento County, California",1062,48,39,13,26,9,9,0,1014,632,450,182,382,321,61,06,067,008504
06067008600,"Census Tract 86, Sacramento County, California",1300,26,26,0,26,0,0,0,1274,751,531,220,523,358,165,06,067,008600
06067009008,"Census Tract 90.08, Sacramento County, California",1316,27,0,0,0,27,0,27,1289,428,280,148,861,553,308,06,067,009008
06067009307,"Census Tract 93.07, Sacramento County, California",1208,73,73,29,44,0,0,0,1135,550,439,111,585,336,249,06,067,009307
06067009406,"Census Tract 94.06, Sacramento County, California",416,0,0,0,0,0,0,0,416,263,192,71,153,57,96,06,067,009406
06067009502,"Census Tract 95.02, Sacramento County, California",1611,179,105,83,22,74,74,0,1432,798,546,252,634,469,165,06,067,009502
06067000300,"Census Tract 3, Sacramento County, California",711,66,65,48,17,1,1,0,645,409,375,34,236,191,45,06,067,000300
06067000500,"Census Tract 5, Sacramento County, California",1156,12,0,0,0,12,12,0,1144,206,172,34,938,845,93,06,067,000500
06067000800,"Census Tract 8, Sacramento County, California",419,0,0,0,0,0,0,0,419,68,68,0,351,341,10,06,067,000800
06067001300,"Census Tract 13, Sacramento County, California",1340,41,19,19,0,22,22,0,1299,193,184,9,1106,1045,61,06,067,001300
06067002100,"Census Tract 21, Sacramento County, California",639,45,24,0,24,21,21,0,594,150,144,6,444,395,49,06,067,002100
06067003101,"Census Tract 31.01, Sacramento County, California",1014,20,7,0,7,13,13,0,994,413,289,124,581,373,208,06,067,003101
06067000100,"Census Tract 1, Sacramento County, California",871,60,50,50,0,10,0,10,811,394,323,71,417,316,101,06,067,000100
06001400400,"Census Tract 4004, Alameda County, California",1301,75,75,48,27,0,0,0,1226,351,323,28,875,716,159,06,001,400400
06001403300,"Census Tract 4033, Alameda County, California",1257,14,14,0,14,0,0,0,1243,339,234,105,904,854,50,06,001,403300
06001401300,"Census Tract 4013, Alameda County, California",1012,18,13,0,13,5,0,5,994,229,221,8,765,681,84,06,001,401300
06001408800,"Census Tract 4088, Alameda County, California",1825,118,47,23,24,71,38,33,1707,550,293,257,1157,549,608,06,001,408800
06001403000,"Census Tract 4030, Alameda County, California",559,0,0,0,0,0,0,0,559,273,179,94,286,221,65,06,001,403000
06075015700,"Census Tract 157, San Francisco County, California",3451,62,62,41,21,0,0,0,3389,525,429,96,2864,1888,976,06,075,015700
06075016400,"Census Tract 164, San Francisco County, California",1622,32,7,7,0,25,25,0,1590,396,376,20,1194,1151,43,06,075,016400
06111001206,"Census Tract 12.06, Ventura County, California",208,17,17,0,17,0,0,0,191,71,53,18,120,38,82,06,111,001206
06111003012,"Census Tract 30.12, Ventura County, California",127,0,0,0,0,0,0,0,127,81,38,43,46,46,0,06,111,003012
06111003609,"Census Tract 36.09, Ventura County, California",1211,0,0,0,0,0,0,0,1211,423,296,127,788,679,109,06,111,003609
06111003010,"Census Tract 30.10, Ventura County, California",789,22,18,8,10,4,0,4,767,373,325,48,394,295,99,06,111,003010
06111003612,"Census Tract 36.12, Ventura County, California",966,20,20,20,0,0,0,0,946,426,375,51,520,461,59,06,111,003612
06111003011,"Census Tract 30.11, Ventura County, California",1522,38,23,23,0,15,0,15,1484,523,406,117,961,623,338,06,111,003011
06111003013,"Census Tract 30.13, Ventura County, California",1391,18,11,11,0,7,7,0,1373,605,520,85,768,634,134,06,111,003013
06111003801,"Census Tract 38.01, Ventura County, California",1207,51,33,33,0,18,18,0,1156,393,260,133,763,487,276,06,111,003801
06111003802,"Census Tract 38.02, Ventura County, California",669,57,39,30,9,18,12,6,612,191,133,58,421,314,107,06,111,003802
06111004304,"Census Tract 43.04, Ventura County, California",1259,223,156,142,14,67,33,34,1036,538,450,88,498,441,57,06,111,004304
06111004305,"Census Tract 43.05, Ventura County, California",504,57,57,9,48,0,0,0,447,303,181,122,144,118,26,06,111,004305
06111004505,"Census Tract 45.05, Ventura County, California",575,25,11,11,0,14,14,0,550,176,104,72,374,217,157,06,111,004505
06111004506,"Census Tract 45.06, Ventura County, California",1669,305,85,54,31,220,126,94,1364,538,358,180,826,534,292,06,111,004506
06111004710,"Census Tract 47.10, Ventura County, California",1082,45,24,24,0,21,21,0,1037,499,451,48,538,389,149,06,111,004710
06111004711,"Census Tract 47.11, Ventura County, California",823,16,0,0,0,16,16,0,807,344,248,96,463,344,119,06,111,004711
06111004715,"Census Tract 47.15, Ventura County, California",1309,170,110,35,75,60,60,0,1139,470,336,134,669,542,127,06,111,004715
06111004716,"Census Tract 47.16, Ventura County, California",1290,108,50,21,29,58,16,42,1182,588,475,113,594,385,209,06,111,004716
06111004717,"Census Tract 47.17, Ventura County, California",949,31,0,0,0,31,10,21,918,441,295,146,477,416,61,06,111,004717
06111004901,"Census Tract 49.01, Ventura County, California",2181,155,126,120,6,29,29,0,2026,927,775,152,1099,870,229,06,111,004901
06111004902,"Census Tract 49.02, Ventura County, California",1250,97,38,22,16,59,15,44,1153,365,325,40,788,521,267,06,111,004902
06111005003,"Census Tract 50.03, Ventura County, California",1909,108,59,13,46,49,49,0,1801,718,418,300,1083,811,272,06,111,005003
06037571502,"Census Tract 5715.02, Los Angeles County, California",1175,78,7,7,0,71,44,27,1097,545,363,182,552,419,133,06,037,571502
06037571600,"Census Tract 5716, Los Angeles County, California",640,20,0,0,0,20,20,0,620,88,33,55,532,347,185,06,037,571600
06037573202,"Census Tract 5732.02, Los Angeles County, California",1411,54,54,20,34,0,0,0,1357,458,231,227,899,559,340,06,037,573202
06037573902,"Census Tract 5739.02, Los Angeles County, California",390,0,0,0,0,0,0,0,390,183,149,34,207,153,54,06,037,573902
06037576403,"Census Tract 5764.03, Los Angeles County, California",1645,63,34,28,6,29,29,0,1582,417,247,170,1165,801,364,06,037,576403
06037576501,"Census Tract 5765.01, Los Angeles County, California",777,48,11,11,0,37,37,0,729,250,189,61,479,412,67,06,037,576501
06037221220,"Census Tract 2212.20, Los Angeles County, California",850,36,0,0,0,36,0,36,814,315,250,65,499,344,155,06,037,221220
06037221820,"Census Tract 2218.20, Los Angeles County, California",974,0,0,0,0,0,0,0,974,95,87,8,879,346,533,06,037,221820
06037224010,"Census Tract 2240.10, Los Angeles County, California",784,11,11,0,11,0,0,0,773,204,144,60,569,443,126,06,037,224010
06037224600,"Census Tract 2246, Los Angeles County, California",827,44,18,0,18,26,26,0,783,214,144,70,569,463,106,06,037,224600
06037267404,"Census Tract 2674.04, Los Angeles County, California",1066,27,27,24,3,0,0,0,1039,284,279,5,755,590,165,06,037,267404
06037265602,"Census Tract 2656.02, Los Angeles County, California",720,33,33,22,11,0,0,0,687,139,91,48,548,380,168,06,037,265602
06037267901,"Census Tract 2679.01, Los Angeles County, California",411,10,10,10,0,0,0,0,401,187,60,127,214,173,41,06,037,267901
06037269602,"Census Tract 2696.02, Los Angeles County, California",881,16,16,16,0,0,0,0,865,254,193,61,611,549,62,06,037,269602
06037267902,"Census Tract 2679.02, Los Angeles County, California",958,69,69,45,24,0,0,0,889,374,259,115,515,458,57,06,037,267902
06037269601,"Census Tract 2696.01, Los Angeles County, California",987,56,56,17,39,0,0,0,931,365,181,184,566,482,84,06,037,269601
06037269903,"Census Tract 2699.03, Los Angeles County, California",1322,37,37,0,37,0,0,0,1285,326,267,59,959,762,197,06,037,269903
06037269904,"Census Tract 2699.04, Los Angeles County, California",1302,14,14,14,0,0,0,0,1288,368,290,78,920,834,86,06,037,269904
06037227010,"Census Tract 2270.10, Los Angeles County, California",1520,60,31,0,31,29,11,18,1460,506,308,198,954,553,401,06,037,227010
06037228310,"Census Tract 2283.10, Los Angeles County, California",1145,79,21,0,21,58,48,10,1066,461,324,137,605,416,189,06,037,228310
06037228800,"Census Tract 2288, Los Angeles County, California",1434,72,47,0,47,25,25,0,1362,416,311,105,946,489,457,06,037,228800
06037229410,"Census Tract 2294.10, Los Angeles County, California",884,63,28,22,6,35,18,17,821,267,145,122,554,354,200,06,037,229410
06037231900,"Census Tract 2319, Los Angeles County, California",1407,45,21,0,21,24,0,24,1362,557,255,302,805,344,461,06,037,231900
06037232120,"Census Tract 2321.20, Los Angeles County, California",1550,168,60,12,48,108,48,60,1382,492,217,275,890,495,395,06,037,232120
06085512602,"Census Tract 5126.02, Santa Clara County, California",487,19,0,0,0,19,19,0,468,231,158,73,237,169,68,06,085,512602
06085506804,"Census Tract 5068.04, Santa Clara County, California",647,62,62,62,0,0,0,0,585,379,226,153,206,131,75,06,085,506804
06085507301,"Census Tract 5073.01, Santa Clara County, California",1101,28,28,10,18,0,0,0,1073,672,381,291,401,185,216,06,085,507301
06085507903,"Census Tract 5079.03, Santa Clara County, California",1041,14,14,7,7,0,0,0,1027,648,436,212,379,236,143,06,085,507903
06085507906,"Census Tract 5079.06, Santa Clara County, California",938,13,13,13,0,0,0,0,925,615,400,215,310,134,176,06,085,507906
06085508102,"Census Tract 5081.02, Santa Clara County, California",894,58,58,21,37,0,0,0,836,655,379,276,181,127,54,06,085,508102
06085508401,"Census Tract 5084.01, Santa Clara County, California",1440,19,18,0,18,1,1,0,1421,1034,646,388,387,220,167,06,085,508401
06085508403,"Census Tract 5084.03, Santa Clara County, California",572,23,23,23,0,0,0,0,549,386,274,112,163,112,51,06,085,508403
06085508503,"Census Tract 5085.03, Santa Clara County, California",1710,104,104,29,75,0,0,0,1606,1336,716,620,270,218,52,06,085,508503
06085508601,"Census Tract 5086.01, Santa Clara County, California",854,28,28,28,0,0,0,0,826,559,408,151,267,227,40,06,085,508601
06085509102,"Census Tract 5091.02, Santa Clara County, California",1530,49,49,17,32,0,0,0,1481,863,556,307,618,576,42,06,085,509102
06085509105,"Census Tract 5091.05, Santa Clara County, California",1805,117,117,112,5,0,0,0,1688,908,696,212,780,735,45,06,085,509105
06085509201,"Census Tract 5092.01, Santa Clara County, California",1230,53,53,36,17,0,0,0,1177,492,410,82,685,590,95,06,085,509201
06085510002,"Census Tract 5100.02, Santa Clara County, California",721,62,54,32,22,8,8,0,659,427,269,158,232,202,30,06,085,510002
06085510500,"Census Tract 5105, Santa Clara County, California",823,20,20,10,10,0,0,0,803,515,322,193,288,168,120,06,085,510500
06085510900,"Census Tract 5109, Santa Clara County, California",1089,0,0,0,0,0,0,0,1089,588,472,116,501,430,71,06,085,510900
06019005504,"Census Tract 55.04, Fresno County, California",783,19,19,11,8,0,0,0,764,447,381,66,317,198,119,06,019,005504
06037228210,"Census Tract 2282.10, Los Angeles County, California",964,54,15,0,15,39,32,7,910,242,186,56,668,358,310,06,037,228210
06037231210,"Census Tract 2312.10, Los Angeles County, California",930,79,58,31,27,21,0,21,851,363,245,118,488,287,201,06,037,231210
06037231720,"Census Tract 2317.20, Los Angeles County, California",1390,59,51,23,28,8,0,8,1331,317,171,146,1014,732,282,06,037,231720
06037231800,"Census Tract 2318, Los Angeles County, California",1290,69,38,0,38,31,0,31,1221,477,307,170,744,426,318,06,037,231800
06071011101,"Census Tract 111.01, San Bernardino County, California",619,20,20,0,20,0,0,0,599,344,229,115,255,214,41,06,071,011101
06071011102,"Census Tract 111.02, San Bernardino County, California",334,16,8,7,1,8,8,0,318,174,127,47,144,116,28,06,071,011102
06071011203,"Census Tract 112.03, San Bernardino County, California",271,11,0,0,0,11,0,11,260,133,84,49,127,85,42,06,071,011203
06071011204,"Census Tract 112.04, San Bernardino County, California",282,20,0,0,0,20,0,20,262,75,34,41,187,146,41,06,071,011204
06071011205,"Census Tract 112.05, San Bernardino County, California",251,23,8,0,8,15,2,13,228,76,39,37,152,121,31,06,071,011205
06071011206,"Census Tract 112.06, San Bernardino County, California",199,0,0,0,0,0,0,0,199,55,35,20,144,106,38,06,071,011206
06071011401,"Census Tract 114.01, San Bernardino County, California",950,31,18,0,18,13,0,13,919,377,264,113,542,404,138,06,071,011401
06071011403,"Census Tract 114.03, San Bernardino County, California",640,40,40,0,40,0,0,0,600,251,174,77,349,259,90,06,071,011403
06071011404,"Census Tract 114.04, San Bernardino County, California",789,25,25,18,7,0,0,0,764,478,346,132,286,157,129,06,071,011404
06071012001,"Census Tract 120.01, San Bernardino County, California",1397,94,20,5,15,74,44,30,1303,606,363,243,697,438,259,06,071,012001
06071012002,"Census Tract 120.02, San Bernardino County, California",1254,130,5,0,5,125,115,10,1124,418,277,141,706,360,346,06,071,012002
06071012101,"Census Tract 121.01, San Bernardino County, California",1175,10,10,10,0,0,0,0,1165,562,369,193,603,487,116,06,071,012101
06071012103,"Census Tract 121.03, San Bernardino County, California",793,27,0,0,0,27,1,26,766,306,200,106,460,231,229,06,071,012103
06071012104,"Census Tract 121.04, San Bernardino County, California",1079,47,18,0,18,29,29,0,1032,457,327,130,575,313,262,06,071,012104
06071012200,"Census Tract 122, San Bernardino County, California",1213,126,126,65,61,0,0,0,1087,630,486,144,457,367,90,06,071,012200
06037269905,"Census Tract 2699.05, Los Angeles County, California",1008,41,41,9,32,0,0,0,967,255,204,51,712,580,132,06,037,269905
06037269906,"Census Tract 2699.06, Los Angeles County, California",1097,63,63,45,18,0,0,0,1034,454,378,76,580,546,34,06,037,269906
06037269907,"Census Tract 2699.07, Los Angeles County, California",1033,11,11,11,0,0,0,0,1022,188,87,101,834,738,96,06,037,269907
06037271901,"Census Tract 2719.01, Los Angeles County, California",793,36,36,8,28,0,0,0,757,233,149,84,524,411,113,06,037,271901
06037271902,"Census Tract 2719.02, Los Angeles County, California",1002,43,16,16,0,27,27,0,959,373,248,125,586,411,175,06,037,271902
06037272201,"Census Tract 2722.01, Los Angeles County, California",837,33,26,4,22,7,0,7,804,219,181,38,585,540,45,06,037,272201
06037272202,"Census Tract 2722.02, Los Angeles County, California",1166,46,36,29,7,10,10,0,1120,409,224,185,711,662,49,06,037,272202
06037273402,"Census Tract 2734.02, Los Angeles County, California",970,16,16,16,0,0,0,0,954,231,222,9,723,677,46,06,037,273402
06037273502,"Census Tract 2735.02, Los Angeles County, California",884,24,24,24,0,0,0,0,860,292,250,42,568,497,71,06,037,273502
06037273902,"Census Tract 2739.02, Los Angeles County, California",1045,0,0,0,0,0,0,0,1045,462,388,74,583,558,25,06,037,273902
06037275101,"Census Tract 2751.01, Los Angeles County, California",340,19,12,12,0,7,7,0,321,101,82,19,220,169,51,06,037,275101
06037274202,"Census Tract 2742.02, Los Angeles County, California",962,32,32,18,14,0,0,0,930,375,237,138,555,467,88,06,037,274202
06037275102,"Census Tract 2751.02, Los Angeles County, California",1215,32,32,17,15,0,0,0,1183,421,252,169,762,594,168,06,037,275102
06037275602,"Census Tract 2756.02, Los Angeles County, California",3352,217,94,28,66,123,61,62,3135,1425,1070,355,1710,1300,410,06,037,275602
06037276603,"Census Tract 2766.03, Los Angeles County, California",1543,35,14,14,0,21,21,0,1508,557,454,103,951,772,179,06,037,276603
06037276604,"Census Tract 2766.04, Los Angeles County, California",1632,0,0,0,0,0,0,0,1632,320,251,69,1312,922,390,06,037,276604
06037275500,"Census Tract 2755, Los Angeles County, California",1565,23,0,0,0,23,23,0,1542,382,163,219,1160,948,212,06,037,275500
06001443321,"Census Tract 4433.21, Alameda County, California",941,25,25,0,25,0,0,0,916,700,382,318,216,154,62,06,001,443321
06001444301,"Census Tract 4443.01, Alameda County, California",803,26,7,0,7,19,10,9,777,417,348,69,360,270,90,06,001,444301
06001444601,"Census Tract 4446.01, Alameda County, California",1354,29,29,29,0,0,0,0,1325,818,667,151,507,310,197,06,001,444601
06001443322,"Census Tract 4433.22, Alameda County, California",795,52,47,26,21,5,5,0,743,455,343,112,288,157,131,06,001,443322
06001444302,"Census Tract 4443.02, Alameda County, California",1207,24,24,7,17,0,0,0,1183,487,316,171,696,479,217,06,001,444302
06001444602,"Census Tract 4446.02, Alameda County, California",1346,114,114,44,70,0,0,0,1232,554,409,145,678,646,32,06,001,444602
06001450102,"Census Tract 4501.02, Alameda County, California",1770,99,92,24,68,7,0,7,1671,922,439,483,749,206,543,06,001,450102
06001450501,"Census Tract 4505.01, Alameda County, California",603,63,63,30,33,0,0,0,540,352,231,121,188,130,58,06,001,450501
06001450502,"Census Tract 4505.02, Alameda County, California",1178,110,110,73,37,0,0,0,1068,699,520,179,369,228,141,06,001,450502
06001450744,"Census Tract 4507.44, Alameda County, California",1405,55,35,28,7,20,20,0,1350,768,519,249,582,391,191,06,001,450744
06001450745,"Census Tract 4507.45, Alameda County, California",1559,0,0,0,0,0,0,0,1559,1136,903,233,423,272,151,06,001,450745
06001450101,"Census Tract 4501.01, Alameda County, California",1870,165,151,124,27,14,14,0,1705,971,648,323,734,515,219,06,001,450101
06059099242,"Census Tract 992.42, Orange County, California",815,20,20,8,12,0,0,0,795,283,214,69,512,426,86,06,059,099242
06059099245,"Census Tract 992.45, Orange County, California",614,0,0,0,0,0,0,0,614,205,160,45,409,286,123,06,059,099245
06059099309,"Census Tract 993.09, Orange County, California",993,24,24,0,24,0,0,0,969,451,337,114,518,339,179,06,059,099309
06059099404,"Census Tract 994.04, Orange County, California",927,70,26,26,0,44,44,0,857,379,339,40,478,320,158,06,059,099404
06059099307,"Census Tract 993.07, Orange County, California",567,20,11,11,0,9,9,0,547,158,80,78,389,344,45,06,059,099307
06059099408,"Census Tract 994.08, Orange County, California",1044,94,73,28,45,21,21,0,950,427,238,189,523,281,242,06,059,099408
06059099240,"Census Tract 992.40, Orange County, California",1327,66,66,25,41,0,0,0,1261,502,421,81,759,609,150,06,059,099240
06065043809,"Census Tract 438.09, Riverside County, California",364,6,6,6,0,0,0,0,358,272,214,58,86,57,29,06,065,043809
06065044102,"Census Tract 441.02, Riverside County, California",698,21,0,0,0,21,10,11,677,330,176,154,347,174,173,06,065,044102
06065044402,"Census Tract 444.02, Riverside County, California",893,83,66,55,11,17,17,0,810,480,205,275,330,274,56,06,065,044402
06065044509,"Census Tract 445.09, Riverside County, California",1134,48,32,32,0,16,8,8,1086,378,271,107,708,385,323,06,065,044509
06065044602,"Census Tract 446.02, Riverside County, California",595,0,0,0,0,0,0,0,595,201,189,12,394,258,136,06,065,044602
06065042410,"Census Tract 424.10, Riverside County, California",1293,154,117,35,82,37,0,37,1139,440,293,147,699,499,200,06,065,042410
06065042213,"Census Tract 422.13, Riverside County, California",885,52,24,24,0,28,28,0,833,351,204,147,482,294,188,06,065,042213
06013313203,"Census Tract 3132.03, Contra Costa County, California",755,19,13,5,8,6,0,6,736,320,186,134,416,340,76,06,013,313203
06013313204,"Census Tract 3132.04, Contra Costa County, California",1227,71,47,39,8,24,0,24,1156,629,383,246,527,385,142,06,013,313204
06081603400,"Census Tract 6034, San Mateo County, California",1049,30,30,16,14,0,0,0,1019,532,462,70,487,432,55,06,081,603400
06013313205,"Census Tract 3132.05, Contra Costa County, California",376,15,15,15,0,0,0,0,361,199,111,88,162,137,25,06,013,313205
06013313206,"Census Tract 3132.06, Contra Costa County, California",1480,112,28,28,0,84,26,58,1368,613,429,184,755,517,238,06,013,313206
06013320003,"Census Tract 3200.03, Contra Costa County, California",576,45,38,38,0,7,7,0,531,305,231,74,226,162,64,06,013,320003
06013320004,"Census Tract 3200.04, Contra Costa County, California",1545,85,67,38,29,18,18,0,1460,773,527,246,687,505,182,06,013,320004
06065042411,"Census Tract 424.11, Riverside County, California",625,4,4,0,4,0,0,0,621,201,119,82,420,238,182,06,065,042411
06065042412,"Census Tract 424.12, Riverside County, California",1171,53,53,18,35,0,0,0,1118,483,288,195,635,434,201,06,065,042412
06065031701,"Census Tract 317.01, Riverside County, California",591,0,0,0,0,0,0,0,591,160,106,54,431,284,147,06,065,031701
06065042617,"Census Tract 426.17, Riverside County, California",2966,183,81,60,21,102,43,59,2783,1036,642,394,1747,1054,693,06,065,042617
06065042618,"Census Tract 426.18, Riverside County, California",2233,142,92,51,41,50,13,37,2091,968,433,535,1123,645,478,06,065,042618
06065042619,"Census Tract 426.19, Riverside County, California",3364,42,42,42,0,0,0,0,3322,1613,1114,499,1709,1106,603,06,065,042619
06065042620,"Census Tract 426.20, Riverside County, California",3135,340,207,150,57,133,133,0,2795,1338,655,683,1457,961,496,06,065,042620
06065042621,"Census Tract 426.21, Riverside County, California",2270,85,26,7,19,59,48,11,2185,854,588,266,1331,656,675,06,065,042621
06065042622,"Census Tract 426.22, Riverside County, California",1366,107,73,49,24,34,14,20,1259,482,374,108,777,491,286,06,065,042622
06065042623,"Census Tract 426.23, Riverside County, California",871,58,58,58,0,0,0,0,813,389,261,128,424,211,213,06,065,042623
06065042624,"Census Tract 426.24, Riverside County, California",1203,43,34,23,11,9,9,0,1160,462,312,150,698,481,217,06,065,042624
06065042724,"Census Tract 427.24, Riverside County, California",1109,16,16,12,4,0,0,0,1093,613,500,113,480,331,149,06,065,042724
06065042728,"Census Tract 427.28, Riverside County, California",498,0,0,0,0,0,0,0,498,211,129,82,287,161,126,06,065,042728
06065042729,"Census Tract 427.29, Riverside County, California",2109,200,147,105,42,53,23,30,1909,737,570,167,1172,766,406,06,065,042729
06065042730,"Census Tract 427.30, Riverside County, California",1364,0,0,0,0,0,0,0,1364,483,328,155,881,408,473,06,065,042730
06065042726,"Census Tract 427.26, Riverside County, California",2094,120,43,34,9,77,77,0,1974,1038,668,370,936,602,334,06,065,042726
06085512401,"Census Tract 5124.01, Santa Clara County, California",982,42,28,28,0,14,14,0,940,491,319,172,449,276,173,06,085,512401
06085500100,"Census Tract 5001, Santa Clara County, California",2093,148,142,105,37,6,6,0,1945,717,566,151,1228,923,305,06,085,500100
06085500400,"Census Tract 5004, Santa Clara County, California",669,35,13,13,0,22,0,22,634,276,188,88,358,292,66,06,085,500400
06085500500,"Census Tract 5005, Santa Clara County, California",1333,31,31,14,17,0,0,0,1302,589,515,74,713,485,228,06,085,500500
06085501600,"Census Tract 5016, Santa Clara County, California",2332,97,39,39,0,58,46,12,2235,294,237,57,1941,1251,690,06,085,501600
06085501800,"Census Tract 5018, Santa Clara County, California",1430,20,20,6,14,0,0,0,1410,576,433,143,834,698,136,06,085,501800
06085501900,"Census Tract 5019, Santa Clara County, California",1329,103,78,64,14,25,13,12,1226,561,344,217,665,585,80,06,085,501900
06085502002,"Census Tract 5020.02, Santa Clara County, California",1473,23,23,6,17,0,0,0,1450,652,458,194,798,647,151,06,085,502002
06085502702,"Census Tract 5027.02, Santa Clara County, California",1847,82,82,37,45,0,0,0,1765,1220,779,441,545,288,257,06,085,502702
06019005514,"Census Tract 55.14, Fresno County, California",761,10,10,10,0,0,0,0,751,414,329,85,337,199,138,06,019,005514
06019006402,"Census Tract 64.02, Fresno County, California",468,34,25,4,21,9,7,2,434,219,146,73,215,119,96,06,019,006402
06019007002,"Census Tract 70.02, Fresno County, California",1150,23,0,0,0,23,9,14,1127,350,263,87,777,416,361,06,019,007002
06019007004,"Census Tract 70.04, Fresno County, California",1263,46,17,17,0,29,29,0,1217,701,498,203,516,328,188,06,019,007004
06019007100,"Census Tract 71, Fresno County, California",1856,213,151,37,114,62,0,62,1643,623,270,353,1020,456,564,06,019,007100
06019005703,"Census Tract 57.03, Fresno County, California",1138,51,51,28,23,0,0,0,1087,499,379,120,588,412,176,06,019,005703
06019005904,"Census Tract 59.04, Fresno County, California",1394,96,70,55,15,26,26,0,1298,720,522,198,578,435,143,06,019,005904
06019006300,"Census Tract 63, Fresno County, California",1584,102,24,24,0,78,0,78,1482,747,390,357,735,383,352,06,019,006300
06019008200,"Census Tract 82, Fresno County, California",1579,126,80,11,69,46,25,21,1453,848,456,392,605,317,288,06,019,008200
06019008302,"Census Tract 83.02, Fresno County, California",1544,81,81,57,24,0,0,0,1463,601,401,200,862,587,275,06,019,008302
06019008402,"Census Tract 84.02, Fresno County, California",279,10,0,0,0,10,10,0,269,115,38,77,154,77,77,06,019,008402
06019005100,"Census Tract 51, Fresno County, California",1573,206,111,35,76,95,0,95,1367,205,107,98,1162,647,515,06,019,005100
06075020600,"Census Tract 206, San Francisco County, California",1339,51,51,28,23,0,0,0,1288,580,452,128,708,668,40,06,075,020600
06075020900,"Census Tract 209, San Francisco County, California",1315,13,13,0,13,0,0,0,1302,300,243,57,1002,892,110,06,075,020900
06075021800,"Census Tract 218, San Francisco County, California",1007,43,43,43,0,0,0,0,964,468,426,42,496,438,58,06,075,021800
06075022600,"Census Tract 226, San Francisco County, California",867,37,37,37,0,0,0,0,830,403,337,66,427,394,33,06,075,022600
06075023102,"Census Tract 231.02, San Francisco County, California",1240,57,31,31,0,26,0,26,1183,189,178,11,994,684,310,06,075,023102
06075025100,"Census Tract 251, San Francisco County, California",919,41,41,41,0,0,0,0,878,431,366,65,447,359,88,06,075,025100
06075017000,"Census Tract 170, San Francisco County, California",956,38,38,38,0,0,0,0,918,313,284,29,605,574,31,06,075,017000
06075018000,"Census Tract 180, San Francisco County, California",800,10,5,0,5,5,0,5,790,246,214,32,544,344,200,06,075,018000
06075021500,"Census Tract 215, San Francisco County, California",1381,58,58,58,0,0,0,0,1323,553,505,48,770,632,138,06,075,021500
06075022803,"Census Tract 228.03, San Francisco County, California",1415,43,43,21,22,0,0,0,1372,451,351,100,921,851,70,06,075,022803
06065041203,"Census Tract 412.03, Riverside County, California",945,47,30,0,30,17,4,13,898,348,175,173,550,325,225,06,065,041203
06065041812,"Census Tract 418.12, Riverside County, California",785,26,26,10,16,0,0,0,759,353,285,68,406,294,112,06,065,041812
06037267502,"Census Tract 2675.02, Los Angeles County, California",1188,36,28,0,28,8,0,8,1152,346,265,81,806,656,150,06,037,267502
06037267700,"Census Tract 2677, Los Angeles County, California",895,28,28,28,0,0,0,0,867,295,235,60,572,511,61,06,037,267700
06037270200,"Census Tract 2702, Los Angeles County, California",897,0,0,0,0,0,0,0,897,245,212,33,652,530,122,06,037,270200
06037271200,"Census Tract 2712, Los Angeles County, California",788,44,16,16,0,28,0,28,744,222,186,36,522,426,96,06,037,271200
06037272100,"Census Tract 2721, Los Angeles County, California",1251,66,54,23,31,12,12,0,1185,461,339,122,724,518,206,06,037,272100
06037272301,"Census Tract 2723.01, Los Angeles County, California",712,33,33,24,9,0,0,0,679,288,260,28,391,365,26,06,037,272301
06037272302,"Census Tract 2723.02, Los Angeles County, California",1240,44,44,29,15,0,0,0,1196,438,268,170,758,620,138,06,037,272302
06037275400,"Census Tract 2754, Los Angeles County, California",1249,59,48,26,22,11,0,11,1190,552,518,34,638,594,44,06,037,275400
06037276601,"Census Tract 2766.01, Los Angeles County, California",929,19,19,0,19,0,0,0,910,366,249,117,544,442,102,06,037,276601
06037291110,"Census Tract 2911.10, Los Angeles County, California",1058,52,8,0,8,44,44,0,1006,307,202,105,699,445,254,06,037,291110
06037291120,"Census Tract 2911.20, Los Angeles County, California",657,29,16,16,0,13,0,13,628,268,169,99,360,266,94,06,037,291120
06037294610,"Census Tract 2946.10, Los Angeles County, California",1121,84,35,16,19,49,0,49,1037,345,188,157,692,574,118,06,037,294610
06037294620,"Census Tract 2946.20, Los Angeles County, California",1130,68,15,7,8,53,0,53,1062,438,206,232,624,400,224,06,037,294620
06037294830,"Census Tract 2948.30, Los Angeles County, California",1043,44,19,9,10,25,4,21,999,464,267,197,535,363,172,06,037,294830
06037296500,"Census Tract 2965, Los Angeles County, California",767,67,41,0,41,26,4,22,700,292,166,126,408,324,84,06,037,296500
06037620702,"Census Tract 6207.02, Los Angeles County, California",1406,98,98,79,19,0,0,0,1308,979,706,273,329,263,66,06,037,620702
06037621400,"Census Tract 6214, Los Angeles County, California",1133,55,55,35,20,0,0,0,1078,450,360,90,628,430,198,06,037,621400
06073011902,"Census Tract 119.02, San Diego County, California",998,42,35,19,16,7,0,7,956,385,269,116,571,367,204,06,073,011902
06073013909,"Census Tract 139.09, San Diego County, California",1124,27,11,11,0,16,16,0,1097,546,312,234,551,435,116,06,073,013909
06073016302,"Census Tract 163.02, San Diego County, California",1380,91,70,21,49,21,14,7,1289,583,348,235,706,473,233,06,073,016302
06073010112,"Census Tract 101.12, San Diego County, California",1482,97,35,35,0,62,44,18,1385,595,289,306,790,516,274,06,073,010112
06073002301,"Census Tract 23.01, San Diego County, California",885,63,63,28,35,0,0,0,822,219,164,55,603,448,155,06,073,002301
06073003404,"Census Tract 34.04, San Diego County, California",1267,71,43,17,26,28,0,28,1196,560,293,267,636,402,234,06,073,003404
06073018903,"Census Tract 189.03, San Diego County, California",1158,153,89,27,62,64,64,0,1005,445,342,103,560,322,238,06,073,018903
06073020208,"Census Tract 202.08, San Diego County, California",629,64,22,22,0,42,0,42,565,235,163,72,330,224,106,06,073,020208
06073008337,"Census Tract 83.37, San Diego County, California",903,38,26,16,10,12,12,0,865,503,372,131,362,234,128,06,073,008337
06073010005,"Census Tract 100.05, San Diego County, California",2134,166,134,57,77,32,32,0,1968,718,476,242,1250,719,531,06,073,010005
06073012402,"Census Tract 124.02, San Diego County, California",1148,63,63,32,31,0,0,0,1085,504,380,124,581,335,246,06,073,012402
06073013801,"Census Tract 138.01, San Diego County, California",1196,171,120,73,47,51,0,51,1025,476,314,162,549,439,110,06,073,013801
06073013906,"Census Tract 139.06, San Diego County, California",1104,50,28,5,23,22,22,0,1054,399,336,63,655,442,213,06,073,013906
06073010110,"Census Tract 101.10, San Diego County, California",1994,144,59,41,18,85,70,15,1850,821,538,283,1029,654,375,06,073,010110
06073016807,"Census Tract 168.07, San Diego County, California",1700,55,55,40,15,0,0,0,1645,833,695,138,812,553,259,06,073,016807
06073019809,"Census Tract 198.09, San Diego County, California",556,16,16,16,0,0,0,0,540,299,197,102,241,216,25,06,073,019809
06073020026,"Census Tract 200.26, San Diego County, California",798,80,17,11,6,63,63,0,718,469,288,181,249,211,38,06,073,020026
06073020027,"Census Tract 200.27, San Diego County, California",3385,89,89,13,76,0,0,0,3296,2366,1755,611,930,627,303,06,073,020027
06073017056,"Census Tract 170.56, San Diego County, California",1177,200,200,82,118,0,0,0,977,517,336,181,460,357,103,06,073,017056
06073018614,"Census Tract 186.14, San Diego County, California",1263,83,83,53,30,0,0,0,1180,559,454,105,621,567,54,06,073,018614
06073020028,"Census Tract 200.28, San Diego County, California",1222,102,74,10,64,28,0,28,1120,551,308,243,569,366,203,06,073,020028
06073020029,"Census Tract 200.29, San Diego County, California",1684,83,56,30,26,27,27,0,1601,592,431,161,1009,749,260,06,073,020029
06059052425,"Census Tract 524.25, Orange County, California",1535,121,77,0,77,44,0,44,1414,703,573,130,711,534,177,06,059,052425
06059052506,"Census Tract 525.06, Orange County, California",521,9,5,0,5,4,4,0,512,246,181,65,266,196,70,06,059,052506
06059052524,"Census Tract 525.24, Orange County, California",2063,90,53,53,0,37,19,18,1973,904,649,255,1069,969,100,06,059,052524
06059062614,"Census Tract 626.14, Orange County, California",8873,122,122,101,21,0,0,0,8751,925,529,396,7826,2995,4831,06,059,062614
06059062625,"Census Tract 626.25, Orange County, California",559,27,27,27,0,0,0,0,532,266,206,60,266,127,139,06,059,062625
06059062635,"Census Tract 626.35, Orange County, California",978,61,52,42,10,9,9,0,917,506,462,44,411,309,102,06,059,062635
06073020213,"Census Tract 202.13, San Diego County, California",925,72,29,23,6,43,19,24,853,384,210,174,469,320,149,06,073,020213
06073020214,"Census Tract 202.14, San Diego County, California",1592,108,49,20,29,59,59,0,1484,503,272,231,981,598,383,06,073,020214
06073020308,"Census Tract 203.08, San Diego County, California",1123,27,27,9,18,0,0,0,1096,367,256,111,729,338,391,06,073,020308
06073020309,"Census Tract 203.09, San Diego County, California",1104,86,54,29,25,32,0,32,1018,461,262,199,557,447,110,06,073,020309
06073020810,"Census Tract 208.10, San Diego County, California",971,35,29,19,10,6,6,0,936,551,440,111,385,188,197,06,073,020810
06073020811,"Census Tract 208.11, San Diego County, California",1235,62,47,32,15,15,0,15,1173,695,603,92,478,322,156,06,073,020811
06073021205,"Census Tract 212.05, San Diego County, California",1539,143,128,123,5,15,15,0,1396,576,349,227,820,472,348,06,073,021205
06073021206,"Census Tract 212.06, San Diego County, California",726,163,89,48,41,74,40,34,563,234,208,26,329,207,122,06,073,021206
06073021400,"Census Tract 214, San Diego County, California",1531,38,38,12,26,0,0,0,1493,806,510,296,687,565,122,06,073,021400
06073021500,"Census Tract 215, San Diego County, California",2421,96,96,34,62,0,0,0,2325,1492,1042,450,833,276,557,06,073,021500
06073021600,"Census Tract 216, San Diego County, California",562,31,31,16,15,0,0,0,531,418,201,217,113,81,32,06,073,021600
06073021800,"Census Tract 218, San Diego County, California",397,20,20,8,12,0,0,0,377,201,132,69,176,128,48,06,073,021800
06001403501,"Census Tract 4035.01, Alameda County, California",1294,31,31,19,12,0,0,0,1263,337,308,29,926,786,140,06,001,403501
06001403502,"Census Tract 4035.02, Alameda County, California",671,9,9,0,9,0,0,0,662,209,191,18,453,398,55,06,001,403502
06001403701,"Census Tract 4037.01, Alameda County, California",1072,0,0,0,0,0,0,0,1072,172,168,4,900,782,118,06,001,403701
06001403702,"Census Tract 4037.02, Alameda County, California",707,9,9,9,0,0,0,0,698,178,167,11,520,470,50,06,001,403702
06001404102,"Census Tract 4041.02, Alameda County, California",626,45,45,36,9,0,0,0,581,244,199,45,337,296,41,06,001,404102
06001404101,"Census Tract 4041.01, Alameda County, California",928,49,33,32,1,16,16,0,879,289,260,29,590,554,36,06,001,404101
06001405301,"Census Tract 4053.01, Alameda County, California",1104,15,15,10,5,0,0,0,1089,334,303,31,755,686,69,06,001,405301
06001405302,"Census Tract 4053.02, Alameda County, California",542,25,13,0,13,12,12,0,517,168,136,32,349,305,44,06,001,405302
06001405401,"Census Tract 4054.01, Alameda County, California",1073,10,10,10,0,0,0,0,1063,378,260,118,685,653,32,06,001,405401
06001406602,"Census Tract 4066.02, Alameda County, California",702,45,45,8,37,0,0,0,657,206,181,25,451,424,27,06,001,406602
06001405402,"Census Tract 4054.02, Alameda County, California",872,56,14,0,14,42,10,32,816,273,206,67,543,480,63,06,001,405402
06001405901,"Census Tract 4059.01, Alameda County, California",1433,89,40,13,27,49,49,0,1344,393,203,190,951,606,345,06,001,405901
06001406601,"Census Tract 4066.01, Alameda County, California",1273,62,51,45,6,11,11,0,1211,507,359,148,704,441,263,06,001,406601
06001405902,"Census Tract 4059.02, Alameda County, California",886,36,25,12,13,11,11,0,850,440,332,108,410,274,136,06,001,405902
06001407101,"Census Tract 4071.01, Alameda County, California",884,77,65,44,21,12,0,12,807,337,230,107,470,316,154,06,001,407101
06001407102,"Census Tract 4071.02, Alameda County, California",1034,23,22,0,22,1,0,1,1011,462,335,127,549,411,138,06,001,407102
06001410500,"Census Tract 4105, Alameda County, California",723,32,15,5,10,17,17,0,691,126,98,28,565,368,197,06,001,410500
06001425101,"Census Tract 4251.01, Alameda County, California",287,0,0,0,0,0,0,0,287,135,115,20,152,128,24,06,001,425101
06037221401,"Census Tract 2214.01, Los Angeles County, California",858,43,0,0,0,43,5,38,815,252,127,125,563,421,142,06,037,221401
06001407000,"Census Tract 4070, Alameda County, California",1692,69,69,0,69,0,0,0,1623,483,215,268,1140,758,382,06,001,407000
06001407200,"Census Tract 4072, Alameda County, California",2029,179,91,74,17,88,37,51,1850,708,572,136,1142,801,341,06,001,407200
06001407400,"Census Tract 4074, Alameda County, California",1176,70,55,14,41,15,15,0,1106,334,191,143,772,506,266,06,001,407400
06001408300,"Census Tract 4083, Alameda County, California",1492,114,21,0,21,93,93,0,1378,471,412,59,907,741,166,06,001,408300
06001410100,"Census Tract 4101, Alameda County, California",694,44,9,6,3,35,16,19,650,145,84,61,505,416,89,06,001,410100
06001420600,"Census Tract 4206, Alameda County, California",719,34,34,12,22,0,0,0,685,393,253,140,292,159,133,06,001,420600
06001421100,"Census Tract 4211, Alameda County, California",336,0,0,0,0,0,0,0,336,163,122,41,173,141,32,06,001,421100
06001421400,"Census Tract 4214, Alameda County, California",313,0,0,0,0,0,0,0,313,135,107,28,178,136,42,06,001,421400
06001422100,"Census Tract 4221, Alameda County, California",764,6,6,0,6,0,0,0,758,215,156,59,543,416,127,06,001,422100
06001423700,"Census Tract 4237, Alameda County, California",1949,46,18,18,0,28,23,5,1903,241,157,84,1662,801,861,06,001,423700
06001423800,"Census Tract 4238, Alameda County, California",437,11,11,11,0,0,0,0,426,250,168,82,176,122,54,06,001,423800
06001426200,"Census Tract 4262, Alameda County, California",973,29,29,29,0,0,0,0,944,607,466,141,337,209,128,06,001,426200
06001428000,"Census Tract 4280, Alameda County, California",750,7,7,0,7,0,0,0,743,371,270,101,372,294,78,06,001,428000
06001430300,"Census Tract 4303, Alameda County, California",791,0,0,0,0,0,0,0,791,443,398,45,348,224,124,06,001,430300
06001431200,"Census Tract 4312, Alameda County, California",1391,147,112,43,69,35,35,0,1244,448,448,0,796,695,101,06,001,431200
06001432100,"Census Tract 4321, Alameda County, California",933,26,26,14,12,0,0,0,907,480,409,71,427,310,117,06,001,432100
06001432300,"Census Tract 4323, Alameda County, California",1186,73,24,24,0,49,42,7,1113,621,485,136,492,406,86,06,001,432300
06001432600,"Census Tract 4326, Alameda County, California",2001,86,28,28,0,58,58,0,1915,793,647,146,1122,843,279,06,001,432600
06001400500,"Census Tract 4005, Alameda County, California",1372,64,64,64,0,0,0,0,1308,419,370,49,889,702,187,06,001,400500
06001401600,"Census Tract 4016, Alameda County, California",717,26,12,0,12,14,14,0,691,128,115,13,563,477,86,06,001,401600
06001402500,"Census Tract 4025, Alameda County, California",565,50,7,7,0,43,5,38,515,78,31,47,437,293,144,06,001,402500
06001403900,"Census Tract 4039, Alameda County, California",1148,27,0,0,0,27,27,0,1121,340,287,53,781,701,80,06,001,403900
06001407600,"Census Tract 4076, Alameda County, California",1952,135,38,0,38,97,61,36,1817,578,266,312,1239,661,578,06,001,407600
06001408400,"Census Tract 4084, Alameda County, California",879,38,0,0,0,38,38,0,841,231,164,67,610,458,152,06,001,408400
06001408900,"Census Tract 4089, Alameda County, California",833,56,20,13,7,36,12,24,777,335,208,127,442,302,140,06,001,408900
06037264000,"Census Tract 2640, Los Angeles County, California",541,10,10,8,2,0,0,0,531,276,144,132,255,172,83,06,037,264000
06037265304,"Census Tract 2653.04, Los Angeles County, California",1255,0,0,0,0,0,0,0,1255,55,55,0,1200,654,546,06,037,265304
06037265410,"Census Tract 2654.10, Los Angeles County, California",381,28,28,18,10,0,0,0,353,157,104,53,196,163,33,06,037,265410
06037269100,"Census Tract 2691, Los Angeles County, California",990,52,52,27,25,0,0,0,938,388,241,147,550,454,96,06,037,269100
06037269700,"Census Tract 2697, Los Angeles County, California",955,22,22,0,22,0,0,0,933,343,259,84,590,553,37,06,037,269700
06037270300,"Census Tract 2703, Los Angeles County, California",749,5,5,5,0,0,0,0,744,266,196,70,478,350,128,06,037,270300
06037271702,"Census Tract 2717.02, Los Angeles County, California",1248,111,111,20,91,0,0,0,1137,576,417,159,561,469,92,06,037,271702
06037273700,"Census Tract 2737, Los Angeles County, California",796,35,35,17,18,0,0,0,761,370,254,116,391,373,18,06,037,273700
06037275302,"Census Tract 2753.02, Los Angeles County, California",1044,99,99,86,13,0,0,0,945,291,257,34,654,549,105,06,037,275302
06037293301,"Census Tract 2933.01, Los Angeles County, California",598,30,30,30,0,0,0,0,568,211,189,22,357,309,48,06,037,293301
06073008600,"Census Tract 86, San Diego County, California",1929,88,38,0,38,50,28,22,1841,608,424,184,1233,874,359,06,073,008600
06073009000,"Census Tract 90, San Diego County, California",1464,68,68,44,24,0,0,0,1396,350,240,110,1046,648,398,06,073,009000
06073009102,"Census Tract 91.02, San Diego County, California",1101,68,49,40,9,19,4,15,1033,326,278,48,707,615,92,06,073,009102
06037115202,"Census Tract 1152.02, Los Angeles County, California",1450,47,33,33,0,14,14,0,1403,363,298,65,1040,796,244,06,037,115202
06037115401,"Census Tract 1154.01, Los Angeles County, California",1567,75,54,44,10,21,21,0,1492,669,442,227,823,615,208,06,037,115401
06039000503,"Census Tract 5.03, Madera County, California",2332,152,57,57,0,95,95,0,2180,1147,715,432,1033,690,343,06,039,000503
06039000506,"Census Tract 5.06, Madera County, California",1735,43,43,15,28,0,0,0,1692,795,618,177,897,584,313,06,039,000506
06039000700,"Census Tract 7, Madera County, California",3280,235,164,66,98,71,15,56,3045,1435,1083,352,1610,1254,356,06,039,000700
06039000800,"Census Tract 8, Madera County, California",1432,68,68,23,45,0,0,0,1364,759,430,329,605,352,253,06,039,000800
06039000900,"Census Tract 9, Madera County, California",2751,281,148,111,37,133,54,79,2470,1006,705,301,1464,776,688,06,039,000900
06039000502,"Census Tract 5.02, Madera County, California",2459,113,45,0,45,68,39,29,2346,1115,810,305,1231,814,417,06,039,000502
06039000508,"Census Tract 5.08, Madera County, California",1597,57,57,25,32,0,0,0,1540,741,414,327,799,406,393,06,039,000508
06039000103,"Census Tract 1.03, Madera County, California",866,91,91,75,16,0,0,0,775,313,231,82,462,255,207,06,039,000103
06045011200,"Census Tract 112, Mendocino County, California",570,16,8,0,8,8,0,8,554,243,214,29,311,228,83,06,045,011200
06045011500,"Census Tract 115, Mendocino County, California",1606,107,54,20,34,53,28,25,1499,595,353,242,904,617,287,06,045,011500
06045011400,"Census Tract 114, Mendocino County, California",916,92,71,18,53,21,17,4,824,357,247,110,467,335,132,06,045,011400
06045011600,"Census Tract 116, Mendocino County, California",1178,89,63,0,63,26,0,26,1089,550,418,132,539,399,140,06,045,011600
06045011800,"Census Tract 118, Mendocino County, California",348,32,19,5,14,13,13,0,316,110,75,35,206,161,45,06,045,011800
06045011700,"Census Tract 117, Mendocino County, California",940,47,24,0,24,23,1,22,893,330,251,79,563,341,222,06,045,011700
06045010600,"Census Tract 106, Mendocino County, California",1001,16,16,16,0,0,0,0,985,401,283,118,584,480,104,06,045,010600
06045010900,"Census Tract 109, Mendocino County, California",1123,67,38,9,29,29,29,0,1056,549,352,197,507,371,136,06,045,010900
06065043315,"Census Tract 433.15, Riverside County, California",784,37,24,0,24,13,13,0,747,280,169,111,467,312,155,06,065,043315
06065043807,"Census Tract 438.07, Riverside County, California",1997,85,70,52,18,15,0,15,1912,858,529,329,1054,680,374,06,065,043807
06065044101,"Census Tract 441.01, Riverside County, California",972,34,17,5,12,17,17,0,938,336,233,103,602,287,315,06,065,044101
06065044200,"Census Tract 442, Riverside County, California",1631,154,104,44,60,50,39,11,1477,520,378,142,957,587,370,06,065,044200
06065044806,"Census Tract 448.06, Riverside County, California",218,15,15,0,15,0,0,0,203,98,59,39,105,99,6,06,065,044806
06065044807,"Census Tract 448.07, Riverside County, California",288,0,0,0,0,0,0,0,288,66,44,22,222,161,61,06,065,044807
06065044907,"Census Tract 449.07, Riverside County, California",1507,233,123,101,22,110,60,50,1274,493,331,162,781,528,253,06,065,044907
06065030400,"Census Tract 304, Riverside County, California",1614,182,115,98,17,67,56,11,1432,490,307,183,942,724,218,06,065,030400
06065045209,"Census Tract 452.09, Riverside County, California",1376,37,37,22,15,0,0,0,1339,533,346,187,806,636,170,06,065,045209
06065045502,"Census Tract 455.02, Riverside County, California",937,31,21,0,21,10,10,0,906,230,149,81,676,427,249,06,065,045502
06065045704,"Census Tract 457.04, Riverside County, California",768,39,10,5,5,29,22,7,729,231,184,47,498,409,89,06,065,045704
06065045705,"Census Tract 457.05, Riverside County, California",2852,81,30,12,18,51,51,0,2771,1139,777,362,1632,1314,318,06,065,045705
06065046405,"Census Tract 464.05, Riverside County, California",817,23,23,0,23,0,0,0,794,425,188,237,369,183,186,06,065,046405
06085512305,"Census Tract 5123.05, Santa Clara County, California",983,0,0,0,0,0,0,0,983,586,333,253,397,258,139,06,085,512305
06085504421,"Census Tract 5044.21, Santa Clara County, California",1113,45,45,45,0,0,0,0,1068,603,408,195,465,315,150,06,085,504421
06085504506,"Census Tract 5045.06, Santa Clara County, California",1656,86,86,40,46,0,0,0,1570,1037,556,481,533,442,91,06,085,504506
06085504700,"Census Tract 5047, Santa Clara County, California",156,29,29,20,9,0,0,0,127,107,60,47,20,20,0,06,085,504700
06085504805,"Census Tract 5048.05, Santa Clara County, California",1715,29,15,0,15,14,14,0,1686,883,695,188,803,552,251,06,085,504805
06085505600,"Census Tract 5056, Santa Clara County, California",1778,15,3,3,0,12,12,0,1763,218,181,37,1545,827,718,06,085,505600
06085506101,"Census Tract 5061.01, Santa Clara County, California",880,43,43,14,29,0,0,0,837,449,294,155,388,319,69,06,085,506101
06085506203,"Census Tract 5062.03, Santa Clara County, California",1678,90,90,16,74,0,0,0,1588,1083,537,546,505,397,108,06,085,506203
06085506802,"Census Tract 5068.02, Santa Clara County, California",1250,60,41,32,9,19,19,0,1190,689,526,163,501,377,124,06,085,506802
06085506900,"Census Tract 5069, Santa Clara County, California",1653,11,11,0,11,0,0,0,1642,973,545,428,669,407,262,06,085,506900
06085507001,"Census Tract 5070.01, Santa Clara County, California",1501,110,110,15,95,0,0,0,1391,642,422,220,749,538,211,06,085,507001
06085507302,"Census Tract 5073.02, Santa Clara County, California",613,10,10,0,10,0,0,0,603,360,243,117,243,90,153,06,085,507302
06085507702,"Census Tract 5077.02, Santa Clara County, California",1237,13,13,0,13,0,0,0,1224,817,525,292,407,191,216,06,085,507702
06085507805,"Census Tract 5078.05, Santa Clara County, California",1619,0,0,0,0,0,0,0,1619,1055,596,459,564,354,210,06,085,507805
06085507806,"Census Tract 5078.06, Santa Clara County, California",1613,96,96,50,46,0,0,0,1517,1083,601,482,434,221,213,06,085,507806
06085508101,"Census Tract 5081.01, Santa Clara County, California",1816,44,20,0,20,24,24,0,1772,1475,908,567,297,155,142,06,085,508101
06085509202,"Census Tract 5092.02, Santa Clara County, California",1209,42,42,14,28,0,0,0,1167,473,362,111,694,551,143,06,085,509202
06085509304,"Census Tract 5093.04, Santa Clara County, California",939,10,10,0,10,0,0,0,929,503,343,160,426,412,14,06,085,509304
06085509401,"Census Tract 5094.01, Santa Clara County, California",1167,71,71,22,49,0,0,0,1096,577,414,163,519,422,97,06,085,509401
06059011300,"Census Tract 113, Orange County, California",1330,94,94,84,10,0,0,0,1236,416,306,110,820,611,209,06,059,011300
06059011503,"Census Tract 115.03, Orange County, California",383,0,0,0,0,0,0,0,383,145,117,28,238,186,52,06,059,011503
06059011716,"Census Tract 117.16, Orange County, California",1106,52,41,30,11,11,0,11,1054,536,430,106,518,402,116,06,059,011716
06059011717,"Census Tract 117.17, Orange County, California",703,42,34,31,3,8,8,0,661,243,218,25,418,205,213,06,059,011717
06059011720,"Census Tract 117.20, Orange County, California",1677,62,62,0,62,0,0,0,1615,719,405,314,896,515,381,06,059,011720
06059011721,"Census Tract 117.21, Orange County, California",1726,84,46,26,20,38,0,38,1642,757,597,160,885,775,110,06,059,011721
06059021802,"Census Tract 218.02, Orange County, California",1333,199,199,164,35,0,0,0,1134,672,458,214,462,233,229,06,059,021802
06059021816,"Census Tract 218.16, Orange County, California",1026,38,38,38,0,0,0,0,988,511,394,117,477,353,124,06,059,021816
06059021827,"Census Tract 218.27, Orange County, California",738,0,0,0,0,0,0,0,738,366,245,121,372,290,82,06,059,021827
06059021913,"Census Tract 219.13, Orange County, California",1783,141,85,18,67,56,21,35,1642,764,538,226,878,483,395,06,059,021913
06059021915,"Census Tract 219.15, Orange County, California",636,18,9,9,0,9,9,0,618,301,245,56,317,176,141,06,059,021915
06059032030,"Census Tract 320.30, Orange County, California",791,37,37,29,8,0,0,0,754,393,315,78,361,274,87,06,059,032030
06059032036,"Census Tract 320.36, Orange County, California",753,34,34,28,6,0,0,0,719,447,346,101,272,218,54,06,059,032036
06059032039,"Census Tract 320.39, Orange County, California",1485,141,86,69,17,55,55,0,1344,624,495,129,720,444,276,06,059,032039
06059032040,"Census Tract 320.40, Orange County, California",466,44,39,28,11,5,5,0,422,183,102,81,239,160,79,06,059,032040
06065040302,"Census Tract 403.02, Riverside County, California",1781,114,98,85,13,16,16,0,1667,799,604,195,868,648,220,06,065,040302
06065040701,"Census Tract 407.01, Riverside County, California",562,25,20,20,0,5,0,5,537,246,137,109,291,185,106,06,065,040701
06065040806,"Census Tract 408.06, Riverside County, California",710,19,15,11,4,4,4,0,691,342,197,145,349,238,111,06,065,040806
06065041202,"Census Tract 412.02, Riverside County, California",938,60,46,20,26,14,5,9,878,398,177,221,480,254,226,06,065,041202
06065041410,"Census Tract 414.10, Riverside County, California",690,27,5,0,5,22,22,0,663,286,136,150,377,189,188,06,065,041410
06065041600,"Census Tract 416, Riverside County, California",1641,125,46,46,0,79,48,31,1516,707,390,317,809,470,339,06,065,041600
06065041703,"Census Tract 417.03, Riverside County, California",1788,76,43,29,14,33,0,33,1712,842,441,401,870,480,390,06,065,041703
06065041002,"Census Tract 410.02, Riverside County, California",964,96,24,14,10,72,71,1,868,410,249,161,458,292,166,06,065,041002
06065041403,"Census Tract 414.03, Riverside County, California",896,47,24,21,3,23,23,0,849,354,196,158,495,375,120,06,065,041403
06065041409,"Census Tract 414.09, Riverside County, California",4010,105,105,77,28,0,0,0,3905,2364,1545,819,1541,981,560,06,065,041409
06065041704,"Census Tract 417.04, Riverside County, California",960,23,23,6,17,0,0,0,937,408,266,142,529,292,237,06,065,041704
06065041805,"Census Tract 418.05, Riverside County, California",1520,72,42,35,7,30,9,21,1448,689,475,214,759,577,182,06,065,041805
06065042004,"Census Tract 420.04, Riverside County, California",720,0,0,0,0,0,0,0,720,298,227,71,422,291,131,06,065,042004
06065042402,"Census Tract 424.02, Riverside County, California",1300,74,74,34,40,0,0,0,1226,505,301,204,721,477,244,06,065,042402
06065042716,"Census Tract 427.16, Riverside County, California",963,84,72,20,52,12,12,0,879,541,369,172,338,239,99,06,065,042716
06065042723,"Census Tract 427.23, Riverside County, California",1304,31,31,9,22,0,0,0,1273,565,370,195,708,439,269,06,065,042723
06065043001,"Census Tract 430.01, Riverside County, California",1708,144,75,45,30,69,34,35,1564,685,349,336,879,564,315,06,065,043001
06065043005,"Census Tract 430.05, Riverside County, California",1396,9,9,9,0,0,0,0,1387,672,291,381,715,535,180,06,065,043005
06065043217,"Census Tract 432.17, Riverside County, California",887,60,60,0,60,0,0,0,827,467,320,147,360,218,142,06,065,043217
06065043222,"Census Tract 432.22, Riverside County, California",1009,10,9,9,0,1,0,1,999,605,406,199,394,313,81,06,065,043222
06065043306,"Census Tract 433.06, Riverside County, California",1135,33,33,14,19,0,0,0,1102,445,210,235,657,423,234,06,065,043306
06065043403,"Census Tract 434.03, Riverside County, California",701,35,0,0,0,35,14,21,666,218,114,104,448,266,182,06,065,043403
06065043508,"Census Tract 435.08, Riverside County, California",1726,93,92,52,40,1,0,1,1633,630,392,238,1003,500,503,06,065,043508
06065043509,"Census Tract 435.09, Riverside County, California",1215,110,51,18,33,59,25,34,1105,594,275,319,511,288,223,06,065,043509
06065044911,"Census Tract 449.11, Riverside County, California",910,81,68,68,0,13,13,0,829,489,439,50,340,264,76,06,065,044911
06037430721,"Census Tract 4307.21, Los Angeles County, California",775,23,9,0,9,14,0,14,752,431,348,83,321,218,103,06,037,430721
06037432901,"Census Tract 4329.01, Los Angeles County, California",871,28,18,18,0,10,10,0,843,248,157,91,595,372,223,06,037,432901
06037460600,"Census Tract 4606, Los Angeles County, California",926,19,19,19,0,0,0,0,907,460,265,195,447,226,221,06,037,460600
06037700200,"Census Tract 7002, Los Angeles County, California",2235,0,0,0,0,0,0,0,2235,587,510,77,1648,1568,80,06,037,700200
06037601301,"Census Tract 6013.01, Los Angeles County, California",444,30,12,12,0,18,18,0,414,138,127,11,276,256,20,06,037,601301
06037603004,"Census Tract 6030.04, Los Angeles County, California",347,12,12,12,0,0,0,0,335,191,139,52,144,94,50,06,037,603004
06037920109,"Census Tract 9201.09, Los Angeles County, California",1361,65,55,30,25,10,10,0,1296,735,528,207,561,318,243,06,037,920109
06037403403,"Census Tract 4034.03, Los Angeles County, California",904,9,9,9,0,0,0,0,895,482,399,83,413,209,204,06,037,403403
06037535802,"Census Tract 5358.02, Los Angeles County, California",1636,55,17,17,0,38,15,23,1581,592,385,207,989,716,273,06,037,535802
06065040503,"Census Tract 405.03, Riverside County, California",788,0,0,0,0,0,0,0,788,215,135,80,573,404,169,06,065,040503
06065040702,"Census Tract 407.02, Riverside County, California",566,0,0,0,0,0,0,0,566,239,188,51,327,236,91,06,065,040702
06065040808,"Census Tract 408.08, Riverside County, California",2120,150,137,98,39,13,13,0,1970,784,664,120,1186,744,442,06,065,040808
06065040809,"Census Tract 408.09, Riverside County, California",985,23,23,23,0,0,0,0,962,465,272,193,497,348,149,06,065,040809
06065041408,"Census Tract 414.08, Riverside County, California",1521,109,81,67,14,28,20,8,1412,445,273,172,967,666,301,06,065,041408
06065041500,"Census Tract 415, Riverside County, California",872,44,24,24,0,20,13,7,828,456,294,162,372,295,77,06,065,041500
06037402501,"Census Tract 4025.01, Los Angeles County, California",1656,131,83,51,32,48,31,17,1525,552,249,303,973,552,421,06,037,402501
06037402600,"Census Tract 4026, Los Angeles County, California",1925,121,102,39,63,19,12,7,1804,504,336,168,1300,974,326,06,037,402600
06037402902,"Census Tract 4029.02, Los Angeles County, California",1611,45,38,38,0,7,0,7,1566,625,377,248,941,556,385,06,037,402902
06037403000,"Census Tract 4030, Los Angeles County, California",1740,69,0,0,0,69,69,0,1671,531,286,245,1140,954,186,06,037,403000
06037403322,"Census Tract 4033.22, Los Angeles County, California",812,40,40,40,0,0,0,0,772,338,268,70,434,256,178,06,037,403322
06037403325,"Census Tract 4033.25, Los Angeles County, California",1302,68,68,15,53,0,0,0,1234,578,487,91,656,474,182,06,037,403325
06037403600,"Census Tract 4036, Los Angeles County, California",1319,133,81,81,0,52,52,0,1186,440,376,64,746,290,456,06,037,403600
06037403722,"Census Tract 4037.22, Los Angeles County, California",1480,102,84,7,77,18,18,0,1378,675,527,148,703,439,264,06,037,403722
06037404701,"Census Tract 4047.01, Los Angeles County, California",1261,43,43,43,0,0,0,0,1218,556,381,175,662,375,287,06,037,404701
06037404703,"Census Tract 4047.03, Los Angeles County, California",896,71,53,21,32,18,11,7,825,286,216,70,539,300,239,06,037,404703
06037405101,"Census Tract 4051.01, Los Angeles County, California",1259,82,65,58,7,17,17,0,1177,577,449,128,600,492,108,06,037,405101
06037232600,"Census Tract 2326, Los Angeles County, California",1750,127,36,21,15,91,68,23,1623,680,520,160,943,576,367,06,037,232600
06037234000,"Census Tract 2340, Los Angeles County, California",1166,102,56,44,12,46,10,36,1064,486,378,108,578,412,166,06,037,234000
06037234300,"Census Tract 2343, Los Angeles County, California",981,0,0,0,0,0,0,0,981,288,258,30,693,499,194,06,037,234300
06037237300,"Census Tract 2373, Los Angeles County, California",1297,31,31,31,0,0,0,0,1266,252,185,67,1014,678,336,06,037,237300
06037237500,"Census Tract 2375, Los Angeles County, California",818,68,20,20,0,48,13,35,750,211,124,87,539,256,283,06,037,237500
06037199120,"Census Tract 1991.20, Los Angeles County, California",1008,66,49,40,9,17,17,0,942,239,154,85,703,421,282,06,037,199120
06037201301,"Census Tract 2013.01, Los Angeles County, California",886,14,0,0,0,14,14,0,872,267,180,87,605,487,118,06,037,201301
06037203600,"Census Tract 2036, Los Angeles County, California",1456,89,51,17,34,38,0,38,1367,421,256,165,946,656,290,06,037,203600
06037204110,"Census Tract 2041.10, Los Angeles County, California",820,42,35,30,5,7,0,7,778,265,153,112,513,280,233,06,037,204110
06037204420,"Census Tract 2044.20, Los Angeles County, California",688,44,23,6,17,21,8,13,644,232,118,114,412,259,153,06,037,204420
06037204600,"Census Tract 2046, Los Angeles County, California",982,51,33,33,0,18,9,9,931,349,112,237,582,389,193,06,037,204600
06037204920,"Census Tract 2049.20, Los Angeles County, California",512,42,22,0,22,20,0,20,470,176,81,95,294,171,123,06,037,204920
06037206300,"Census Tract 2063, Los Angeles County, California",658,0,0,0,0,0,0,0,658,15,0,15,643,125,518,06,037,206300
06037920023,"Census Tract 9200.23, Los Angeles County, California",748,44,22,10,12,22,15,7,704,270,195,75,434,356,78,06,037,920023
06037920033,"Census Tract 9200.33, Los Angeles County, California",138,11,5,0,5,6,0,6,127,37,20,17,90,81,9,06,037,920033
06037920039,"Census Tract 9200.39, Los Angeles County, California",450,8,3,3,0,5,0,5,442,155,124,31,287,212,75,06,037,920039
06037920041,"Census Tract 9200.41, Los Angeles County, California",830,37,33,18,15,4,4,0,793,361,256,105,432,311,121,06,037,920041
06037920200,"Census Tract 9202, Los Angeles County, California",10,0,0,0,0,0,0,0,10,3,0,3,7,0,7,06,037,920200
06037920303,"Census Tract 9203.03, Los Angeles County, California",457,18,18,0,18,0,0,0,439,195,173,22,244,162,82,06,037,920303
06037920322,"Census Tract 9203.22, Los Angeles County, California",562,17,8,8,0,9,9,0,545,279,159,120,266,155,111,06,037,920322
06037910603,"Census Tract 9106.03, Los Angeles County, California",1411,7,7,7,0,0,0,0,1404,639,407,232,765,443,322,06,037,910603
06037910705,"Census Tract 9107.05, Los Angeles County, California",3212,105,80,0,80,25,0,25,3107,1229,499,730,1878,975,903,06,037,910705
06037920028,"Census Tract 9200.28, Los Angeles County, California",2101,160,160,64,96,0,0,0,1941,1039,830,209,902,555,347,06,037,920028
06037920032,"Census Tract 9200.32, Los Angeles County, California",950,61,51,39,12,10,7,3,889,435,322,113,454,201,253,06,037,920032
06037920034,"Census Tract 9200.34, Los Angeles County, California",847,23,23,14,9,0,0,0,824,368,207,161,456,292,164,06,037,920034
06037920312,"Census Tract 9203.12, Los Angeles County, California",1135,46,46,27,19,0,0,0,1089,452,341,111,637,474,163,06,037,920312
06037920330,"Census Tract 9203.30, Los Angeles County, California",1019,52,52,38,14,0,0,0,967,435,295,140,532,462,70,06,037,920330
06037930200,"Census Tract 9302, Los Angeles County, California",103,0,0,0,0,0,0,0,103,48,32,16,55,30,25,06,037,930200
06037540000,"Census Tract 5400, Los Angeles County, California",1723,112,66,48,18,46,14,32,1611,730,354,376,881,579,302,06,037,540000
06037540902,"Census Tract 5409.02, Los Angeles County, California",1171,68,18,8,10,50,38,12,1103,265,178,87,838,642,196,06,037,540902
06037541500,"Census Tract 5415, Los Angeles County, California",1732,73,13,13,0,60,60,0,1659,582,256,326,1077,618,459,06,037,541500
06037542401,"Census Tract 5424.01, Los Angeles County, California",1079,28,28,12,16,0,0,0,1051,355,213,142,696,441,255,06,037,542401
06037543201,"Census Tract 5432.01, Los Angeles County, California",1004,108,46,46,0,62,0,62,896,306,157,149,590,424,166,06,037,543201
06037543602,"Census Tract 5436.02, Los Angeles County, California",1538,79,67,19,48,12,12,0,1459,621,523,98,838,649,189,06,037,543602
06037551202,"Census Tract 5512.02, Los Angeles County, California",2059,103,67,52,15,36,0,36,1956,843,570,273,1113,891,222,06,037,551202
06037553602,"Census Tract 5536.02, Los Angeles County, California",1681,66,56,56,0,10,10,0,1615,530,402,128,1085,762,323,06,037,553602
06037553702,"Census Tract 5537.02, Los Angeles County, California",1228,64,51,34,17,13,0,13,1164,445,262,183,719,409,310,06,037,553702
06037554514,"Census Tract 5545.14, Los Angeles County, California",1091,55,41,30,11,14,14,0,1036,487,393,94,549,349,200,06,037,554514
06037531901,"Census Tract 5319.01, Los Angeles County, California",1575,11,11,0,11,0,0,0,1564,517,294,223,1047,754,293,06,037,531901
06037533107,"Census Tract 5331.07, Los Angeles County, California",962,82,33,19,14,49,35,14,880,312,196,116,568,414,154,06,037,533107
06037533703,"Census Tract 5337.03, Los Angeles County, California",1342,118,95,42,53,23,23,0,1224,432,301,131,792,565,227,06,037,533703
06037534201,"Census Tract 5342.01, Los Angeles County, California",1352,112,24,12,12,88,44,44,1240,405,253,152,835,499,336,06,037,534201
06037300800,"Census Tract 3008, Los Angeles County, California",2038,50,42,14,28,8,8,0,1988,972,589,383,1016,782,234,06,037,300800
06067001200,"Census Tract 12, Sacramento County, California",876,35,35,12,23,0,0,0,841,96,96,0,745,691,54,06,067,001200
06067001700,"Census Tract 17, Sacramento County, California",1440,16,0,0,0,16,16,0,1424,543,424,119,881,641,240,06,067,001700
06047000801,"Census Tract 8.01, Merced County, California",1253,121,54,22,32,67,67,0,1132,474,393,81,658,529,129,06,047,000801
06047001101,"Census Tract 11.01, Merced County, California",1257,109,47,47,0,62,0,62,1148,492,341,151,656,437,219,06,047,001101
06047000301,"Census Tract 3.01, Merced County, California",1353,57,26,0,26,31,31,0,1296,592,382,210,704,414,290,06,047,000301
06047000303,"Census Tract 3.03, Merced County, California",396,12,12,0,12,0,0,0,384,228,104,124,156,129,27,06,047,000303
06047000702,"Census Tract 7.02, Merced County, California",1168,85,70,70,0,15,12,3,1083,571,508,63,512,240,272,06,047,000702
06047001004,"Census Tract 10.04, Merced County, California",963,47,36,29,7,11,0,11,916,236,179,57,680,370,310,06,047,001004
06047001601,"Census Tract 16.01, Merced County, California",945,95,40,0,40,55,37,18,850,202,67,135,648,306,342,06,047,001601
06047002201,"Census Tract 22.01, Merced County, California",1265,72,32,17,15,40,10,30,1193,494,227,267,699,384,315,06,047,002201
06047002202,"Census Tract 22.02, Merced County, California",2100,245,134,95,39,111,39,72,1855,959,545,414,896,639,257,06,047,002202
06065041201,"Census Tract 412.01, Riverside County, California",1047,35,0,0,0,35,0,35,1012,378,265,113,634,464,170,06,065,041201
06065041406,"Census Tract 414.06, Riverside County, California",1602,77,44,23,21,33,17,16,1525,686,586,100,839,577,262,06,065,041406
06065041809,"Census Tract 418.09, Riverside County, California",1077,52,23,23,0,29,29,0,1025,483,322,161,542,395,147,06,065,041809
06065041906,"Census Tract 419.06, Riverside County, California",1827,42,31,20,11,11,11,0,1785,821,405,416,964,829,135,06,065,041906
06065030300,"Census Tract 303, Riverside County, California",1082,96,15,15,0,81,18,63,986,265,164,101,721,367,354,06,065,030300
06065030800,"Census Tract 308, Riverside County, California",2061,48,13,0,13,35,0,35,2013,988,569,419,1025,846,179,06,065,030800
06065031100,"Census Tract 311, Riverside County, California",1090,30,23,17,6,7,7,0,1060,495,323,172,565,424,141,06,065,031100
06065040301,"Census Tract 403.01, Riverside County, California",1656,170,150,19,131,20,20,0,1486,656,369,287,830,454,376,06,065,040301
06065040605,"Census Tract 406.05, Riverside County, California",792,28,13,0,13,15,8,7,764,347,167,180,417,288,129,06,065,040605
06065040901,"Census Tract 409.01, Riverside County, California",2445,118,85,60,25,33,33,0,2327,910,689,221,1417,1062,355,06,065,040901
06065041404,"Census Tract 414.04, Riverside County, California",954,77,62,28,34,15,7,8,877,439,313,126,438,379,59,06,065,041404
06065041405,"Census Tract 414.05, Riverside County, California",1460,0,0,0,0,0,0,0,1460,536,421,115,924,654,270,06,065,041405
06065030200,"Census Tract 302, Riverside County, California",1114,12,12,12,0,0,0,0,1102,433,362,71,669,556,113,06,065,030200
06065030601,"Census Tract 306.01, Riverside County, California",1095,57,29,13,16,28,14,14,1038,461,326,135,577,398,179,06,065,030601
06065044403,"Census Tract 444.03, Riverside County, California",731,40,29,29,0,11,0,11,691,339,212,127,352,173,179,06,065,044403
06065044915,"Census Tract 449.15, Riverside County, California",1815,135,35,27,8,100,100,0,1680,788,477,311,892,507,385,06,065,044915
06065045103,"Census Tract 451.03, Riverside County, California",603,20,20,0,20,0,0,0,583,181,157,24,402,236,166,06,065,045103
06065044510,"Census Tract 445.10, Riverside County, California",1475,217,55,46,9,162,56,106,1258,323,183,140,935,540,395,06,065,044510
06065044300,"Census Tract 443, Riverside County, California",1111,85,0,0,0,85,85,0,1026,355,247,108,671,420,251,06,065,044300
06065045000,"Census Tract 450, Riverside County, California",582,0,0,0,0,0,0,0,582,179,114,65,403,237,166,06,065,045000
06065045108,"Census Tract 451.08, Riverside County, California",1522,15,15,15,0,0,0,0,1507,605,361,244,902,774,128,06,065,045108
06065045605,"Census Tract 456.05, Riverside County, California",1310,71,37,32,5,34,0,34,1239,728,471,257,511,285,226,06,065,045605
06065046103,"Census Tract 461.03, Riverside County, California",748,59,43,43,0,16,5,11,689,323,280,43,366,203,163,06,065,046103
06065046404,"Census Tract 464.04, Riverside County, California",1728,99,47,20,27,52,30,22,1629,659,369,290,970,550,420,06,065,046404
06085503601,"Census Tract 5036.01, Santa Clara County, California",690,77,72,23,49,5,5,0,613,298,212,86,315,181,134,06,085,503601
06085503707,"Census Tract 5037.07, Santa Clara County, California",1435,112,102,77,25,10,10,0,1323,647,383,264,676,514,162,06,085,503707
06085503709,"Census Tract 5037.09, Santa Clara County, California",1306,47,9,9,0,38,0,38,1259,485,283,202,774,564,210,06,085,503709
06085504102,"Census Tract 5041.02, Santa Clara County, California",1361,131,110,38,72,21,10,11,1230,509,330,179,721,605,116,06,085,504102
06085504308,"Census Tract 5043.08, Santa Clara County, California",898,33,25,25,0,8,0,8,865,492,451,41,373,193,180,06,085,504308
06085504416,"Census Tract 5044.16, Santa Clara County, California",916,85,70,70,0,15,15,0,831,426,361,65,405,275,130,06,085,504416
06085504422,"Census Tract 5044.22, Santa Clara County, California",837,6,6,0,6,0,0,0,831,386,301,85,445,312,133,06,085,504422
06085504602,"Census Tract 5046.02, Santa Clara County, California",534,48,40,24,16,8,0,8,486,262,154,108,224,144,80,06,085,504602
06085505100,"Census Tract 5051, Santa Clara County, California",930,81,68,46,22,13,13,0,849,419,213,206,430,339,91,06,085,505100
06037297110,"Census Tract 2971.10, Los Angeles County, California",990,44,26,26,0,18,18,0,946,266,197,69,680,590,90,06,037,297110
06037574201,"Census Tract 5742.01, Los Angeles County, California",641,29,29,9,20,0,0,0,612,337,208,129,275,176,99,06,037,574201
06037575002,"Census Tract 5750.02, Los Angeles County, California",1371,93,86,59,27,7,0,7,1278,443,370,73,835,586,249,06,037,575002
06037575202,"Census Tract 5752.02, Los Angeles County, California",1244,36,0,0,0,36,0,36,1208,436,315,121,772,518,254,06,037,575202
06037576601,"Census Tract 5766.01, Los Angeles County, California",1179,34,34,34,0,0,0,0,1145,391,331,60,754,695,59,06,037,576601
06037576802,"Census Tract 5768.02, Los Angeles County, California",1122,37,37,0,37,0,0,0,1085,372,309,63,713,663,50,06,037,576802
06037577602,"Census Tract 5776.02, Los Angeles County, California",659,27,0,0,0,27,27,0,632,289,172,117,343,167,176,06,037,577602
06037600201,"Census Tract 6002.01, Los Angeles County, California",1289,126,58,45,13,68,17,51,1163,283,158,125,880,545,335,06,037,600201
06037600801,"Census Tract 6008.01, Los Angeles County, California",761,10,10,0,10,0,0,0,751,329,272,57,422,376,46,06,037,600801
06037600912,"Census Tract 6009.12, Los Angeles County, California",1484,76,27,27,0,49,40,9,1408,544,344,200,864,599,265,06,037,600912
06037601402,"Census Tract 6014.02, Los Angeles County, California",1203,49,27,8,19,22,22,0,1154,392,249,143,762,557,205,06,037,601402
06037601502,"Census Tract 6015.02, Los Angeles County, California",1104,58,21,6,15,37,37,0,1046,428,247,181,618,372,246,06,037,601502
06037602103,"Census Tract 6021.03, Los Angeles County, California",2051,95,76,38,38,19,0,19,1956,663,440,223,1293,858,435,06,037,602103
06037602106,"Census Tract 6021.06, Los Angeles County, California",1410,215,52,25,27,163,78,85,1195,450,321,129,745,544,201,06,037,602106
06037602600,"Census Tract 6026, Los Angeles County, California",1890,105,78,52,26,27,27,0,1785,426,343,83,1359,1066,293,06,037,602600
06037602700,"Census Tract 6027, Los Angeles County, California",1220,39,0,0,0,39,0,39,1181,346,322,24,835,571,264,06,037,602700
06037602900,"Census Tract 6029, Los Angeles County, California",1124,87,81,59,22,6,6,0,1037,516,384,132,521,308,213,06,037,602900
06037620101,"Census Tract 6201.01, Los Angeles County, California",1406,88,70,56,14,18,18,0,1318,519,317,202,799,722,77,06,037,620101
06037650102,"Census Tract 6501.02, Los Angeles County, California",568,13,13,13,0,0,0,0,555,208,174,34,347,215,132,06,037,650102
06037650502,"Census Tract 6505.02, Los Angeles County, California",1000,13,13,0,13,0,0,0,987,469,369,100,518,374,144,06,037,650502
06037650603,"Census Tract 6506.03, Los Angeles County, California",775,9,0,0,0,9,0,9,766,323,216,107,443,339,104,06,037,650603
06037650800,"Census Tract 6508, Los Angeles County, California",1458,76,76,20,56,0,0,0,1382,787,317,470,595,415,180,06,037,650800
06037670406,"Census Tract 6704.06, Los Angeles County, California",300,11,11,5,6,0,0,0,289,150,84,66,139,87,52,06,037,670406
06037700700,"Census Tract 7007, Los Angeles County, California",700,0,0,0,0,0,0,0,700,391,66,325,309,114,195,06,037,700700
06037702802,"Census Tract 7028.02, Los Angeles County, California",544,44,44,23,21,0,0,0,500,214,192,22,286,234,52,06,037,702802
06037900605,"Census Tract 9006.05, Los Angeles County, California",1464,107,107,41,66,0,0,0,1357,583,435,148,774,277,497,06,037,900605
06037900701,"Census Tract 9007.01, Los Angeles County, California",1103,86,21,0,21,65,0,65,1017,442,226,216,575,287,288,06,037,900701
06037901007,"Census Tract 9010.07, Los Angeles County, California",449,16,0,0,0,16,0,16,433,198,139,59,235,146,89,06,037,901007
06037273100,"Census Tract 2731, Los Angeles County, California",652,38,22,16,6,16,16,0,614,267,202,65,347,298,49,06,037,273100
06037265303,"Census Tract 2653.03, Los Angeles County, California",2463,7,7,7,0,0,0,0,2456,44,24,20,2412,1205,1207,06,037,265303
06037267402,"Census Tract 2674.02, Los Angeles County, California",1748,84,84,8,76,0,0,0,1664,384,369,15,1280,1183,97,06,037,267402
06037273300,"Census Tract 2733, Los Angeles County, California",1044,17,17,17,0,0,0,0,1027,280,272,8,747,681,66,06,037,273300
06041990100,"Census Tract 9901, Marin County, California",0,0,0,0,0,0,0,0,0,0,0,0,0,0,0,06,041,990100
06037920026,"Census Tract 9200.26, Los Angeles County, California",51,0,0,0,0,0,0,0,51,23,9,14,28,0,28,06,037,920026
06037920035,"Census Tract 9200.35, Los Angeles County, California",1968,71,71,0,71,0,0,0,1897,766,600,166,1131,771,360,06,037,920035
06037700901,"Census Tract 7009.01, Los Angeles County, California",880,22,14,14,0,8,8,0,858,300,262,38,558,360,198,06,037,700901
06037701100,"Census Tract 7011, Los Angeles County, California",104,0,0,0,0,0,0,0,104,29,5,24,75,39,36,06,037,701100
06037195802,"Census Tract 1958.02, Los Angeles County, California",727,56,29,6,23,27,27,0,671,223,156,67,448,382,66,06,037,195802
06037191120,"Census Tract 1911.20, Los Angeles County, California",1148,31,31,15,16,0,0,0,1117,374,328,46,743,644,99,06,037,191120
06037191410,"Census Tract 1914.10, Los Angeles County, California",1277,117,19,13,6,98,80,18,1160,437,279,158,723,506,217,06,037,191410
06037195400,"Census Tract 1954, Los Angeles County, California",1168,31,31,19,12,0,0,0,1137,217,203,14,920,854,66,06,037,195400
06037197700,"Census Tract 1977, Los Angeles County, California",1275,4,0,0,0,4,4,0,1271,341,240,101,930,690,240,06,037,197700
06037199000,"Census Tract 1990, Los Angeles County, California",1422,102,60,29,31,42,8,34,1320,552,412,140,768,642,126,06,037,199000
06037199300,"Census Tract 1993, Los Angeles County, California",816,17,17,17,0,0,0,0,799,247,224,23,552,424,128,06,037,199300
06013324001,"Census Tract 3240.01, Contra Costa County, California",1358,57,57,35,22,0,0,0,1301,623,351,272,678,554,124,06,013,324001
06059099248,"Census Tract 992.48, Orange County, California",1327,76,30,24,6,46,37,9,1251,510,318,192,741,505,236,06,059,099248
06059099250,"Census Tract 992.50, Orange County, California",684,49,41,41,0,8,8,0,635,274,218,56,361,290,71,06,059,099250
06059099504,"Census Tract 995.04, Orange County, California",451,15,15,15,0,0,0,0,436,223,140,83,213,163,50,06,059,099504
06059099604,"Census Tract 996.04, Orange County, California",926,69,37,27,10,32,32,0,857,336,258,78,521,385,136,06,059,099604
06059099605,"Census Tract 996.05, Orange County, California",1264,69,59,46,13,10,10,0,1195,509,447,62,686,592,94,06,059,099605
06059099801,"Census Tract 998.01, Orange County, California",1474,84,25,16,9,59,0,59,1390,628,508,120,762,452,310,06,059,099801
06059110003,"Census Tract 1100.03, Orange County, California",610,13,13,13,0,0,0,0,597,311,257,54,286,247,39,06,059,110003
06059110005,"Census Tract 1100.05, Orange County, California",518,5,5,0,5,0,0,0,513,275,209,66,238,161,77,06,059,110005
06059110012,"Census Tract 1100.12, Orange County, California",863,7,7,0,7,0,0,0,856,570,408,162,286,205,81,06,059,110012
06059110110,"Census Tract 1101.10, Orange County, California",1433,132,118,65,53,14,14,0,1301,615,437,178,686,440,246,06,059,110110
06013355110,"Census Tract 3551.10, Contra Costa County, California",1082,75,63,51,12,12,12,0,1007,397,316,81,610,451,159,06,013,355110
06013355111,"Census Tract 3551.11, Contra Costa County, California",1450,70,16,16,0,54,41,13,1380,634,374,260,746,489,257,06,013,355111
06013355112,"Census Tract 3551.12, Contra Costa County, California",1259,55,55,0,55,0,0,0,1204,570,339,231,634,297,337,06,013,355112
06013355113,"Census Tract 3551.13, Contra Costa County, California",1030,47,47,40,7,0,0,0,983,546,381,165,437,214,223,06,013,355113
06013355114,"Census Tract 3551.14, Contra Costa County, California",2722,50,50,30,20,0,0,0,2672,1852,1207,645,820,336,484,06,013,355114
06013324002,"Census Tract 3240.02, Contra Costa County, California",1646,87,87,22,65,0,0,0,1559,625,495,130,934,902,32,06,013,324002
06013333101,"Census Tract 3331.01, Contra Costa County, California",967,33,23,23,0,10,10,0,934,452,346,106,482,419,63,06,013,333101
06013333102,"Census Tract 3331.02, Contra Costa County, California",949,35,35,15,20,0,0,0,914,469,381,88,445,355,90,06,013,333102
06013334006,"Census Tract 3340.06, Contra Costa County, California",1130,33,33,33,0,0,0,0,1097,538,341,197,559,352,207,06,013,334006
06013334200,"Census Tract 3342, Contra Costa County, California",1371,73,73,53,20,0,0,0,1298,706,513,193,592,371,221,06,013,334200
06013336201,"Census Tract 3362.01, Contra Costa County, California",792,50,17,0,17,33,33,0,742,394,272,122,348,283,65,06,013,336201
06013336202,"Census Tract 3362.02, Contra Costa County, California",1689,82,39,17,22,43,43,0,1607,929,377,552,678,533,145,06,013,336202
06013338101,"Census Tract 3381.01, Contra Costa County, California",1468,45,45,25,20,0,0,0,1423,627,390,237,796,610,186,06,013,338101
06013338102,"Census Tract 3381.02, Contra Costa County, California",843,28,17,0,17,11,11,0,815,418,296,122,397,248,149,06,013,338102
06087120200,"Census Tract 1202, Santa Cruz County, California",1012,15,15,5,10,0,0,0,997,404,247,157,593,356,237,06,087,120200
06087120900,"Census Tract 1209, Santa Cruz County, California",1746,118,100,48,52,18,0,18,1628,764,608,156,864,739,125,06,087,120900
06087121200,"Census Tract 1212, Santa Cruz County, California",1424,54,51,49,2,3,3,0,1370,535,418,117,835,502,333,06,087,121200
06087121401,"Census Tract 1214.01, Santa Cruz County, California",546,10,10,10,0,0,0,0,536,292,223,69,244,147,97,06,087,121401
06087121500,"Census Tract 1215, Santa Cruz County, California",1267,114,114,96,18,0,0,0,1153,332,223,109,821,585,236,06,087,121500
06087122100,"Census Tract 1221, Santa Cruz County, California",686,72,72,54,18,0,0,0,614,307,227,80,307,218,89,06,087,122100
06087123300,"Census Tract 1233, Santa Cruz County, California",358,39,16,16,0,23,19,4,319,139,85,54,180,110,70,06,087,123300
06087100100,"Census Tract 1001, Santa Cruz County, California",510,24,24,17,7,0,0,0,486,194,138,56,292,225,67,06,087,100100
06087100600,"Census Tract 1006, Santa Cruz County, California",891,56,56,44,12,0,0,0,835,261,244,17,574,509,65,06,087,100600
06087110502,"Census Tract 1105.02, Santa Cruz County, California",1683,88,53,20,33,35,35,0,1595,717,585,132,878,712,166,06,087,110502
06037543603,"Census Tract 5436.03, Los Angeles County, California",793,0,0,0,0,0,0,0,793,274,210,64,519,459,60,06,037,543603
06037543703,"Census Tract 5437.03, Los Angeles County, California",707,36,9,9,0,27,21,6,671,268,173,95,403,236,167,06,037,543703
06037701201,"Census Tract 7012.01, Los Angeles County, California",589,38,21,0,21,17,0,17,551,354,158,196,197,136,61,06,037,701201
06037701702,"Census Tract 7017.02, Los Angeles County, California",1195,55,55,55,0,0,0,0,1140,338,249,89,802,651,151,06,037,701702
06037554201,"Census Tract 5542.01, Los Angeles County, California",1156,16,16,8,8,0,0,0,1140,531,429,102,609,408,201,06,037,554201
06037555001,"Census Tract 5550.01, Los Angeles County, California",1290,79,58,7,51,21,15,6,1211,450,339,111,761,518,243,06,037,555001
06037570202,"Census Tract 5702.02, Los Angeles County, California",1492,129,85,52,33,44,34,10,1363,615,389,226,748,526,222,06,037,570202
06037570203,"Census Tract 5702.03, Los Angeles County, California",1136,70,70,27,43,0,0,0,1066,454,331,123,612,386,226,06,037,570203
06037570901,"Census Tract 5709.01, Los Angeles County, California",1235,77,65,65,0,12,12,0,1158,642,502,140,516,376,140,06,037,570901
06037570902,"Census Tract 5709.02, Los Angeles County, California",956,88,76,69,7,12,12,0,868,418,349,69,450,324,126,06,037,570902
06037571000,"Census Tract 5710, Los Angeles County, California",1151,74,62,62,0,12,12,0,1077,541,440,101,536,423,113,06,037,571000
06037571701,"Census Tract 5717.01, Los Angeles County, California",1634,84,0,0,0,84,17,67,1550,585,449,136,965,766,199,06,037,571701
06037572700,"Census Tract 5727, Los Angeles County, California",1246,13,13,4,9,0,0,0,1233,497,342,155,736,403,333,06,037,572700
06037573100,"Census Tract 5731, Los Angeles County, California",2079,191,157,128,29,34,0,34,1888,621,321,300,1267,652,615,06,037,573100
06037573401,"Census Tract 5734.01, Los Angeles County, California",364,17,8,8,0,9,0,9,347,90,78,12,257,241,16,06,037,573401
06037574000,"Census Tract 5740, Los Angeles County, California",1351,25,25,25,0,0,0,0,1326,689,572,117,637,357,280,06,037,574000
06037574700,"Census Tract 5747, Los Angeles County, California",3,0,0,0,0,0,0,0,3,0,0,0,3,0,3,06,037,574700
06037574901,"Census Tract 5749.01, Los Angeles County, California",742,42,42,42,0,0,0,0,700,335,275,60,365,221,144,06,037,574901
06037575201,"Census Tract 5752.01, Los Angeles County, California",1119,11,0,0,0,11,0,11,1108,358,195,163,750,567,183,06,037,575201
06037575300,"Census Tract 5753, Los Angeles County, California",1217,0,0,0,0,0,0,0,1217,296,151,145,921,645,276,06,037,575300
06037575401,"Census Tract 5754.01, Los Angeles County, California",1230,86,19,8,11,67,44,23,1144,511,312,199,633,438,195,06,037,575401
06037575500,"Census Tract 5755, Los Angeles County, California",19,0,0,0,0,0,0,0,19,0,0,0,19,13,6,06,037,575500
06087121000,"Census Tract 1210, Santa Cruz County, California",778,24,24,24,0,0,0,0,754,405,210,195,349,273,76,06,087,121000
06087121300,"Census Tract 1213, Santa Cruz County, California",906,27,27,27,0,0,0,0,879,429,341,88,450,303,147,06,087,121300
06013355115,"Census Tract 3551.15, Contra Costa County, California",2177,140,90,43,47,50,41,9,2037,1415,858,557,622,492,130,06,013,355115
06013355116,"Census Tract 3551.16, Contra Costa County, California",2139,53,53,38,15,0,0,0,2086,1516,986,530,570,266,304,06,013,355116
06013355117,"Census Tract 3551.17, Contra Costa County, California",2046,37,37,28,9,0,0,0,2009,1530,1112,418,479,229,250,06,013,355117
06013355306,"Census Tract 3553.06, Contra Costa County, California",1105,9,9,9,0,0,0,0,1096,455,368,87,641,376,265,06,013,355306
06013359103,"Census Tract 3591.03, Contra Costa County, California",1137,74,74,62,12,0,0,0,1063,432,356,76,631,472,159,06,013,359103
06013359104,"Census Tract 3591.04, Contra Costa County, California",472,25,25,16,9,0,0,0,447,225,219,6,222,202,20,06,013,359104
06013359105,"Census Tract 3591.05, Contra Costa County, California",1222,92,48,26,22,44,44,0,1130,633,588,45,497,340,157,06,013,359105
06013360101,"Census Tract 3601.01, Contra Costa County, California",1137,49,34,26,8,15,15,0,1088,501,348,153,587,446,141,06,013,360101
06013360102,"Census Tract 3601.02, Contra Costa County, California",938,45,21,0,21,24,0,24,893,294,220,74,599,425,174,06,013,360102
06013365003,"Census Tract 3650.03, Contra Costa County, California",1465,49,49,10,39,0,0,0,1416,489,364,125,927,580,347,06,013,365003
06013368001,"Census Tract 3680.01, Contra Costa County, California",1349,72,20,8,12,52,26,26,1277,603,415,188,674,490,184,06,013,368001
06013368002,"Census Tract 3680.02, Contra Costa County, California",926,45,33,22,11,12,12,0,881,391,263,128,490,315,175,06,013,368002
06013392200,"Census Tract 3922, Contra Costa County, California",3076,203,152,68,84,51,40,11,2873,1355,885,470,1518,1083,435,06,013,392200
06013392300,"Census Tract 3923, Contra Costa County, California",860,39,39,39,0,0,0,0,821,388,330,58,433,281,152,06,013,392300
06013990000,"Census Tract 9900, Contra Costa County, California",0,0,0,0,0,0,0,0,0,0,0,0,0,0,0,06,013,990000
06015000104,"Census Tract 1.04, Del Norte County, California",580,65,5,0,5,60,60,0,515,194,119,75,321,224,97,06,015,000104
06015000105,"Census Tract 1.05, Del Norte County, California",1336,149,118,118,0,31,31,0,1187,706,510,196,481,241,240,06,015,000105
06015990000,"Census Tract 9900, Del Norte County, California",0,0,0,0,0,0,0,0,0,0,0,0,0,0,0,06,015,990000
06017030301,"Census Tract 303.01, El Dorado County, California",559,33,18,0,18,15,0,15,526,257,238,19,269,236,33,06,017,030301
06017030302,"Census Tract 303.02, El Dorado County, California",489,12,12,0,12,0,0,0,477,181,99,82,296,285,11,06,017,030302
06017030504,"Census Tract 305.04, El Dorado County, California",538,32,32,32,0,0,0,0,506,166,166,0,340,252,88,06,017,030504
06073020021,"Census Tract 200.21, San Diego County, California",1696,34,22,22,0,12,12,0,1662,823,536,287,839,595,244,06,073,020021
06073020202,"Census Tract 202.02, San Diego County, California",1890,111,61,14,47,50,50,0,1779,703,401,302,1076,642,434,06,073,020202
06073020500,"Census Tract 205, San Diego County, California",1405,152,66,10,56,86,62,24,1253,562,408,154,691,558,133,06,073,020500
06033001200,"Census Tract 12, Lake County, California",528,7,7,7,0,0,0,0,521,312,217,95,209,140,69,06,033,001200
06033001000,"Census Tract 10, Lake County, California",923,73,31,0,31,42,41,1,850,355,216,139,495,276,219,06,033,001000
06043000200,"Census Tract 2, Mariposa County, California",407,0,0,0,0,0,0,0,407,137,88,49,270,219,51,06,043,000200
06043000400,"Census Tract 4, Mariposa County, California",376,38,30,9,21,8,8,0,338,179,179,0,159,151,8,06,043,000400
06049000100,"Census Tract 1, Modoc County, California",682,55,0,0,0,55,7,48,627,340,206,134,287,260,27,06,049,000100
06019005405,"Census Tract 54.05, Fresno County, California",923,93,58,30,28,35,35,0,830,310,273,37,520,371,149,06,019,005405
06019005408,"Census Tract 54.08, Fresno County, California",1424,22,0,0,0,22,0,22,1402,28,20,8,1374,610,764,06,019,005408
06085502901,"Census Tract 5029.01, Santa Clara County, California",1302,35,20,20,0,15,15,0,1267,740,618,122,527,453,74,06,085,502901
06085502902,"Census Tract 5029.02, Santa Clara County, California",1860,103,103,88,15,0,0,0,1757,991,717,274,766,585,181,06,085,502902
06085504507,"Census Tract 5045.07, Santa Clara County, California",1619,99,99,70,29,0,0,0,1520,736,621,115,784,541,243,06,085,504507
06085504601,"Census Tract 5046.01, Santa Clara County, California",212,11,11,11,0,0,0,0,201,89,51,38,112,60,52,06,085,504601
06085504802,"Census Tract 5048.02, Santa Clara County, California",1165,69,69,31,38,0,0,0,1096,643,389,254,453,257,196,06,085,504802
06085504901,"Census Tract 5049.01, Santa Clara County, California",3342,263,263,195,68,0,0,0,3079,1844,1277,567,1235,1203,32,06,085,504901
06085505304,"Census Tract 5053.04, Santa Clara County, California",729,38,30,30,0,8,0,8,691,380,289,91,311,276,35,06,085,505304
06085505305,"Census Tract 5053.05, Santa Clara County, California",1484,115,17,17,0,98,98,0,1369,877,647,230,492,411,81,06,085,505305
06085506503,"Census Tract 5065.03, Santa Clara County, California",1520,64,64,64,0,0,0,0,1456,569,439,130,887,553,334,06,085,506503
06085504314,"Census Tract 5043.14, Santa Clara County, California",1220,135,123,67,56,12,12,0,1085,417,264,153,668,476,192,06,085,504314
06085504317,"Census Tract 5043.17, Santa Clara County, California",1047,24,24,24,0,0,0,0,1023,440,291,149,583,488,95,06,085,504317
06085504410,"Census Tract 5044.10, Santa Clara County, California",1235,104,48,10,38,56,56,0,1131,468,377,91,663,466,197,06,085,504410
06085504412,"Census Tract 5044.12, Santa Clara County, California",1251,76,68,39,29,8,8,0,1175,572,431,141,603,422,181,06,085,504412
06085511400,"Census Tract 5114, Santa Clara County, California",674,8,8,8,0,0,0,0,666,381,272,109,285,146,139,06,085,511400
06085509902,"Census Tract 5099.02, Santa Clara County, California",941,61,61,45,16,0,0,0,880,588,345,243,292,230,62,06,085,509902
06085510700,"Census Tract 5107, Santa Clara County, California",1378,60,60,43,17,0,0,0,1318,703,494,209,615,302,313,06,085,510700
06085511702,"Census Tract 5117.02, Santa Clara County, California",425,5,5,5,0,0,0,0,420,239,138,101,181,96,85,06,085,511702
06085512022,"Census Tract 5120.22, Santa Clara County, California",1317,119,119,80,39,0,0,0,1198,572,436,136,626,480,146,06,085,512022
06085512027,"Census Tract 5120.27, Santa Clara County, California",950,128,128,57,71,0,0,0,822,368,279,89,454,355,99,06,085,512027
06085512032,"Census Tract 5120.32, Santa Clara County, California",771,35,35,20,15,0,0,0,736,413,369,44,323,253,70,06,085,512032
06073008335,"Census Tract 83.35, San Diego County, California",2322,131,131,102,29,0,0,0,2191,1419,992,427,772,590,182,06,073,008335
06073008336,"Census Tract 83.36, San Diego County, California",440,4,4,0,4,0,0,0,436,266,191,75,170,127,43,06,073,008336
06073008344,"Census Tract 83.44, San Diego County, California",735,32,32,27,5,0,0,0,703,370,316,54,333,226,107,06,073,008344
06073008348,"Census Tract 83.48, San Diego County, California",1833,59,59,20,39,0,0,0,1774,808,617,191,966,747,219,06,073,008348
06073008501,"Census Tract 85.01, San Diego County, California",1255,136,136,99,37,0,0,0,1119,489,443,46,630,409,221,06,073,008501
06073008513,"Census Tract 85.13, San Diego County, California",523,70,70,70,0,0,0,0,453,239,187,52,214,89,125,06,073,008513
06073016402,"Census Tract 164.02, San Diego County, California",1762,87,61,29,32,26,26,0,1675,665,408,257,1010,642,368,06,073,016402
06059062800,"Census Tract 628, Orange County, California",928,0,0,0,0,0,0,0,928,184,102,82,744,657,87,06,059,062800
06059063101,"Census Tract 631.01, Orange County, California",1115,21,7,0,7,14,14,0,1094,401,275,126,693,626,67,06,059,063101
06059063301,"Census Tract 633.01, Orange County, California",1052,18,18,18,0,0,0,0,1034,290,235,55,744,674,70,06,059,063301
06059063302,"Census Tract 633.02, Orange County, California",986,55,55,36,19,0,0,0,931,419,312,107,512,429,83,06,059,063302
06059063500,"Census Tract 635, Orange County, California",1651,64,45,45,0,19,0,19,1587,489,338,151,1098,782,316,06,059,063500
06059063808,"Census Tract 638.08, Orange County, California",1640,56,49,9,40,7,7,0,1584,677,378,299,907,544,363,06,059,063808
06059074102,"Census Tract 741.02, Orange County, California",1497,135,88,23,65,47,47,0,1362,658,504,154,704,551,153,06,059,074102
06059074103,"Census Tract 741.03, Orange County, California",1518,88,54,40,14,34,9,25,1430,551,334,217,879,623,256,06,059,074103
06059074106,"Census Tract 741.06, Orange County, California",1853,112,60,45,15,52,52,0,1741,695,512,183,1046,748,298,06,059,074106
06059074300,"Census Tract 743, Orange County, California",1155,89,38,5,33,51,18,33,1066,404,232,172,662,463,199,06,059,074300
06059074602,"Census Tract 746.02, Orange County, California",1857,120,43,19,24,77,17,60,1737,744,530,214,993,526,467,06,059,074602
06059074701,"Census Tract 747.01, Orange County, California",1898,148,97,72,25,51,15,36,1750,846,571,275,904,569,335,06,059,074701
06059087801,"Census Tract 878.01, Orange County, California",1334,63,26,26,0,37,37,0,1271,557,368,189,714,503,211,06,059,087801
06059087105,"Census Tract 871.05, Orange County, California",1064,14,0,0,0,14,14,0,1050,474,310,164,576,469,107,06,059,087105
06059087200,"Census Tract 872, Orange County, California",1848,37,37,21,16,0,0,0,1811,795,719,76,1016,620,396,06,059,087200
06073017020,"Census Tract 170.20, San Diego County, California",596,26,26,19,7,0,0,0,570,299,233,66,271,142,129,06,073,017020
06073017501,"Census Tract 175.01, San Diego County, California",737,23,17,10,7,6,0,6,714,361,295,66,353,300,53,06,073,017501
06073009703,"Census Tract 97.03, San Diego County, California",640,55,55,55,0,0,0,0,585,320,255,65,265,212,53,06,073,009703
06073010012,"Census Tract 100.12, San Diego County, California",1558,91,69,24,45,22,0,22,1467,701,510,191,766,484,282,06,073,010012
06073011802,"Census Tract 118.02, San Diego County, California",1987,53,29,0,29,24,19,5,1934,783,382,401,1151,786,365,06,073,011802
06073002705,"Census Tract 27.05, San Diego County, California",1118,27,17,0,17,10,0,10,1091,546,454,92,545,437,108,06,073,002705
06073003211,"Census Tract 32.11, San Diego County, California",839,24,0,0,0,24,24,0,815,331,217,114,484,341,143,06,073,003211
06073006500,"Census Tract 65, San Diego County, California",656,62,0,0,0,62,30,32,594,241,188,53,353,303,50,06,073,006500
06073008511,"Census Tract 85.11, San Diego County, California",1272,28,9,0,9,19,19,0,1244,506,465,41,738,592,146,06,073,008511
06073012700,"Census Tract 127, San Diego County, California",1376,90,82,60,22,8,0,8,1286,546,295,251,740,644,96,06,073,012700
06073018519,"Census Tract 185.19, San Diego County, California",1533,44,34,17,17,10,10,0,1489,598,377,221,891,587,304,06,073,018519
06111008900,"Census Tract 89, Ventura County, California",807,84,49,31,18,35,35,0,723,274,185,89,449,294,155,06,111,008900
06111009100,"Census Tract 91, Ventura County, California",1141,30,30,30,0,0,0,0,1111,391,167,224,720,438,282,06,111,009100
06111980000,"Census Tract 9800, Ventura County, California",0,0,0,0,0,0,0,0,0,0,0,0,0,0,0,06,111,980000
06111990100,"Census Tract 9901, Ventura County, California",0,0,0,0,0,0,0,0,0,0,0,0,0,0,0,06,111,990100
06113010302,"Census Tract 103.02, Yolo County, California",2117,90,90,79,11,0,0,0,2027,1182,878,304,845,723,122,06,113,010302
06113010310,"Census Tract 103.10, Yolo County, California",1572,104,38,38,0,66,44,22,1468,800,665,135,668,458,210,06,113,010310
06113010312,"Census Tract 103.12, Yolo County, California",1310,76,76,52,24,0,0,0,1234,555,424,131,679,500,179,06,113,010312
06113010401,"Census Tract 104.01, Yolo County, California",937,28,20,14,6,8,0,8,909,509,404,105,400,233,167,06,113,010401
06113010402,"Census Tract 104.02, Yolo County, California",1053,94,86,62,24,8,8,0,959,617,520,97,342,279,63,06,113,010402
06113010511,"Census Tract 105.11, Yolo County, California",844,9,9,9,0,0,0,0,835,241,175,66,594,279,315,06,113,010511
06113010512,"Census Tract 105.12, Yolo County, California",1659,34,34,11,23,0,0,0,1625,294,263,31,1331,650,681,06,113,010512
06113010513,"Census Tract 105.13, Yolo County, California",1015,10,0,0,0,10,10,0,1005,245,204,41,760,542,218,06,113,010513
06115040301,"Census Tract 403.01, Yuba County, California",853,126,61,11,50,65,22,43,727,323,145,178,404,226,178,06,115,040301
06115040302,"Census Tract 403.02, Yuba County, California",604,30,30,10,20,0,0,0,574,253,151,102,321,206,115,06,115,040302
06115040303,"Census Tract 403.03, Yuba County, California",1983,38,38,24,14,0,0,0,1945,1091,937,154,854,539,315,06,115,040303
06111005304,"Census Tract 53.04, Ventura County, California",517,53,53,53,0,0,0,0,464,175,115,60,289,255,34,06,111,005304
06111005306,"Census Tract 53.06, Ventura County, California",1006,72,65,55,10,7,7,0,934,427,341,86,507,348,159,06,111,005306
06111005404,"Census Tract 54.04, Ventura County, California",961,27,27,27,0,0,0,0,934,412,348,64,522,415,107,06,111,005404
06111007100,"Census Tract 71, Ventura County, California",1714,35,17,17,0,18,18,0,1679,560,412,148,1119,913,206,06,111,007100
06111007201,"Census Tract 72.01, Ventura County, California",463,19,19,12,7,0,0,0,444,268,201,67,176,107,69,06,111,007201
06111008306,"Census Tract 83.06, Ventura County, California",866,61,61,61,0,0,0,0,805,416,334,82,389,332,57,06,111,008306
06111008500,"Census Tract 85, Ventura County, California",1788,53,32,32,0,21,21,0,1735,872,601,271,863,628,235,06,111,008500
06111000903,"Census Tract 9.03, Ventura County, California",1192,21,0,0,0,21,0,21,1171,498,374,124,673,473,200,06,111,000903
06111001201,"Census Tract 12.01, Ventura County, California",1070,28,16,16,0,12,12,0,1042,397,324,73,645,395,250,06,111,001201
06059011403,"Census Tract 114.03, Orange County, California",1563,115,93,36,57,22,0,22,1448,603,452,151,845,613,232,06,059,011403
06059001102,"Census Tract 11.02, Orange County, California",749,76,47,40,7,29,29,0,673,390,285,105,283,249,34,06,059,001102
06059001507,"Census Tract 15.07, Orange County, California",1351,104,82,82,0,22,22,0,1247,434,311,123,813,701,112,06,059,001507
06059011101,"Census Tract 111.01, Orange County, California",1163,66,66,66,0,0,0,0,1097,473,298,175,624,472,152,06,059,011101
06059011708,"Census Tract 117.08, Orange County, California",1555,33,33,26,7,0,0,0,1522,452,269,183,1070,863,207,06,059,011708
06059011710,"Census Tract 117.10, Orange County, California",757,45,45,26,19,0,0,0,712,307,222,85,405,271,134,06,059,011710
06059021903,"Census Tract 219.03, Orange County, California",1045,36,36,36,0,0,0,0,1009,445,345,100,564,491,73,06,059,021903
06059021912,"Census Tract 219.12, Orange County, California",802,52,52,52,0,0,0,0,750,465,281,184,285,221,64,06,059,021912
06059021920,"Census Tract 219.20, Orange County, California",1564,37,37,37,0,0,0,0,1527,842,617,225,685,362,323,06,059,021920
06059032003,"Census Tract 320.03, Orange County, California",920,10,10,10,0,0,0,0,910,506,416,90,404,254,150,06,059,032003
06031001200,"Census Tract 12, Kings County, California",529,39,23,7,16,16,0,16,490,208,137,71,282,158,124,06,031,001200
06031000900,"Census Tract 9, Kings County, California",1561,15,15,0,15,0,0,0,1546,702,449,253,844,638,206,06,031,000900
06031001300,"Census Tract 13, Kings County, California",1448,26,0,0,0,26,0,26,1422,548,258,290,874,469,405,06,031,001300
06031001500,"Census Tract 15, Kings County, California",989,18,0,0,0,18,18,0,971,419,253,166,552,254,298,06,031,001500
06031000300,"Census Tract 3, Kings County, California",1870,303,303,120,183,0,0,0,1567,1171,748,423,396,318,78,06,031,000300
06031000701,"Census Tract 7.01, Kings County, California",1123,117,83,68,15,34,4,30,1006,608,446,162,398,284,114,06,031,000701
06031000200,"Census Tract 2, Kings County, California",468,18,18,8,10,0,0,0,450,189,128,61,261,92,169,06,031,000200
06031000800,"Census Tract 8, Kings County, California",1133,114,90,49,41,24,6,18,1019,338,162,176,681,333,348,06,031,000800
06031001701,"Census Tract 17.01, Kings County, California",2389,292,123,0,123,169,84,85,2097,937,629,308,1160,845,315,06,031,001701
06031000404,"Census Tract 4.04, Kings County, California",2787,168,118,106,12,50,0,50,2619,1221,923,298,1398,935,463,06,031,000404
06031000500,"Census Tract 5, Kings County, California",951,22,22,22,0,0,0,0,929,578,305,273,351,180,171,06,031,000500
06031001002,"Census Tract 10.02, Kings County, California",1083,0,0,0,0,0,0,0,1083,500,349,151,583,250,333,06,031,001002
06017031900,"Census Tract 319, El Dorado County, California",4,0,0,0,0,0,0,0,4,0,0,0,4,4,0,06,017,031900
06017031800,"Census Tract 318, El Dorado County, California",1557,28,28,12,16,0,0,0,1529,904,570,334,625,389,236,06,017,031800
06017032000,"Census Tract 320, El Dorado County, California",147,0,0,0,0,0,0,0,147,45,36,9,102,54,48,06,017,032000
06017990000,"Census Tract 9900, El Dorado County, California",0,0,0,0,0,0,0,0,0,0,0,0,0,0,0,06,017,990000
06019000501,"Census Tract 5.01, Fresno County, California",594,54,26,0,26,28,6,22,540,224,122,102,316,159,157,06,019,000501
06019000502,"Census Tract 5.02, Fresno County, California",691,67,20,0,20,47,33,14,624,233,141,92,391,186,205,06,019,000502
06019000901,"Census Tract 9.01, Fresno County, California",813,14,0,0,0,14,14,0,799,260,178,82,539,354,185,06,019,000901
06019000902,"Census Tract 9.02, Fresno County, California",1078,168,40,38,2,128,49,79,910,275,165,110,635,241,394,06,019,000902
06019001303,"Census Tract 13.03, Fresno County, California",513,88,84,34,50,4,4,0,425,199,122,77,226,158,68,06,019,001303
06019001304,"Census Tract 13.04, Fresno County, California",1291,87,67,38,29,20,20,0,1204,440,197,243,764,377,387,06,019,001304
06019001407,"Census Tract 14.07, Fresno County, California",1255,55,17,0,17,38,38,0,1200,394,209,185,806,502,304,06,019,001407
06019001408,"Census Tract 14.08, Fresno County, California",444,10,0,0,0,10,10,0,434,70,30,40,364,205,159,06,019,001408
06019001409,"Census Tract 14.09, Fresno County, California",405,13,13,9,4,0,0,0,392,178,105,73,214,143,71,06,019,001409
06019001410,"Census Tract 14.10, Fresno County, California",3340,183,155,127,28,28,28,0,3157,1327,1018,309,1830,1168,662,06,019,001410
06019001411,"Census Tract 14.11, Fresno County, California",1788,132,62,30,32,70,11,59,1656,743,549,194,913,428,485,06,019,001411
06019001412,"Census Tract 14.12, Fresno County, California",672,36,36,20,16,0,0,0,636,283,175,108,353,257,96,06,019,001412
06019001413,"Census Tract 14.13, Fresno County, California",1386,75,68,54,14,7,7,0,1311,765,601,164,546,356,190,06,019,001413
06019001414,"Census Tract 14.14, Fresno County, California",2219,60,35,35,0,25,25,0,2159,959,747,212,1200,562,638,06,019,001414
06019002903,"Census Tract 29.03, Fresno County, California",926,62,13,6,7,49,0,49,864,353,251,102,511,245,266,06,019,002903
06019002904,"Census Tract 29.04, Fresno County, California",728,75,63,44,19,12,0,12,653,194,110,84,459,255,204,06,019,002904
06019002905,"Census Tract 29.05, Fresno County, California",866,99,21,12,9,78,25,53,767,168,103,65,599,391,208,06,019,002905
06019003003,"Census Tract 30.03, Fresno County, California",1131,293,197,51,146,96,43,53,838,327,204,123,511,227,284,06,019,003003
06019003004,"Census Tract 30.04, Fresno County, California",505,30,17,4,13,13,6,7,475,150,108,42,325,210,115,06,019,003004
06019003103,"Census Tract 31.03, Fresno County, California",1297,13,0,0,0,13,13,0,1284,411,315,96,873,544,329,06,019,003103
06019002906,"Census Tract 29.06, Fresno County, California",1112,73,61,25,36,12,12,0,1039,405,358,47,634,469,165,06,019,002906
06019003104,"Census Tract 31.04, Fresno County, California",823,55,26,19,7,29,7,22,768,308,200,108,460,368,92,06,019,003104
06019003301,"Census Tract 33.01, Fresno County, California",736,75,53,42,11,22,9,13,661,184,76,108,477,306,171,06,019,003301
06019003302,"Census Tract 33.02, Fresno County, California",1474,81,44,0,44,37,37,0,1393,359,185,174,1034,519,515,06,019,003302
06019003702,"Census Tract 37.02, Fresno County, California",1112,83,27,27,0,56,35,21,1029,389,133,256,640,345,295,06,019,003702
06019003807,"Census Tract 38.07, Fresno County, California",725,64,52,5,47,12,12,0,661,299,221,78,362,205,157,06,019,003807
06019003808,"Census Tract 38.08, Fresno County, California",1161,55,44,8,36,11,11,0,1106,524,471,53,582,309,273,06,019,003808
06019003701,"Census Tract 37.01, Fresno County, California",876,85,8,8,0,77,27,50,791,274,205,69,517,469,48,06,019,003701
06019004001,"Census Tract 40.01, Fresno County, California",1874,77,59,0,59,18,0,18,1797,871,553,318,926,441,485,06,019,004001
06029003807,"Census Tract 38.07, Kern County, California",759,12,12,0,12,0,0,0,747,330,230,100,417,179,238,06,029,003807
06029004000,"Census Tract 40, Kern County, California",2091,63,42,23,19,21,12,9,2028,1053,619,434,975,469,506,06,029,004000
06059011707,"Census Tract 117.07, Orange County, California",1673,91,43,13,30,48,48,0,1582,831,649,182,751,545,206,06,059,011707
06059011722,"Census Tract 117.22, Orange County, California",320,12,12,12,0,0,0,0,308,176,138,38,132,93,39,06,059,011722
06059021916,"Census Tract 219.16, Orange County, California",646,24,24,24,0,0,0,0,622,318,232,86,304,205,99,06,059,021916
06059032041,"Census Tract 320.41, Orange County, California",245,9,6,0,6,3,0,3,236,126,102,24,110,61,49,06,059,032041
06059042313,"Census Tract 423.13, Orange County, California",1810,47,47,47,0,0,0,0,1763,704,478,226,1059,898,161,06,059,042313
06059011711,"Census Tract 117.11, Orange County, California",2099,188,115,20,95,73,0,73,1911,651,472,179,1260,989,271,06,059,011711
06059021918,"Census Tract 219.18, Orange County, California",1040,24,17,17,0,7,7,0,1016,379,330,49,637,504,133,06,059,021918
06059032031,"Census Tract 320.31, Orange County, California",666,25,25,11,14,0,0,0,641,342,292,50,299,216,83,06,059,032031
06059063102,"Census Tract 631.02, Orange County, California",1682,86,77,60,17,9,9,0,1596,547,434,113,1049,849,200,06,059,063102
06059052505,"Census Tract 525.05, Orange County, California",1155,106,106,0,106,0,0,0,1049,433,263,170,616,374,242,06,059,052505
06059062605,"Census Tract 626.05, Orange County, California",600,0,0,0,0,0,0,0,600,152,121,31,448,406,42,06,059,062605
06059063601,"Census Tract 636.01, Orange County, California",1000,27,19,8,11,8,8,0,973,385,320,65,588,439,149,06,059,063601
06059074111,"Census Tract 741.11, Orange County, California",1273,36,26,13,13,10,10,0,1237,600,394,206,637,549,88,06,059,074111
06071004503,"Census Tract 45.03, San Bernardino County, California",852,33,33,10,23,0,0,0,819,438,339,99,381,245,136,06,071,004503
06071003900,"Census Tract 39, San Bernardino County, California",1407,27,10,10,0,17,0,17,1380,565,372,193,815,422,393,06,071,003900
06071005600,"Census Tract 56, San Bernardino County, California",1740,144,52,26,26,92,47,45,1596,633,319,314,963,595,368,06,071,005600
06073019404,"Census Tract 194.04, San Diego County, California",908,85,58,11,47,27,15,12,823,438,328,110,385,276,109,06,073,019404
06073002002,"Census Tract 20.02, San Diego County, California",636,8,8,8,0,0,0,0,628,292,248,44,336,295,41,06,073,002002
06073017808,"Census Tract 178.08, San Diego County, California",939,11,0,0,0,11,11,0,928,712,583,129,216,183,33,06,073,017808
06073019101,"Census Tract 191.01, San Diego County, California",1532,173,138,57,81,35,7,28,1359,713,374,339,646,289,357,06,073,019101
06107000301,"Census Tract 3.01, Tulare County, California",1535,89,14,5,9,75,24,51,1446,746,523,223,700,288,412,06,107,000301
06107001302,"Census Tract 13.02, Tulare County, California",2078,224,55,8,47,169,77,92,1854,735,457,278,1119,678,441,06,107,001302
06037432801,"Census Tract 4328.01, Los Angeles County, California",450,11,0,0,0,11,0,11,439,202,120,82,237,171,66,06,037,432801
06037460000,"Census Tract 4600, Los Angeles County, California",893,16,16,7,9,0,0,0,877,454,246,208,423,276,147,06,037,460000
06037460501,"Census Tract 4605.01, Los Angeles County, California",1020,55,55,31,24,0,0,0,965,524,397,127,441,225,216,06,037,460501
06037131300,"Census Tract 1313, Los Angeles County, California",1155,63,63,37,26,0,0,0,1092,502,303,199,590,422,168,06,037,131300
06037131400,"Census Tract 1314, Los Angeles County, California",1504,111,86,65,21,25,0,25,1393,623,428,195,770,597,173,06,037,131400
06037131900,"Census Tract 1319, Los Angeles County, California",1162,24,12,12,0,12,12,0,1138,582,435,147,556,336,220,06,037,131900
06037132300,"Census Tract 1323, Los Angeles County, California",2140,27,27,0,27,0,0,0,2113,887,607,280,1226,802,424,06,037,132300
06037133000,"Census Tract 1330, Los Angeles County, California",1123,41,31,14,17,10,10,0,1082,397,267,130,685,497,188,06,037,133000
06037134101,"Census Tract 1341.01, Los Angeles County, California",1096,23,9,9,0,14,0,14,1073,492,273,219,581,479,102,06,037,134101
06037480704,"Census Tract 4807.04, Los Angeles County, California",1290,22,22,22,0,0,0,0,1268,599,443,156,669,471,198,06,037,480704
06037480803,"Census Tract 4808.03, Los Angeles County, California",960,16,16,0,16,0,0,0,944,325,216,109,619,508,111,06,037,480803
06037481201,"Census Tract 4812.01, Los Angeles County, California",967,8,8,8,0,0,0,0,959,451,319,132,508,349,159,06,037,481201
06037482521,"Census Tract 4825.21, Los Angeles County, California",1358,65,65,37,28,0,0,0,1293,645,471,174,648,383,265,06,037,482521
06037502301,"Census Tract 5023.01, Los Angeles County, California",1382,76,14,7,7,62,50,12,1306,491,383,108,815,622,193,06,037,502301
06107003002,"Census Tract 30.02, Tulare County, California",858,42,42,14,28,0,0,0,816,362,199,163,454,239,215,06,107,003002
06107002304,"Census Tract 23.04, Tulare County, California",442,28,0,0,0,28,28,0,414,176,136,40,238,132,106,06,107,002304
06107000600,"Census Tract 6, Tulare County, California",1758,107,55,0,55,52,48,4,1651,606,346,260,1045,588,457,06,107,000600
06107000701,"Census Tract 7.01, Tulare County, California",600,23,7,0,7,16,16,0,577,267,157,110,310,199,111,06,107,000701
06037482502,"Census Tract 4825.02, Los Angeles County, California",767,29,26,22,4,3,3,0,738,302,204,98,436,258,178,06,037,482502
06037501300,"Census Tract 5013, Los Angeles County, California",1776,61,59,59,0,2,0,2,1715,773,679,94,942,583,359,06,037,501300
06037501700,"Census Tract 5017, Los Angeles County, California",718,31,0,0,0,31,31,0,687,324,222,102,363,300,63,06,037,501700
06037134800,"Census Tract 1348, Los Angeles County, California",1518,14,14,14,0,0,0,0,1504,729,565,164,775,568,207,06,037,134800
06037134901,"Census Tract 1349.01, Los Angeles County, California",761,74,17,17,0,57,48,9,687,323,222,101,364,259,105,06,037,134901
06075061500,"Census Tract 615, San Francisco County, California",4993,294,294,231,63,0,0,0,4699,1645,1289,356,3054,2952,102,06,075,061500
06037530801,"Census Tract 5308.01, Los Angeles County, California",1290,51,32,23,9,19,19,0,1239,483,295,188,756,511,245,06,037,530801
06037530802,"Census Tract 5308.02, Los Angeles County, California",792,15,9,9,0,6,0,6,777,395,303,92,382,213,169,06,037,530802
06037531302,"Census Tract 5313.02, Los Angeles County, California",1777,35,12,0,12,23,23,0,1742,703,480,223,1039,652,387,06,037,531302
06037532302,"Census Tract 5323.02, Los Angeles County, California",1265,46,34,18,16,12,10,2,1219,419,240,179,800,565,235,06,037,532302
06037532603,"Census Tract 5326.03, Los Angeles County, California",882,97,36,36,0,61,43,18,785,270,158,112,515,258,257,06,037,532603
06037533104,"Census Tract 5331.04, Los Angeles County, California",1316,64,64,31,33,0,0,0,1252,398,186,212,854,528,326,06,037,533104
06037533201,"Census Tract 5332.01, Los Angeles County, California",690,58,44,7,37,14,14,0,632,246,122,124,386,205,181,06,037,533201
06037533300,"Census Tract 5333, Los Angeles County, California",802,78,54,32,22,24,14,10,724,206,120,86,518,287,231,06,037,533300
06037533702,"Census Tract 5337.02, Los Angeles County, California",923,57,23,0,23,34,10,24,866,286,165,121,580,373,207,06,037,533702
06037241400,"Census Tract 2414, Los Angeles County, California",1067,88,33,22,11,55,30,25,979,303,126,177,676,398,278,06,037,241400
06037242200,"Census Tract 2422, Los Angeles County, California",1715,71,48,30,18,23,0,23,1644,541,179,362,1103,524,579,06,037,242200
06037262302,"Census Tract 2623.02, Los Angeles County, California",595,14,14,0,14,0,0,0,581,354,195,159,227,101,126,06,037,262302
06037400205,"Census Tract 4002.05, Los Angeles County, California",445,17,17,6,11,0,0,0,428,232,134,98,196,99,97,06,037,400205
06037402404,"Census Tract 4024.04, Los Angeles County, California",919,0,0,0,0,0,0,0,919,5,5,0,914,386,528,06,037,402404
06037108104,"Census Tract 1081.04, Los Angeles County, California",431,13,13,6,7,0,0,0,418,173,88,85,245,77,168,06,037,108104
06037113301,"Census Tract 1133.01, Los Angeles County, California",638,40,40,40,0,0,0,0,598,255,101,154,343,228,115,06,037,113301
06037117303,"Census Tract 1173.03, Los Angeles County, California",808,0,0,0,0,0,0,0,808,457,400,57,351,301,50,06,037,117303
06037190510,"Census Tract 1905.10, Los Angeles County, California",1348,43,20,20,0,23,23,0,1305,371,255,116,934,718,216,06,037,190510
06037192620,"Census Tract 1926.20, Los Angeles County, California",960,79,55,0,55,24,8,16,881,394,219,175,487,314,173,06,037,192620
06037197410,"Census Tract 1974.10, Los Angeles County, California",1280,80,71,38,33,9,0,9,1200,452,395,57,748,724,24,06,037,197410
06037203710,"Census Tract 2037.10, Los Angeles County, California",905,41,0,0,0,41,16,25,864,286,182,104,578,314,264,06,037,203710
06037577000,"Census Tract 5770, Los Angeles County, California",2684,69,38,21,17,31,31,0,2615,598,550,48,2017,1735,282,06,037,577000
06037599000,"Census Tract 5990, Los Angeles County, California",690,29,29,29,0,0,0,0,661,397,282,115,264,151,113,06,037,599000
06037601303,"Census Tract 6013.03, Los Angeles County, California",1580,43,19,11,8,24,24,0,1537,480,399,81,1057,954,103,06,037,601303
06037602104,"Census Tract 6021.04, Los Angeles County, California",1453,127,54,44,10,73,56,17,1326,417,309,108,909,791,118,06,037,602104
06037189500,"Census Tract 1895, Los Angeles County, California",1127,0,0,0,0,0,0,0,1127,227,192,35,900,808,92,06,037,189500
06037650602,"Census Tract 6506.02, Los Angeles County, California",1938,90,90,61,29,0,0,0,1848,1026,597,429,822,642,180,06,037,650602
06037650902,"Census Tract 6509.02, Los Angeles County, California",1924,192,160,114,46,32,32,0,1732,907,652,255,825,635,190,06,037,650902
06037131200,"Census Tract 1312, Los Angeles County, California",676,19,19,7,12,0,0,0,657,232,218,14,425,277,148,06,037,131200
06037131600,"Census Tract 1316, Los Angeles County, California",1342,69,53,35,18,16,16,0,1273,443,352,91,830,486,344,06,037,131600
06037132700,"Census Tract 1327, Los Angeles County, California",1293,113,98,36,62,15,15,0,1180,596,420,176,584,424,160,06,037,132700
06037181300,"Census Tract 1813, Los Angeles County, California",743,111,111,111,0,0,0,0,632,304,281,23,328,246,82,06,037,181300
06037183300,"Census Tract 1833, Los Angeles County, California",806,7,7,7,0,0,0,0,799,335,272,63,464,304,160,06,037,183300
06037183510,"Census Tract 1835.10, Los Angeles County, California",733,73,46,31,15,27,27,0,660,346,255,91,314,234,80,06,037,183510
06037183810,"Census Tract 1838.10, Los Angeles County, California",1337,34,34,17,17,0,0,0,1303,489,313,176,814,607,207,06,037,183810
06037188100,"Census Tract 1881, Los Angeles County, California",1193,54,13,13,0,41,41,0,1139,496,477,19,643,455,188,06,037,188100
06037189300,"Census Tract 1893, Los Angeles County, California",628,20,20,10,10,0,0,0,608,299,230,69,309,299,10,06,037,189300
06037189800,"Census Tract 1898, Los Angeles County, California",1172,37,37,37,0,0,0,0,1135,232,127,105,903,870,33,06,037,189800
06037191000,"Census Tract 1910, Los Angeles County, California",1356,0,0,0,0,0,0,0,1356,290,210,80,1066,871,195,06,037,191000
06037191201,"Census Tract 1912.01, Los Angeles County, California",1154,32,32,0,32,0,0,0,1122,384,285,99,738,574,164,06,037,191201
06037191710,"Census Tract 1917.10, Los Angeles County, California",666,32,15,0,15,17,17,0,634,254,174,80,380,261,119,06,037,191710
06037192700,"Census Tract 1927, Los Angeles County, California",1058,43,36,11,25,7,0,7,1015,246,213,33,769,526,243,06,037,192700
06037194200,"Census Tract 1942, Los Angeles County, California",733,57,57,57,0,0,0,0,676,353,269,84,323,225,98,06,037,194200
06037197300,"Census Tract 1973, Los Angeles County, California",1128,0,0,0,0,0,0,0,1128,385,305,80,743,634,109,06,037,197300
06037197500,"Census Tract 1975, Los Angeles County, California",1081,12,12,0,12,0,0,0,1069,296,231,65,773,744,29,06,037,197500
06037197600,"Census Tract 1976, Los Angeles County, California",692,17,17,13,4,0,0,0,675,188,152,36,487,445,42,06,037,197600
06037199202,"Census Tract 1992.02, Los Angeles County, California",807,38,19,13,6,19,14,5,769,314,238,76,455,346,109,06,037,199202
06037201302,"Census Tract 2013.02, Los Angeles County, California",1182,96,81,52,29,15,15,0,1086,367,247,120,719,538,181,06,037,201302
06037408133,"Census Tract 4081.33, Los Angeles County, California",1492,106,66,66,0,40,23,17,1386,515,341,174,871,637,234,06,037,408133
06037408135,"Census Tract 4081.35, Los Angeles County, California",1066,49,49,42,7,0,0,0,1017,376,274,102,641,422,219,06,037,408135
06037408211,"Census Tract 4082.11, Los Angeles County, California",1296,159,132,28,104,27,6,21,1137,523,380,143,614,399,215,06,037,408211
06013306003,"Census Tract 3060.03, Contra Costa County, California",1378,47,47,17,30,0,0,0,1331,538,408,130,793,683,110,06,013,306003
06013306004,"Census Tract 3060.04, Contra Costa County, California",931,50,38,11,27,12,12,0,881,405,272,133,476,362,114,06,013,306004
06037320202,"Census Tract 3202.02, Los Angeles County, California",1518,137,125,88,37,12,0,12,1381,707,497,210,674,522,152,06,037,320202
06037311801,"Census Tract 3118.01, Los Angeles County, California",667,28,18,18,0,10,0,10,639,311,251,60,328,279,49,06,037,311801
06037311802,"Census Tract 3118.02, Los Angeles County, California",1361,18,0,0,0,18,18,0,1343,555,428,127,788,585,203,06,037,311802
06037553601,"Census Tract 5536.01, Los Angeles County, California",1387,42,9,0,9,33,17,16,1345,537,322,215,808,520,288,06,037,553601
06037403407,"Census Tract 4034.07, Los Angeles County, California",432,3,3,3,0,0,0,0,429,240,121,119,189,119,70,06,037,403407
06037122120,"Census Tract 1221.20, Los Angeles County, California",1162,62,23,0,23,39,39,0,1100,436,318,118,664,391,273,06,037,122120
06037123010,"Census Tract 1230.10, Los Angeles County, California",1034,48,20,14,6,28,0,28,986,328,170,158,658,410,248,06,037,123010
06037128910,"Census Tract 1289.10, Los Angeles County, California",1002,47,37,28,9,10,10,0,955,457,348,109,498,407,91,06,037,128910
06037134305,"Census Tract 1343.05, Los Angeles County, California",1067,57,40,22,18,17,17,0,1010,521,408,113,489,354,135,06,037,134305
06037134710,"Census Tract 1347.10, Los Angeles County, California",1533,88,79,37,42,9,0,9,1445,496,299,197,949,685,264,06,037,134710
06037135202,"Census Tract 1352.02, Los Angeles County, California",1016,21,0,0,0,21,21,0,995,562,339,223,433,199,234,06,037,135202
06037137302,"Census Tract 1373.02, Los Angeles County, California",670,36,23,13,10,13,0,13,634,351,258,93,283,170,113,06,037,137302
06037139802,"Census Tract 1398.02, Los Angeles County, California",757,28,14,4,10,14,0,14,729,307,206,101,422,242,180,06,037,139802
06037141302,"Census Tract 1413.02, Los Angeles County, California",2048,25,25,0,25,0,0,0,2023,801,776,25,1222,1059,163,06,037,141302
06037143100,"Census Tract 1431, Los Angeles County, California",1132,76,76,76,0,0,0,0,1056,289,250,39,767,727,40,06,037,143100
06037143800,"Census Tract 1438, Los Angeles County, California",1431,33,33,33,0,0,0,0,1398,630,487,143,768,728,40,06,037,143800
06037402702,"Census Tract 4027.02, Los Angeles County, California",1724,183,83,53,30,100,6,94,1541,641,426,215,900,550,350,06,037,402702
06037402703,"Census Tract 4027.03, Los Angeles County, California",1210,23,9,0,9,14,6,8,1187,448,321,127,739,483,256,06,037,402703
06037403200,"Census Tract 4032, Los Angeles County, California",73,0,0,0,0,0,0,0,73,11,9,2,62,38,24,06,037,403200
06037403303,"Census Tract 4033.03, Los Angeles County, California",656,10,0,0,0,10,0,10,646,207,142,65,439,301,138,06,037,403303
06037403702,"Census Tract 4037.02, Los Angeles County, California",873,12,12,0,12,0,0,0,861,381,304,77,480,267,213,06,037,403702
06037119800,"Census Tract 1198, Los Angeles County, California",1581,7,0,0,0,7,0,7,1574,577,354,223,997,634,363,06,037,119800
06037120010,"Census Tract 1200.10, Los Angeles County, California",734,36,3,3,0,33,19,14,698,343,224,119,355,282,73,06,037,120010
06037122200,"Census Tract 1222, Los Angeles County, California",939,24,24,24,0,0,0,0,915,343,222,121,572,316,256,06,037,122200
06037122420,"Census Tract 1224.20, Los Angeles County, California",1103,38,31,0,31,7,7,0,1065,498,337,161,567,337,230,06,037,122420
06037404402,"Census Tract 4044.02, Los Angeles County, California",1149,87,60,23,37,27,16,11,1062,459,303,156,603,367,236,06,037,404402
06037406300,"Census Tract 4063, Los Angeles County, California",1339,14,14,14,0,0,0,0,1325,457,325,132,868,602,266,06,037,406300
06037800330,"Census Tract 8003.30, Los Angeles County, California",198,0,0,0,0,0,0,0,198,134,103,31,64,29,35,06,037,800330
06075026004,"Census Tract 260.04, San Francisco County, California",1272,64,45,45,0,19,0,19,1208,492,342,150,716,473,243,06,075,026004
06075030101,"Census Tract 301.01, San Francisco County, California",1676,109,94,94,0,15,15,0,1567,422,335,87,1145,920,225,06,075,030101
06075033000,"Census Tract 330, San Francisco County, California",1758,100,100,90,10,0,0,0,1658,870,731,139,788,644,144,06,075,033000
06075025403,"Census Tract 254.03, San Francisco County, California",1099,36,36,21,15,0,0,0,1063,418,314,104,645,395,250,06,075,025403
06075026401,"Census Tract 264.01, San Francisco County, California",802,76,58,43,15,18,0,18,726,234,194,40,492,359,133,06,075,026401
06075030202,"Census Tract 302.02, San Francisco County, California",1595,49,49,23,26,0,0,0,1546,567,473,94,979,784,195,06,075,030202
06075035300,"Census Tract 353, San Francisco County, California",1590,79,38,38,0,41,20,21,1511,749,577,172,762,552,210,06,075,035300
06075047600,"Census Tract 476, San Francisco County, California",1150,69,69,69,0,0,0,0,1081,478,383,95,603,499,104,06,075,047600
06075010600,"Census Tract 106, San Francisco County, California",797,16,16,16,0,0,0,0,781,258,245,13,523,459,64,06,075,010600
06075061000,"Census Tract 610, San Francisco County, California",1429,87,50,50,0,37,37,0,1342,523,371,152,819,608,211,06,075,061000
06075020300,"Census Tract 203, San Francisco County, California",936,21,21,21,0,0,0,0,915,270,227,43,645,527,118,06,075,020300
06087110300,"Census Tract 1103, Santa Cruz County, California",1879,164,133,80,53,31,31,0,1715,704,425,279,1011,599,412,06,087,110300
06087122203,"Census Tract 1222.03, Santa Cruz County, California",545,36,36,16,20,0,0,0,509,247,182,65,262,225,37,06,087,122203
06087121600,"Census Tract 1216, Santa Cruz County, California",1569,0,0,0,0,0,0,0,1569,615,414,201,954,533,421,06,087,121600
06087110100,"Census Tract 1101, Santa Cruz County, California",1497,299,208,113,95,91,91,0,1198,668,464,204,530,366,164,06,087,110100
06087120400,"Census Tract 1204, Santa Cruz County, California",1073,107,63,39,24,44,44,0,966,400,273,127,566,369,197,06,087,120400
06105000400,"Census Tract 4, Trinity County, California",90,0,0,0,0,0,0,0,90,73,50,23,17,9,8,06,105,000400
06105000200,"Census Tract 2, Trinity County, California",243,12,6,6,0,6,0,6,231,122,108,14,109,68,41,06,105,000200
06049000200,"Census Tract 2, Modoc County, California",277,23,5,0,5,18,0,18,254,156,114,42,98,41,57,06,049,000200
06049000400,"Census Tract 4, Modoc County, California",145,8,6,6,0,2,2,0,137,95,78,17,42,19,23,06,049,000400
06049000300,"Census Tract 3, Modoc County, California",435,4,0,0,0,4,0,4,431,208,119,89,223,146,77,06,049,000300
06115040901,"Census Tract 409.01, Yuba County, California",543,60,60,45,15,0,0,0,483,174,89,85,309,259,50,06,115,040901
06115041000,"Census Tract 410, Yuba County, California",1255,51,51,0,51,0,0,0,1204,739,561,178,465,237,228,06,115,041000
06115041100,"Census Tract 411, Yuba County, California",590,9,9,9,0,0,0,0,581,247,147,100,334,65,269,06,115,041100
06115040600,"Census Tract 406, Yuba County, California",1361,65,65,37,28,0,0,0,1296,665,435,230,631,211,420,06,115,040600
06115040800,"Census Tract 408, Yuba County, California",972,20,20,13,7,0,0,0,952,441,282,159,511,365,146,06,115,040800
06115040100,"Census Tract 401, Yuba County, California",1351,151,59,6,53,92,8,84,1200,443,290,153,757,428,329,06,115,040100
06115040400,"Census Tract 404, Yuba County, California",1284,155,56,7,49,99,70,29,1129,524,302,222,605,296,309,06,115,040400
06115040500,"Census Tract 405, Yuba County, California",914,69,69,22,47,0,0,0,845,502,329,173,343,150,193,06,115,040500
06115040902,"Census Tract 409.02, Yuba County, California",467,38,38,0,38,0,0,0,429,282,142,140,147,138,9,06,115,040902
06115040200,"Census Tract 402, Yuba County, California",1786,197,159,81,78,38,38,0,1589,882,620,262,707,571,136,06,115,040200
06115040700,"Census Tract 407, Yuba County, California",3208,326,266,161,105,60,40,20,2882,1685,1132,553,1197,759,438,06,115,040700
06013338302,"Census Tract 3383.02, Contra Costa County, California",1176,117,117,97,20,0,0,0,1059,542,349,193,517,441,76,06,013,338302
06013349000,"Census Tract 3490, Contra Costa County, California",1293,47,47,35,12,0,0,0,1246,591,437,154,655,521,134,06,013,349000
06013357000,"Census Tract 3570, Contra Costa County, California",690,25,25,25,0,0,0,0,665,244,216,28,421,302,119,06,013,357000
06013307101,"Census Tract 3071.01, Contra Costa County, California",858,88,45,0,45,43,43,0,770,286,223,63,484,323,161,06,013,307101
06013307202,"Census Tract 3072.02, Contra Costa County, California",1220,167,54,46,8,113,113,0,1053,335,200,135,718,474,244,06,013,307202
06013307204,"Census Tract 3072.04, Contra Costa County, California",765,80,80,23,57,0,0,0,685,353,253,100,332,293,39,06,013,307204
06013317000,"Census Tract 3170, Contra Costa County, California",562,35,0,0,0,35,35,0,527,80,80,0,447,397,50,06,013,317000
06013321101,"Census Tract 3211.01, Contra Costa County, California",1200,159,99,99,0,60,42,18,1041,546,367,179,495,367,128,06,013,321101
06013321102,"Census Tract 3211.02, Contra Costa County, California",1402,14,14,14,0,0,0,0,1388,701,576,125,687,432,255,06,013,321102
06013321103,"Census Tract 3211.03, Contra Costa County, California",911,28,28,20,8,0,0,0,883,462,358,104,421,339,82,06,013,321103
06105000300,"Census Tract 3, Trinity County, California",611,55,55,0,55,0,0,0,556,331,197,134,225,174,51,06,105,000300
06037206010,"Census Tract 2060.10, Los Angeles County, California",881,41,26,11,15,15,0,15,840,243,118,125,597,418,179,06,037,206010
06037207900,"Census Tract 2079, Los Angeles County, California",2538,20,20,0,20,0,0,0,2518,580,524,56,1938,1140,798,06,037,207900
06037208902,"Census Tract 2089.02, Los Angeles County, California",495,66,18,11,7,48,48,0,429,190,105,85,239,147,92,06,037,208902
06037208904,"Census Tract 2089.04, Los Angeles County, California",848,37,14,7,7,23,23,0,811,234,200,34,577,429,148,06,037,208904
06037209402,"Census Tract 2094.02, Los Angeles County, California",724,97,0,0,0,97,23,74,627,165,76,89,462,392,70,06,037,209402
06037211000,"Census Tract 2110, Los Angeles County, California",1342,32,32,17,15,0,0,0,1310,438,276,162,872,655,217,06,037,211000
06037211120,"Census Tract 2111.20, Los Angeles County, California",1878,0,0,0,0,0,0,0,1878,662,418,244,1216,819,397,06,037,211120
06037211320,"Census Tract 2113.20, Los Angeles County, California",890,21,0,0,0,21,0,21,869,201,136,65,668,479,189,06,037,211320
06037213401,"Census Tract 2134.01, Los Angeles County, California",1776,140,48,48,0,92,80,12,1636,448,305,143,1188,934,254,06,037,213401
06037213402,"Census Tract 2134.02, Los Angeles County, California",1344,134,47,20,27,87,0,87,1210,496,332,164,714,517,197,06,037,213402
06037220100,"Census Tract 2201, Los Angeles County, California",629,37,10,10,0,27,0,27,592,306,148,158,286,201,85,06,037,220100
06111007800,"Census Tract 78, Ventura County, California",1000,92,47,47,0,45,45,0,908,408,207,201,500,399,101,06,111,007800
06111008002,"Census Tract 80.02, Ventura County, California",1367,39,39,39,0,0,0,0,1328,638,568,70,690,498,192,06,111,008002
06111008101,"Census Tract 81.01, Ventura County, California",744,59,40,40,0,19,0,19,685,323,202,121,362,313,49,06,111,008101
06111005901,"Census Tract 59.01, Ventura County, California",1297,65,65,65,0,0,0,0,1232,648,491,157,584,380,204,06,111,005901
06111005503,"Census Tract 55.03, Ventura County, California",790,49,49,49,0,0,0,0,741,424,278,146,317,212,105,06,111,005503
06111005600,"Census Tract 56, Ventura County, California",2360,55,40,40,0,15,15,0,2305,1045,763,282,1260,927,333,06,111,005600
06111005906,"Census Tract 59.06, Ventura County, California",1508,79,79,65,14,0,0,0,1429,671,442,229,758,520,238,06,111,005906
06111006400,"Census Tract 64, Ventura County, California",1030,17,17,17,0,0,0,0,1013,586,448,138,427,311,116,06,111,006400
06111006600,"Census Tract 66, Ventura County, California",1018,58,58,58,0,0,0,0,960,327,275,52,633,378,255,06,111,006600
06071008705,"Census Tract 87.05, San Bernardino County, California",1095,48,48,0,48,0,0,0,1047,557,402,155,490,274,216,06,071,008705
06071008708,"Census Tract 87.08, San Bernardino County, California",893,105,72,63,9,33,0,33,788,409,296,113,379,286,93,06,071,008708
06071009107,"Census Tract 91.07, San Bernardino County, California",1614,27,27,27,0,0,0,0,1587,896,486,410,691,409,282,06,071,009107
06071010011,"Census Tract 100.11, San Bernardino County, California",1328,28,28,0,28,0,0,0,1300,536,376,160,764,470,294,06,071,010011
06071011500,"Census Tract 115, San Bernardino County, California",368,10,10,10,0,0,0,0,358,207,147,60,151,92,59,06,071,011500
06071001803,"Census Tract 18.03, San Bernardino County, California",636,0,0,0,0,0,0,0,636,215,119,96,421,256,165,06,071,001803
06071002602,"Census Tract 26.02, San Bernardino County, California",2195,134,89,32,57,45,45,0,2061,913,620,293,1148,784,364,06,071,002602
06071002901,"Census Tract 29.01, San Bernardino County, California",1284,104,62,17,45,42,0,42,1180,518,313,205,662,464,198,06,071,002901
06071002902,"Census Tract 29.02, San Bernardino County, California",1665,85,75,34,41,10,10,0,1580,589,302,287,991,532,459,06,071,002902
06071010018,"Census Tract 100.18, San Bernardino County, California",1716,50,15,15,0,35,0,35,1666,889,520,369,777,411,366,06,071,010018
06071009500,"Census Tract 95, San Bernardino County, California",2066,166,14,0,14,152,0,152,1900,450,391,59,1450,993,457,06,071,009500
06071009713,"Census Tract 97.13, San Bernardino County, California",1644,154,73,65,8,81,81,0,1490,773,423,350,717,334,383,06,071,009713
06071009716,"Census Tract 97.16, San Bernardino County, California",1845,186,42,42,0,144,104,40,1659,519,358,161,1140,651,489,06,071,009716
06071010402,"Census Tract 104.02, San Bernardino County, California",1728,274,274,83,191,0,0,0,1454,1397,395,1002,57,57,0,06,071,010402
06071010409,"Census Tract 104.09, San Bernardino County, California",522,38,14,0,14,24,15,9,484,294,194,100,190,113,77,06,071,010409
06071010411,"Census Tract 104.11, San Bernardino County, California",1249,88,45,21,24,43,0,43,1161,739,516,223,422,199,223,06,071,010411
06001440100,"Census Tract 4401, Alameda County, California",544,30,30,26,4,0,0,0,514,242,171,71,272,191,81,06,001,440100
06001441301,"Census Tract 4413.01, Alameda County, California",865,7,7,7,0,0,0,0,858,531,344,187,327,239,88,06,001,441301
06001421800,"Census Tract 4218, Alameda County, California",392,36,36,36,0,0,0,0,356,188,169,19,168,124,44,06,001,421800
06001442800,"Census Tract 4428, Alameda County, California",613,19,12,8,4,7,7,0,594,332,239,93,262,216,46,06,001,442800
06001443102,"Census Tract 4431.02, Alameda County, California",1148,32,18,5,13,14,14,0,1116,709,502,207,407,201,206,06,001,443102
06001443200,"Census Tract 4432, Alameda County, California",773,49,38,38,0,11,11,0,724,343,286,57,381,279,102,06,001,443200
06001444100,"Census Tract 4441, Alameda County, California",1836,18,18,18,0,0,0,0,1818,972,837,135,846,622,224,06,001,444100
06001444500,"Census Tract 4445, Alameda County, California",2026,97,68,40,28,29,29,0,1929,895,576,319,1034,609,425,06,001,444500
06001450601,"Census Tract 4506.01, Alameda County, California",782,9,9,2,7,0,0,0,773,454,227,227,319,217,102,06,001,450601
06001450741,"Census Tract 4507.41, Alameda County, California",1268,25,25,17,8,0,0,0,1243,534,376,158,709,505,204,06,001,450741
06001451101,"Census Tract 4511.01, Alameda County, California",1656,132,132,75,57,0,0,0,1524,893,612,281,631,502,129,06,001,451101
06001441923,"Census Tract 4419.23, Alameda County, California",1667,141,121,53,68,20,20,0,1526,1006,512,494,520,411,109,06,001,441923
06061021902,"Census Tract 219.02, Placer County, California",683,43,43,27,16,0,0,0,640,374,268,106,266,162,104,06,061,021902
06061021304,"Census Tract 213.04, Placer County, California",1009,27,27,27,0,0,0,0,982,586,429,157,396,261,135,06,061,021304
06061020106,"Census Tract 201.06, Placer County, California",298,36,36,17,19,0,0,0,262,143,85,58,119,119,0,06,061,020106
06061020901,"Census Tract 209.01, Placer County, California",615,16,0,0,0,16,9,7,599,191,84,107,408,308,100,06,061,020901
06093001200,"Census Tract 12, Siskiyou County, California",159,12,7,0,7,5,5,0,147,86,80,6,61,31,30,06,093,001200
06093000600,"Census Tract 6, Siskiyou County, California",254,26,26,0,26,0,0,0,228,145,99,46,83,48,35,06,093,000600
06093000702,"Census Tract 7.02, Siskiyou County, California",918,21,0,0,0,21,21,0,897,292,203,89,605,464,141,06,093,000702
06093000800,"Census Tract 8, Siskiyou County, California",529,18,5,5,0,13,0,13,511,287,223,64,224,169,55,06,093,000800
06093001100,"Census Tract 11, Siskiyou County, California",289,50,30,30,0,20,0,20,239,104,80,24,135,85,50,06,093,001100
06059087403,"Census Tract 874.03, Orange County, California",936,83,45,24,21,38,17,21,853,400,273,127,453,294,159,06,059,087403
06059088001,"Census Tract 880.01, Orange County, California",1107,15,15,15,0,0,0,0,1092,488,394,94,604,417,187,06,059,088001
06059088106,"Census Tract 881.06, Orange County, California",1420,45,45,45,0,0,0,0,1375,621,459,162,754,479,275,06,059,088106
06059088402,"Census Tract 884.02, Orange County, California",1215,134,56,23,33,78,78,0,1081,306,159,147,775,496,279,06,059,088402
06059088902,"Census Tract 889.02, Orange County, California",1196,0,0,0,0,0,0,0,1196,475,373,102,721,560,161,06,059,088902
06059088904,"Census Tract 889.04, Orange County, California",1303,54,54,54,0,0,0,0,1249,591,345,246,658,415,243,06,059,088904
06059099233,"Census Tract 992.33, Orange County, California",611,11,11,11,0,0,0,0,600,297,167,130,303,158,145,06,059,099233
06059099305,"Census Tract 993.05, Orange County, California",2133,64,51,51,0,13,13,0,2069,740,564,176,1329,1168,161,06,059,099305
06077004404,"Census Tract 44.04, San Joaquin County, California",914,85,41,0,41,44,32,12,829,307,186,121,522,286,236,06,077,004404
06077004501,"Census Tract 45.01, San Joaquin County, California",422,25,21,5,16,4,4,0,397,226,139,87,171,137,34,06,077,004501
06077004502,"Census Tract 45.02, San Joaquin County, California",1046,156,35,25,10,121,63,58,890,440,252,188,450,247,203,06,077,004502
06077004703,"Census Tract 47.03, San Joaquin County, California",741,17,10,0,10,7,7,0,724,486,280,206,238,148,90,06,077,004703
06077004704,"Census Tract 47.04, San Joaquin County, California",888,18,18,0,18,0,0,0,870,412,222,190,458,270,188,06,077,004704
06077005129,"Census Tract 51.29, San Joaquin County, California",889,10,10,0,10,0,0,0,879,376,238,138,503,334,169,06,077,005129
06077005130,"Census Tract 51.30, San Joaquin County, California",826,60,28,9,19,32,32,0,766,407,307,100,359,240,119,06,077,005130
06077005131,"Census Tract 51.31, San Joaquin County, California",807,14,14,0,14,0,0,0,793,465,164,301,328,214,114,06,077,005131
06077005132,"Census Tract 51.32, San Joaquin County, California",660,91,50,24,26,41,41,0,569,249,146,103,320,184,136,06,077,005132
06077005133,"Census Tract 51.33, San Joaquin County, California",1045,133,104,14,90,29,0,29,912,375,202,173,537,316,221,06,077,005133
06077005134,"Census Tract 51.34, San Joaquin County, California",1408,62,33,12,21,29,29,0,1346,467,343,124,879,588,291,06,077,005134
06077005135,"Census Tract 51.35, San Joaquin County, California",1468,97,97,32,65,0,0,0,1371,697,532,165,674,532,142,06,077,005135
06077005206,"Census Tract 52.06, San Joaquin County, California",5660,481,444,272,172,37,16,21,5179,3681,2604,1077,1498,993,505,06,077,005206
06077005209,"Census Tract 52.09, San Joaquin County, California",1768,75,75,27,48,0,0,0,1693,968,632,336,725,453,272,06,077,005209
06071010410,"Census Tract 104.10, San Bernardino County, California",738,55,45,40,5,10,10,0,683,379,115,264,304,211,93,06,071,010410
06071000104,"Census Tract 1.04, San Bernardino County, California",1642,67,67,32,35,0,0,0,1575,742,465,277,833,576,257,06,071,000104
06071000401,"Census Tract 4.01, San Bernardino County, California",1650,71,27,8,19,44,44,0,1579,570,462,108,1009,576,433,06,071,000401
06071001703,"Census Tract 17.03, San Bernardino County, California",1257,96,37,9,28,59,27,32,1161,536,360,176,625,353,272,06,071,001703
06071002301,"Census Tract 23.01, San Bernardino County, California",3043,121,23,23,0,98,0,98,2922,1271,787,484,1651,1179,472,06,071,002301
06071002501,"Census Tract 25.01, San Bernardino County, California",1892,184,28,12,16,156,100,56,1708,690,379,311,1018,757,261,06,071,002501
06071003401,"Census Tract 34.01, San Bernardino County, California",2015,91,91,29,62,0,0,0,1924,708,391,317,1216,860,356,06,071,003401
06071003403,"Census Tract 34.03, San Bernardino County, California",921,8,8,8,0,0,0,0,913,459,237,222,454,282,172,06,071,003403
06071004900,"Census Tract 49, San Bernardino County, California",1939,142,51,41,10,91,36,55,1797,543,292,251,1254,774,480,06,071,004900
06071005800,"Census Tract 58, San Bernardino County, California",1041,99,68,0,68,31,14,17,942,218,167,51,724,431,293,06,071,005800
06071007000,"Census Tract 70, San Bernardino County, California",2213,54,13,13,0,41,41,0,2159,795,433,362,1364,622,742,06,071,007000
06071005200,"Census Tract 52, San Bernardino County, California",1170,20,0,0,0,20,9,11,1150,520,334,186,630,391,239,06,071,005200
06111002300,"Census Tract 23, Ventura County, California",1798,35,14,14,0,21,21,0,1763,894,490,404,869,648,221,06,111,002300
06111003605,"Census Tract 36.05, Ventura County, California",2652,68,68,62,6,0,0,0,2584,1024,711,313,1560,1176,384,06,111,003605
06111004101,"Census Tract 41.01, Ventura County, California",1850,162,104,34,70,58,43,15,1688,654,481,173,1034,727,307,06,111,004101
06111004704,"Census Tract 47.04, Ventura County, California",310,0,0,0,0,0,0,0,310,126,103,23,184,96,88,06,111,004704
06111000600,"Census Tract 6, Ventura County, California",1346,98,68,34,34,30,19,11,1248,539,302,237,709,481,228,06,111,000600
06111001001,"Census Tract 10.01, Ventura County, California",436,73,50,50,0,23,23,0,363,211,157,54,152,68,84,06,111,001001
06111001002,"Census Tract 10.02, Ventura County, California",1445,61,36,36,0,25,25,0,1384,491,365,126,893,564,329,06,111,001002
06111001301,"Census Tract 13.01, Ventura County, California",2332,65,65,55,10,0,0,0,2267,989,875,114,1278,901,377,06,111,001301
06111002200,"Census Tract 22, Ventura County, California",1480,306,63,32,31,243,243,0,1174,537,294,243,637,549,88,06,111,002200
06111002500,"Census Tract 25, Ventura County, California",870,44,44,23,21,0,0,0,826,392,350,42,434,282,152,06,111,002500
06059032029,"Census Tract 320.29, Orange County, California",1014,36,36,25,11,0,0,0,978,571,422,149,407,339,68,06,059,032029
06059032049,"Census Tract 320.49, Orange County, California",2495,98,98,60,38,0,0,0,2397,1262,849,413,1135,847,288,06,059,032049
06059032054,"Census Tract 320.54, Orange County, California",1341,221,221,83,138,0,0,0,1120,743,574,169,377,311,66,06,059,032054
06059032056,"Census Tract 320.56, Orange County, California",2058,161,161,111,50,0,0,0,1897,1235,699,536,662,456,206,06,059,032056
06059001201,"Census Tract 12.01, Orange County, California",1565,73,26,0,26,47,23,24,1492,610,407,203,882,696,186,06,059,001201
06101050101,"Census Tract 501.01, Sutter County, California",1697,113,51,9,42,62,62,0,1584,853,438,415,731,455,276,06,101,050101
06101050601,"Census Tract 506.01, Sutter County, California",1287,127,101,50,51,26,26,0,1160,638,488,150,522,405,117,06,101,050601
06101050201,"Census Tract 502.01, Sutter County, California",861,77,68,61,7,9,9,0,784,327,233,94,457,295,162,06,101,050201
06101050302,"Census Tract 503.02, Sutter County, California",1531,121,104,30,74,17,0,17,1410,667,416,251,743,471,272,06,101,050302
06101050501,"Census Tract 505.01, Sutter County, California",1483,98,88,42,46,10,10,0,1385,818,629,189,567,371,196,06,101,050501
06047001801,"Census Tract 18.01, Merced County, California",2036,30,30,30,0,0,0,0,2006,379,295,84,1627,820,807,06,047,001801
06047002000,"Census Tract 20, Merced County, California",1951,239,98,42,56,141,0,141,1712,892,501,391,820,414,406,06,047,002000
06047000602,"Census Tract 6.02, Merced County, California",978,72,27,10,17,45,45,0,906,378,168,210,528,364,164,06,047,000602
06047000603,"Census Tract 6.03, Merced County, California",1513,77,72,26,46,5,5,0,1436,615,444,171,821,437,384,06,047,000603
06047001005,"Census Tract 10.05, Merced County, California",581,20,10,10,0,10,10,0,561,145,110,35,416,279,137,06,047,001005
06047001301,"Census Tract 13.01, Merced County, California",671,52,0,0,0,52,26,26,619,354,231,123,265,175,90,06,047,001301
06047001501,"Census Tract 15.01, Merced County, California",648,34,28,7,21,6,6,0,614,355,264,91,259,146,113,06,047,001501
06047001503,"Census Tract 15.03, Merced County, California",1237,61,16,5,11,45,29,16,1176,321,171,150,855,409,446,06,047,001503
06033000400,"Census Tract 4, Lake County, California",1001,38,38,38,0,0,0,0,963,416,380,36,547,313,234,06,033,000400
06033000600,"Census Tract 6, Lake County, California",497,9,0,0,0,9,0,9,488,303,238,65,185,79,106,06,033,000600
06033000900,"Census Tract 9, Lake County, California",1078,63,63,35,28,0,0,0,1015,607,382,225,408,151,257,06,033,000900
06033000100,"Census Tract 1, Lake County, California",632,10,0,0,0,10,6,4,622,291,227,64,331,190,141,06,033,000100
06033001300,"Census Tract 13, Lake County, California",1619,72,56,45,11,16,16,0,1547,748,623,125,799,439,360,06,033,001300
06033000300,"Census Tract 3, Lake County, California",762,21,21,10,11,0,0,0,741,301,199,102,440,256,184,06,033,000300
06033001100,"Census Tract 11, Lake County, California",468,20,0,0,0,20,20,0,448,126,66,60,322,200,122,06,033,001100
06001435400,"Census Tract 4354, Alameda County, California",1187,13,13,0,13,0,0,0,1174,436,382,54,738,615,123,06,001,435400
06001436000,"Census Tract 4360, Alameda County, California",1077,74,74,63,11,0,0,0,1003,630,522,108,373,249,124,06,001,436000
06001436601,"Census Tract 4366.01, Alameda County, California",1738,79,45,16,29,34,26,8,1659,756,448,308,903,607,296,06,001,436601
06001437200,"Census Tract 4372, Alameda County, California",1700,97,78,52,26,19,19,0,1603,780,635,145,823,461,362,06,001,437200
06001440305,"Census Tract 4403.05, Alameda County, California",949,34,27,23,4,7,7,0,915,514,400,114,401,282,119,06,001,440305
06001438400,"Census Tract 4384, Alameda County, California",506,17,9,9,0,8,0,8,489,261,173,88,228,134,94,06,001,438400
06001440306,"Census Tract 4403.06, Alameda County, California",1106,76,70,41,29,6,0,6,1030,462,320,142,568,405,163,06,001,440306
06001440332,"Census Tract 4403.32, Alameda County, California",657,27,27,10,17,0,0,0,630,394,277,117,236,183,53,06,001,440332
06001441521,"Census Tract 4415.21, Alameda County, California",1297,67,67,38,29,0,0,0,1230,924,641,283,306,226,80,06,001,441521
06001442900,"Census Tract 4429, Alameda County, California",1838,14,14,14,0,0,0,0,1824,1127,557,570,697,454,243,06,001,442900
06001443002,"Census Tract 4430.02, Alameda County, California",1700,0,0,0,0,0,0,0,1700,975,642,333,725,485,240,06,001,443002
06001443103,"Census Tract 4431.03, Alameda County, California",839,28,28,18,10,0,0,0,811,471,303,168,340,233,107,06,001,443103
06001450400,"Census Tract 4504, Alameda County, California",1560,134,117,98,19,17,17,0,1426,1006,774,232,420,347,73,06,001,450400
06001450603,"Census Tract 4506.03, Alameda County, California",1151,92,92,73,19,0,0,0,1059,656,463,193,403,314,89,06,001,450603
06001450606,"Census Tract 4506.06, Alameda County, California",1179,42,37,23,14,5,5,0,1137,766,458,308,371,267,104,06,001,450606
06001451102,"Census Tract 4511.02, Alameda County, California",750,10,10,0,10,0,0,0,740,456,340,116,284,157,127,06,001,451102
06001451202,"Census Tract 4512.02, Alameda County, California",1412,38,38,38,0,0,0,0,1374,695,505,190,679,556,123,06,001,451202
06001422700,"Census Tract 4227, Alameda County, California",2414,38,0,0,0,38,0,38,2376,109,73,36,2267,1039,1228,06,001,422700
06001422400,"Census Tract 4224, Alameda County, California",1694,16,16,16,0,0,0,0,1678,251,213,38,1427,875,552,06,001,422400
06001422500,"Census Tract 4225, Alameda County, California",1577,0,0,0,0,0,0,0,1577,286,210,76,1291,635,656,06,001,422500
06037500500,"Census Tract 5005, Los Angeles County, California",736,38,4,4,0,34,34,0,698,342,254,88,356,246,110,06,037,500500
06037500900,"Census Tract 5009, Los Angeles County, California",1534,59,19,19,0,40,19,21,1475,563,374,189,912,573,339,06,037,500900
06037501400,"Census Tract 5014, Los Angeles County, California",1011,64,46,6,40,18,18,0,947,364,222,142,583,471,112,06,037,501400
06037501501,"Census Tract 5015.01, Los Angeles County, California",503,12,5,0,5,7,7,0,491,204,149,55,287,241,46,06,037,501501
06037501802,"Census Tract 5018.02, Los Angeles County, California",935,46,35,18,17,11,11,0,889,276,232,44,613,404,209,06,037,501802
06037501900,"Census Tract 5019, Los Angeles County, California",1065,0,0,0,0,0,0,0,1065,563,415,148,502,315,187,06,037,501900
06037502401,"Census Tract 5024.01, Los Angeles County, California",1307,114,72,59,13,42,20,22,1193,376,272,104,817,512,305,06,037,502401
06037401202,"Census Tract 4012.02, Los Angeles County, California",1099,9,9,0,9,0,0,0,1090,449,308,141,641,488,153,06,037,401202
06037401311,"Census Tract 4013.11, Los Angeles County, California",1364,81,71,10,61,10,10,0,1283,631,464,167,652,443,209,06,037,401311
06037401703,"Census Tract 4017.03, Los Angeles County, California",1371,15,15,15,0,0,0,0,1356,496,335,161,860,548,312,06,037,401703
06037122410,"Census Tract 1224.10, Los Angeles County, California",993,35,35,3,32,0,0,0,958,339,163,176,619,416,203,06,037,122410
06037123103,"Census Tract 1231.03, Los Angeles County, California",1169,14,14,14,0,0,0,0,1155,398,238,160,757,594,163,06,037,123103
06037120020,"Census Tract 1200.20, Los Angeles County, California",946,24,24,8,16,0,0,0,922,461,187,274,461,413,48,06,037,120020
06037119900,"Census Tract 1199, Los Angeles County, California",1463,68,0,0,0,68,58,10,1395,711,528,183,684,455,229,06,037,119900
06037120300,"Census Tract 1203, Los Angeles County, California",1198,46,9,0,9,37,16,21,1152,477,348,129,675,518,157,06,037,120300
06037121210,"Census Tract 1212.10, Los Angeles County, California",652,28,0,0,0,28,28,0,624,208,138,70,416,222,194,06,037,121210
06037125600,"Census Tract 1256, Los Angeles County, California",614,37,37,11,26,0,0,0,577,202,139,63,375,269,106,06,037,125600
06037123410,"Census Tract 1234.10, Los Angeles County, California",1169,138,31,0,31,107,61,46,1031,397,231,166,634,412,222,06,037,123410
06037124700,"Census Tract 1247, Los Angeles County, California",1492,77,77,61,16,0,0,0,1415,574,482,92,841,619,222,06,037,124700
06037125320,"Census Tract 1253.20, Los Angeles County, California",1537,95,95,58,37,0,0,0,1442,336,214,122,1106,848,258,06,037,125320
06037128210,"Census Tract 1282.10, Los Angeles County, California",1472,110,37,26,11,73,37,36,1362,513,314,199,849,693,156,06,037,128210
06037128220,"Census Tract 1282.20, Los Angeles County, California",729,77,33,33,0,44,20,24,652,278,173,105,374,289,85,06,037,128220
06037123601,"Census Tract 1236.01, Los Angeles County, California",994,50,44,23,21,6,6,0,944,386,325,61,558,370,188,06,037,123601
06037123510,"Census Tract 1235.10, Los Angeles County, California",1367,56,17,0,17,39,17,22,1311,529,287,242,782,562,220,06,037,123510
06037123520,"Census Tract 1235.20, Los Angeles County, California",682,61,61,48,13,0,0,0,621,293,173,120,328,249,79,06,037,123520
06037123700,"Census Tract 1237, Los Angeles County, California",1041,113,32,32,0,81,63,18,928,512,343,169,416,308,108,06,037,123700
06037124102,"Census Tract 1241.02, Los Angeles County, California",995,56,11,0,11,45,29,16,939,373,288,85,566,389,177,06,037,124102
06037124201,"Census Tract 1242.01, Los Angeles County, California",1016,0,0,0,0,0,0,0,1016,458,253,205,558,447,111,06,037,124201
06037125200,"Census Tract 1252, Los Angeles County, California",1072,27,27,27,0,0,0,0,1045,439,317,122,606,439,167,06,037,125200
06037125310,"Census Tract 1253.10, Los Angeles County, California",1387,35,26,26,0,9,0,9,1352,382,369,13,970,625,345,06,037,125310
06037127210,"Census Tract 1272.10, Los Angeles County, California",1483,121,73,55,18,48,27,21,1362,622,457,165,740,589,151,06,037,127210
06037131020,"Census Tract 1310.20, Los Angeles County, California",1768,3,3,3,0,0,0,0,1765,653,479,174,1112,800,312,06,037,131020
06037480011,"Census Tract 4800.11, Los Angeles County, California",1259,67,67,34,33,0,0,0,1192,514,293,221,678,398,280,06,037,480011
06037480600,"Census Tract 4806, Los Angeles County, California",2168,122,93,58,35,29,29,0,2046,944,748,196,1102,854,248,06,037,480600
06037481712,"Census Tract 4817.12, Los Angeles County, California",1460,74,47,39,8,27,27,0,1386,659,462,197,727,435,292,06,037,481712
06037481713,"Census Tract 4817.13, Los Angeles County, California",651,25,5,5,0,20,13,7,626,342,271,71,284,131,153,06,037,481713
06037482303,"Census Tract 4823.03, Los Angeles County, California",1495,57,10,0,10,47,28,19,1438,740,451,289,698,435,263,06,037,482303
06037482304,"Census Tract 4823.04, Los Angeles County, California",757,21,21,21,0,0,0,0,736,247,143,104,489,337,152,06,037,482304
06037500800,"Census Tract 5008, Los Angeles County, California",1281,95,73,62,11,22,22,0,1186,489,390,99,697,475,222,06,037,500800
06037503601,"Census Tract 5036.01, Los Angeles County, California",875,40,32,32,0,8,8,0,835,336,253,83,499,286,213,06,037,503601
06037503602,"Census Tract 5036.02, Los Angeles County, California",1038,0,0,0,0,0,0,0,1038,450,323,127,588,427,161,06,037,503602
06037503702,"Census Tract 5037.02, Los Angeles County, California",1123,8,6,6,0,2,0,2,1115,609,425,184,506,336,170,06,037,503702
06037504002,"Census Tract 5040.02, Los Angeles County, California",1329,54,54,30,24,0,0,0,1275,554,358,196,721,457,264,06,037,504002
06021010501,"Census Tract 105.01, Glenn County, California",833,69,33,33,0,36,20,16,764,413,254,159,351,215,136,06,021,010501
06037406602,"Census Tract 4066.02, Los Angeles County, California",1378,14,10,10,0,4,0,4,1364,508,402,106,856,477,379,06,037,406602
06037407301,"Census Tract 4073.01, Los Angeles County, California",1151,44,44,44,0,0,0,0,1107,326,259,67,781,599,182,06,037,407301
06037407702,"Census Tract 4077.02, Los Angeles County, California",1803,197,107,60,47,90,90,0,1606,732,504,228,874,660,214,06,037,407702
06037123206,"Census Tract 1232.06, Los Angeles County, California",718,41,41,19,22,0,0,0,677,257,155,102,420,274,146,06,037,123206
06037123301,"Census Tract 1233.01, Los Angeles County, California",1256,79,40,12,28,39,39,0,1177,276,223,53,901,726,175,06,037,123301
06037534302,"Census Tract 5343.02, Los Angeles County, California",984,41,32,12,20,9,0,9,943,373,258,115,570,385,185,06,037,534302
06037920029,"Census Tract 9200.29, Los Angeles County, California",956,68,48,48,0,20,0,20,888,444,311,133,444,281,163,06,037,920029
06037920040,"Census Tract 9200.40, Los Angeles County, California",781,123,89,69,20,34,26,8,658,362,286,76,296,220,76,06,037,920040
06037920043,"Census Tract 9200.43, Los Angeles County, California",1553,65,41,12,29,24,24,0,1488,980,705,275,508,367,141,06,037,920043
06037920104,"Census Tract 9201.04, Los Angeles County, California",670,54,54,21,33,0,0,0,616,230,166,64,386,305,81,06,037,920104
06037534802,"Census Tract 5348.02, Los Angeles County, California",706,9,9,9,0,0,0,0,697,242,112,130,455,363,92,06,037,534802
06107001601,"Census Tract 16.01, Tulare County, California",1391,135,88,0,88,47,47,0,1256,459,265,194,797,431,366,06,107,001601
06107002002,"Census Tract 20.02, Tulare County, California",1073,68,19,19,0,49,0,49,1005,354,223,131,651,400,251,06,107,002002
06107002003,"Census Tract 20.03, Tulare County, California",1464,83,64,64,0,19,19,0,1381,609,290,319,772,662,110,06,107,002003
06107003200,"Census Tract 32, Tulare County, California",1691,157,121,62,59,36,14,22,1534,842,329,513,692,332,360,06,107,003200
06107003300,"Census Tract 33, Tulare County, California",1741,101,0,0,0,101,91,10,1640,671,440,231,969,427,542,06,107,003300
06107004000,"Census Tract 40, Tulare County, California",5,0,0,0,0,0,0,0,5,0,0,0,5,0,5,06,107,004000
06107000702,"Census Tract 7.02, Tulare County, California",1354,83,42,16,26,41,11,30,1271,617,410,207,654,284,370,06,107,000702
06107000800,"Census Tract 8, Tulare County, California",1514,176,81,71,10,95,49,46,1338,829,341,488,509,324,185,06,107,000800
06107001003,"Census Tract 10.03, Tulare County, California",6011,223,223,188,35,0,0,0,5788,3210,2223,987,2578,1771,807,06,107,001003
06107001006,"Census Tract 10.06, Tulare County, California",1040,60,60,48,12,0,0,0,980,387,263,124,593,442,151,06,107,001006
06107001701,"Census Tract 17.01, Tulare County, California",1572,283,151,107,44,132,48,84,1289,626,352,274,663,463,200,06,107,001701
06107001901,"Census Tract 19.01, Tulare County, California",890,54,44,44,0,10,0,10,836,337,225,112,499,401,98,06,107,001901
06107001501,"Census Tract 15.01, Tulare County, California",1081,43,43,16,27,0,0,0,1038,582,337,245,456,274,182,06,107,001501
06107002004,"Census Tract 20.04, Tulare County, California",1187,77,51,32,19,26,16,10,1110,523,395,128,587,377,210,06,107,002004
06107002007,"Census Tract 20.07, Tulare County, California",2209,113,55,41,14,58,58,0,2096,1032,816,216,1064,526,538,06,107,002007
06107002100,"Census Tract 21, Tulare County, California",598,55,40,13,27,15,0,15,543,267,157,110,276,146,130,06,107,002100
06107002901,"Census Tract 29.01, Tulare County, California",964,44,0,0,0,44,0,44,920,467,239,228,453,203,250,06,107,002901
06073008509,"Census Tract 85.09, San Diego County, California",1747,108,74,63,11,34,34,0,1639,658,434,224,981,832,149,06,073,008509
06073008510,"Census Tract 85.10, San Diego County, California",1773,61,61,44,17,0,0,0,1712,599,491,108,1113,839,274,06,073,008510
06073009505,"Census Tract 95.05, San Diego County, California",1807,141,141,102,39,0,0,0,1666,635,541,94,1031,799,232,06,073,009505
06073009509,"Census Tract 95.09, San Diego County, California",1327,46,46,46,0,0,0,0,1281,565,361,204,716,598,118,06,073,009509
06073009705,"Census Tract 97.05, San Diego County, California",946,136,125,44,81,11,11,0,810,379,309,70,431,373,58,06,073,009705
06073009902,"Census Tract 99.02, San Diego County, California",0,0,0,0,0,0,0,0,0,0,0,0,0,0,0,06,073,009902
06073010004,"Census Tract 100.04, San Diego County, California",1115,166,60,26,34,106,101,5,949,369,323,46,580,207,373,06,073,010004
06073010103,"Census Tract 101.03, San Diego County, California",1615,92,31,12,19,61,26,35,1523,659,447,212,864,542,322,06,073,010103
06059042112,"Census Tract 421.12, Orange County, California",1235,29,29,17,12,0,0,0,1206,788,445,343,418,167,251,06,059,042112
06059042205,"Census Tract 422.05, Orange County, California",1219,48,31,0,31,17,17,0,1171,683,571,112,488,324,164,06,059,042205
06059042307,"Census Tract 423.07, Orange County, California",1472,116,116,25,91,0,0,0,1356,551,465,86,805,670,135,06,059,042307
06059042323,"Census Tract 423.23, Orange County, California",867,0,0,0,0,0,0,0,867,531,391,140,336,257,79,06,059,042323
06059042328,"Census Tract 423.28, Orange County, California",582,8,8,0,8,0,0,0,574,276,161,115,298,118,180,06,059,042328
06059042339,"Census Tract 423.39, Orange County, California",898,24,24,14,10,0,0,0,874,393,310,83,481,376,105,06,059,042339
06059062633,"Census Tract 626.33, Orange County, California",1788,95,95,54,41,0,0,0,1693,949,613,336,744,435,309,06,059,062633
06059062636,"Census Tract 626.36, Orange County, California",919,112,85,56,29,27,27,0,807,328,273,55,479,411,68,06,059,062636
06059062641,"Census Tract 626.41, Orange County, California",1304,69,69,42,27,0,0,0,1235,664,518,146,571,453,118,06,059,062641
06111006800,"Census Tract 68, Ventura County, California",858,47,13,13,0,34,11,23,811,303,255,48,508,348,160,06,111,006800
06111008305,"Census Tract 83.05, Ventura County, California",817,24,24,10,14,0,0,0,793,382,277,105,411,319,92,06,111,008305
06111008401,"Census Tract 84.01, Ventura County, California",1017,80,80,80,0,0,0,0,937,444,299,145,493,331,162,06,111,008401
06111001700,"Census Tract 17, Ventura County, California",564,51,51,21,30,0,0,0,513,297,199,98,216,148,68,06,111,001700
06111001202,"Census Tract 12.02, Ventura County, California",1560,0,0,0,0,0,0,0,1560,898,738,160,662,400,262,06,111,001202
06111001204,"Census Tract 12.04, Ventura County, California",756,19,0,0,0,19,19,0,737,254,187,67,483,359,124,06,111,001204
06111001601,"Census Tract 16.01, Ventura County, California",334,10,10,10,0,0,0,0,324,136,107,29,188,126,62,06,111,001601
06111006200,"Census Tract 62, Ventura County, California",463,32,32,21,11,0,0,0,431,230,118,112,201,128,73,06,111,006200
06111007506,"Census Tract 75.06, Ventura County, California",1596,51,31,20,11,20,20,0,1545,684,548,136,861,387,474,06,111,007506
06111008005,"Census Tract 80.05, Ventura County, California",592,30,22,22,0,8,8,0,562,239,191,48,323,209,114,06,111,008005
06111000200,"Census Tract 2, Ventura County, California",670,67,35,13,22,32,17,15,603,252,147,105,351,237,114,06,111,000200
06037265520,"Census Tract 2655.20, Los Angeles County, California",1414,36,36,36,0,0,0,0,1378,372,186,186,1006,814,192,06,037,265520
06037143700,"Census Tract 1437, Los Angeles County, California",937,19,19,11,8,0,0,0,918,541,396,145,377,335,42,06,037,143700
06037181500,"Census Tract 1815, Los Angeles County, California",812,96,96,96,0,0,0,0,716,320,308,12,396,334,62,06,037,181500
06037183820,"Census Tract 1838.20, Los Angeles County, California",1261,52,26,18,8,26,0,26,1209,475,322,153,734,474,260,06,037,183820
06037189600,"Census Tract 1896, Los Angeles County, California",1190,0,0,0,0,0,0,0,1190,335,296,39,855,845,10,06,037,189600
06037503000,"Census Tract 5030, Los Angeles County, California",1418,79,65,22,43,14,14,0,1339,638,305,333,701,374,327,06,037,503000
06037503301,"Census Tract 5033.01, Los Angeles County, California",743,80,24,24,0,56,0,56,663,340,294,46,323,238,85,06,037,503301
06039000202,"Census Tract 2.02, Madera County, California",1367,122,60,25,35,62,27,35,1245,830,537,293,415,282,133,06,039,000202
06039000603,"Census Tract 6.03, Madera County, California",1524,122,75,15,60,47,14,33,1402,569,396,173,833,552,281,06,039,000603
06039000604,"Census Tract 6.04, Madera County, California",1620,239,106,48,58,133,58,75,1381,500,318,182,881,494,387,06,039,000604
06041102202,"Census Tract 1022.02, Marin County, California",1267,24,18,18,0,6,6,0,1243,673,393,280,570,526,44,06,041,102202
06041102203,"Census Tract 1022.03, Marin County, California",1358,109,84,51,33,25,25,0,1249,622,503,119,627,509,118,06,041,102203
06041109001,"Census Tract 1090.01, Marin County, California",1151,33,33,33,0,0,0,0,1118,460,330,130,658,487,171,06,041,109001
06041109002,"Census Tract 1090.02, Marin County, California",715,47,38,22,16,9,0,9,668,394,312,82,274,217,57,06,041,109002
06041112201,"Census Tract 1122.01, Marin County, California",2050,164,102,52,50,62,23,39,1886,707,541,166,1179,835,344,06,041,112201
06041112202,"Census Tract 1122.02, Marin County, California",1186,79,39,39,0,40,40,0,1107,519,269,250,588,420,168,06,041,112202
06041119201,"Census Tract 1192.01, Marin County, California",675,39,19,19,0,20,7,13,636,360,279,81,276,224,52,06,041,119201
06041119202,"Census Tract 1192.02, Marin County, California",643,28,28,28,0,0,0,0,615,281,228,53,334,264,70,06,041,119202
06041130201,"Census Tract 1302.01, Marin County, California",574,37,27,27,0,10,10,0,537,245,232,13,292,248,44,06,041,130201
06041130202,"Census Tract 1302.02, Marin County, California",784,37,0,0,0,37,37,0,747,418,286,132,329,290,39,06,041,130202
06041131100,"Census Tract 1311, Marin County, California",275,6,6,6,0,0,0,0,269,84,59,25,185,120,65,06,041,131100
06037128102,"Census Tract 1281.02, Los Angeles County, California",1357,49,39,39,0,10,10,0,1308,553,375,178,755,490,265,06,037,128102
06037128601,"Census Tract 1286.01, Los Angeles County, California",1064,51,32,20,12,19,19,0,1013,460,348,112,553,455,98,06,037,128601
06037128602,"Census Tract 1286.02, Los Angeles County, California",903,10,10,0,10,0,0,0,893,409,238,171,484,370,114,06,037,128602
06037128801,"Census Tract 1288.01, Los Angeles County, California",1209,62,62,20,42,0,0,0,1147,390,294,96,757,659,98,06,037,128801
06037128802,"Census Tract 1288.02, Los Angeles County, California",1468,118,118,118,0,0,0,0,1350,502,464,38,848,735,113,06,037,128802
06037131701,"Census Tract 1317.01, Los Angeles County, California",1203,24,20,20,0,4,0,4,1179,544,373,171,635,499,136,06,037,131701
06037131702,"Census Tract 1317.02, Los Angeles County, California",867,61,47,7,40,14,10,4,806,269,214,55,537,420,117,06,037,131702
06037132001,"Census Tract 1320.01, Los Angeles County, California",822,58,21,21,0,37,37,0,764,307,268,39,457,368,89,06,037,132001
06037132002,"Census Tract 1320.02, Los Angeles County, California",623,53,13,13,0,40,0,40,570,262,214,48,308,273,35,06,037,132002
06037132101,"Census Tract 1321.01, Los Angeles County, California",1279,31,19,6,13,12,0,12,1248,424,344,80,824,552,272,06,037,132101
06037132102,"Census Tract 1321.02, Los Angeles County, California",1403,38,20,20,0,18,18,0,1365,637,454,183,728,525,203,06,037,132102
06037600601,"Census Tract 6006.01, Los Angeles County, California",491,30,9,9,0,21,0,21,461,158,150,8,303,263,40,06,037,600601
06037276100,"Census Tract 2761, Los Angeles County, California",1790,0,0,0,0,0,0,0,1790,323,302,21,1467,1120,347,06,037,276100
06037300100,"Census Tract 3001, Los Angeles County, California",1260,0,0,0,0,0,0,0,1260,644,437,207,616,405,211,06,037,300100
06037302201,"Census Tract 3022.01, Los Angeles County, California",734,61,51,51,0,10,0,10,673,299,159,140,374,286,88,06,037,302201
06037190301,"Census Tract 1903.01, Los Angeles County, California",1644,50,0,0,0,50,50,0,1594,372,303,69,1222,1033,189,06,037,190301
06037197420,"Census Tract 1974.20, Los Angeles County, California",1199,33,17,0,17,16,8,8,1166,402,315,87,764,549,215,06,037,197420
06037205110,"Census Tract 2051.10, Los Angeles County, California",984,36,23,12,11,13,0,13,948,343,187,156,605,418,187,06,037,205110
06037208000,"Census Tract 2080, Los Angeles County, California",2179,55,55,40,15,0,0,0,2124,453,272,181,1671,821,850,06,037,208000
06037209401,"Census Tract 2094.01, Los Angeles County, California",999,57,12,0,12,45,45,0,942,368,172,196,574,457,117,06,037,209401
06037214800,"Census Tract 2148, Los Angeles County, California",1230,74,74,16,58,0,0,0,1156,308,247,61,848,811,37,06,037,214800
06037221900,"Census Tract 2219, Los Angeles County, California",1775,10,10,10,0,0,0,0,1765,64,34,30,1701,629,1072,06,037,221900
06037229300,"Census Tract 2293, Los Angeles County, California",1599,97,30,15,15,67,38,29,1502,454,203,251,1048,430,618,06,037,229300
06037400207,"Census Tract 4002.07, Los Angeles County, California",944,11,9,9,0,2,2,0,933,419,377,42,514,367,147,06,037,400207
06037400403,"Census Tract 4004.03, Los Angeles County, California",770,15,15,15,0,0,0,0,755,374,288,86,381,231,150,06,037,400403
06037400404,"Census Tract 4004.04, Los Angeles County, California",906,11,11,0,11,0,0,0,895,420,279,141,475,297,178,06,037,400404
06037400501,"Census Tract 4005.01, Los Angeles County, California",375,29,22,14,8,7,7,0,346,173,119,54,173,144,29,06,037,400501
06037401303,"Census Tract 4013.03, Los Angeles County, California",462,0,0,0,0,0,0,0,462,186,149,37,276,153,123,06,037,401303
06037401304,"Census Tract 4013.04, Los Angeles County, California",1344,26,26,26,0,0,0,0,1318,525,334,191,793,646,147,06,037,401304
06037402001,"Census Tract 4020.01, Los Angeles County, California",847,26,26,26,0,0,0,0,821,251,218,33,570,427,143,06,037,402001
06037402002,"Census Tract 4020.02, Los Angeles County, California",699,39,0,0,0,39,28,11,660,287,261,26,373,242,131,06,037,402002
06037402303,"Census Tract 4023.03, Los Angeles County, California",1074,37,10,0,10,27,21,6,1037,287,249,38,750,562,188,06,037,402303
06037402304,"Census Tract 4023.04, Los Angeles County, California",1135,65,45,16,29,20,9,11,1070,288,203,85,782,529,253,06,037,402304
06037402405,"Census Tract 4024.05, Los Angeles County, California",858,34,19,4,15,15,0,15,824,278,176,102,546,414,132,06,037,402405
06037402705,"Census Tract 4027.05, Los Angeles County, California",855,19,6,6,0,13,13,0,836,394,228,166,442,312,130,06,037,402705
06037402706,"Census Tract 4027.06, Los Angeles County, California",933,29,18,0,18,11,11,0,904,360,210,150,544,339,205,06,037,402706
06037402406,"Census Tract 4024.06, Los Angeles County, California",1555,59,48,17,31,11,11,0,1496,546,288,258,950,551,399,06,037,402406
06037402803,"Census Tract 4028.03, Los Angeles County, California",883,18,8,8,0,10,0,10,865,332,206,126,533,306,227,06,037,402803
06037402804,"Census Tract 4028.04, Los Angeles County, California",1111,67,24,13,11,43,13,30,1044,443,259,184,601,434,167,06,037,402804
06037402903,"Census Tract 4029.03, Los Angeles County, California",1107,30,17,0,17,13,13,0,1077,405,187,218,672,449,223,06,037,402903
06037402904,"Census Tract 4029.04, Los Angeles County, California",1004,62,8,0,8,54,15,39,942,468,319,149,474,346,128,06,037,402904
06037404201,"Census Tract 4042.01, Los Angeles County, California",1129,98,98,44,54,0,0,0,1031,225,119,106,806,512,294,06,037,404201
06037404202,"Census Tract 4042.02, Los Angeles County, California",1604,30,21,9,12,9,0,9,1574,294,206,88,1280,688,592,06,037,404202
06037404503,"Census Tract 4045.03, Los Angeles County, California",734,42,12,0,12,30,30,0,692,269,190,79,423,262,161,06,037,404503
06037404504,"Census Tract 4045.04, Los Angeles County, California",1318,6,6,6,0,0,0,0,1312,410,254,156,902,578,324,06,037,404504
06037405301,"Census Tract 4053.01, Los Angeles County, California",968,55,28,6,22,27,27,0,913,448,437,11,465,348,117,06,037,405301
06037405302,"Census Tract 4053.02, Los Angeles County, California",1480,98,54,24,30,44,44,0,1382,458,290,168,924,688,236,06,037,405302
06037405701,"Census Tract 4057.01, Los Angeles County, California",991,42,25,25,0,17,6,11,949,400,326,74,549,448,101,06,037,405701
06037405702,"Census Tract 4057.02, Los Angeles County, California",1360,60,7,7,0,53,25,28,1300,513,408,105,787,472,315,06,037,405702
06037406701,"Census Tract 4067.01, Los Angeles County, California",843,39,24,16,8,15,4,11,804,381,283,98,423,289,134,06,037,406701
06037406702,"Census Tract 4067.02, Los Angeles County, California",1570,4,4,4,0,0,0,0,1566,612,493,119,954,704,250,06,037,406702
06037406901,"Census Tract 4069.01, Los Angeles County, California",1145,20,20,20,0,0,0,0,1125,628,458,170,497,338,159,06,037,406901
06037406902,"Census Tract 4069.02, Los Angeles County, California",908,81,70,40,30,11,11,0,827,344,223,121,483,318,165,06,037,406902
06037407501,"Census Tract 4075.01, Los Angeles County, California",1122,72,43,33,10,29,15,14,1050,570,249,321,480,311,169,06,037,407501
06037407502,"Census Tract 4075.02, Los Angeles County, California",1079,27,0,0,0,27,27,0,1052,441,282,159,611,351,260,06,037,407502
06037407601,"Census Tract 4076.01, Los Angeles County, California",1271,92,32,9,23,60,46,14,1179,430,326,104,749,489,260,06,037,407601
06061021046,"Census Tract 210.46, Placer County, California",1085,32,32,32,0,0,0,0,1053,509,360,149,544,450,94,06,061,021046
06061021122,"Census Tract 211.22, Placer County, California",558,0,0,0,0,0,0,0,558,445,288,157,113,66,47,06,061,021122
06061021123,"Census Tract 211.23, Placer County, California",1441,13,13,13,0,0,0,0,1428,899,673,226,529,428,101,06,061,021123
06061021043,"Census Tract 210.43, Placer County, California",852,12,12,4,8,0,0,0,840,391,309,82,449,325,124,06,061,021043
06061021045,"Census Tract 210.45, Placer County, California",721,24,24,7,17,0,0,0,697,359,250,109,338,261,77,06,061,021045
06045010700,"Census Tract 107, Mendocino County, California",1239,88,51,51,0,37,37,0,1151,362,299,63,789,422,367,06,045,010700
06045010802,"Census Tract 108.02, Mendocino County, California",334,28,28,22,6,0,0,0,306,156,80,76,150,78,72,06,045,010802
06045011300,"Census Tract 113, Mendocino County, California",1449,27,27,26,1,0,0,0,1422,581,367,214,841,359,482,06,045,011300
06045010100,"Census Tract 101, Mendocino County, California",480,64,25,16,9,39,35,4,416,147,110,37,269,152,117,06,045,010100
06045010200,"Census Tract 102, Mendocino County, California",759,30,12,10,2,18,3,15,729,204,92,112,525,318,207,06,045,010200
06045010400,"Census Tract 104, Mendocino County, California",663,4,0,0,0,4,4,0,659,291,261,30,368,315,53,06,045,010400
06045010801,"Census Tract 108.01, Mendocino County, California",1315,14,0,0,0,14,7,7,1301,818,585,233,483,330,153,06,045,010801
06045010500,"Census Tract 105, Mendocino County, California",992,72,7,7,0,65,45,20,920,283,171,112,637,495,142,06,045,010500
06045010300,"Census Tract 103, Mendocino County, California",655,44,13,13,0,31,31,0,611,371,311,60,240,160,80,06,045,010300
06087101100,"Census Tract 1011, Santa Cruz County, California",1263,50,19,0,19,31,0,31,1213,485,343,142,728,490,238,06,087,101100
06087120302,"Census Tract 1203.02, Santa Cruz County, California",884,56,56,35,21,0,0,0,828,285,215,70,543,256,287,06,087,120302
06087120500,"Census Tract 1205, Santa Cruz County, California",827,59,59,22,37,0,0,0,768,488,347,141,280,232,48,06,087,120500
06087122202,"Census Tract 1222.02, Santa Cruz County, California",398,0,0,0,0,0,0,0,398,239,195,44,159,92,67,06,087,122202
06087122300,"Census Tract 1223, Santa Cruz County, California",791,30,29,29,0,1,1,0,761,243,195,48,518,347,171,06,087,122300
06087100200,"Census Tract 1002, Santa Cruz County, California",1358,74,56,0,56,18,18,0,1284,504,348,156,780,595,185,06,087,100200
06087100800,"Census Tract 1008, Santa Cruz County, California",2372,2,0,0,0,2,0,2,2370,616,551,65,1754,1498,256,06,087,100800
06055201403,"Census Tract 2014.03, Napa County, California",116,9,9,0,9,0,0,0,107,67,38,29,40,31,9,06,055,201403
06055201601,"Census Tract 2016.01, Napa County, California",503,41,37,6,31,4,4,0,462,237,155,82,225,168,57,06,055,201601
06055201602,"Census Tract 2016.02, Napa County, California",692,20,20,20,0,0,0,0,672,200,145,55,472,350,122,06,055,201602
06057001203,"Census Tract 12.03, Nevada County, California",512,23,14,14,0,9,9,0,489,219,205,14,270,191,79,06,057,001203
06057001204,"Census Tract 12.04, Nevada County, California",516,0,0,0,0,0,0,0,516,267,217,50,249,192,57,06,057,001204
06057001205,"Census Tract 12.05, Nevada County, California",1181,54,54,29,25,0,0,0,1127,636,534,102,491,440,51,06,057,001205
06057001206,"Census Tract 12.06, Nevada County, California",1976,38,20,20,0,18,18,0,1938,756,702,54,1182,836,346,06,057,001206
06059032057,"Census Tract 320.57, Orange County, California",2025,94,94,60,34,0,0,0,1931,1309,768,541,622,456,166,06,059,032057
06059032058,"Census Tract 320.58, Orange County, California",2712,319,319,228,91,0,0,0,2393,1773,1193,580,620,433,187,06,059,032058
06059032059,"Census Tract 320.59, Orange County, California",2676,188,151,56,95,37,23,14,2488,1691,1193,498,797,432,365,06,059,032059
06059042114,"Census Tract 421.14, Orange County, California",776,69,69,69,0,0,0,0,707,349,268,81,358,237,121,06,059,042114
06059042203,"Census Tract 422.03, Orange County, California",1324,99,99,84,15,0,0,0,1225,581,318,263,644,409,235,06,059,042203
06059042312,"Census Tract 423.12, Orange County, California",2278,138,138,99,39,0,0,0,2140,1226,729,497,914,494,420,06,059,042312
06059011402,"Census Tract 114.02, Orange County, California",558,18,10,6,4,8,0,8,540,254,204,50,286,240,46,06,059,011402
06059021813,"Census Tract 218.13, Orange County, California",26,26,26,0,26,0,0,0,0,0,0,0,0,0,0,06,059,021813
06059021814,"Census Tract 218.14, Orange County, California",1467,33,33,15,18,0,0,0,1434,696,492,204,738,554,184,06,059,021814
06059052410,"Census Tract 524.10, Orange County, California",1088,22,22,22,0,0,0,0,1066,453,316,137,613,412,201,06,059,052410
06059052420,"Census Tract 524.20, Orange County, California",6030,232,232,182,50,0,0,0,5798,4100,2481,1619,1698,1103,595,06,059,052420
06059052502,"Census Tract 525.02, Orange County, California",1177,31,17,17,0,14,0,14,1146,509,405,104,637,501,136,06,059,052502
06059001103,"Census Tract 11.03, Orange County, California",1058,72,72,72,0,0,0,0,986,428,305,123,558,423,135,06,059,001103
06059001501,"Census Tract 15.01, Orange County, California",1268,155,114,69,45,41,41,0,1113,570,428,142,543,402,141,06,059,001501
06059001503,"Census Tract 15.03, Orange County, California",1363,56,56,39,17,0,0,0,1307,557,397,160,750,643,107,06,059,001503
06059001901,"Census Tract 19.01, Orange County, California",617,54,46,25,21,8,0,8,563,280,220,60,283,225,58,06,059,001901
06059042334,"Census Tract 423.34, Orange County, California",1144,9,0,0,0,9,9,0,1135,467,246,221,668,532,136,06,059,042334
06059052417,"Census Tract 524.17, Orange County, California",1780,71,71,71,0,0,0,0,1709,893,420,473,816,340,476,06,059,052417
06059052513,"Census Tract 525.13, Orange County, California",995,0,0,0,0,0,0,0,995,718,437,281,277,211,66,06,059,052513
06059062610,"Census Tract 626.10, Orange County, California",3324,41,41,0,41,0,0,0,3283,1112,920,192,2171,1498,673,06,059,062610
06059062626,"Census Tract 626.26, Orange County, California",1330,28,19,10,9,9,9,0,1302,159,79,80,1143,580,563,06,059,062626
06059062631,"Census Tract 626.31, Orange County, California",499,10,10,0,10,0,0,0,489,276,193,83,213,125,88,06,059,062631
06085509801,"Census Tract 5098.01, Santa Clara County, California",1271,52,52,27,25,0,0,0,1219,708,613,95,511,325,186,06,085,509801
06085512307,"Census Tract 5123.07, Santa Clara County, California",1341,24,24,11,13,0,0,0,1317,722,449,273,595,499,96,06,085,512307
06085503204,"Census Tract 5032.04, Santa Clara County, California",1866,104,34,27,7,70,70,0,1762,691,446,245,1071,765,306,06,085,503204
06085503210,"Census Tract 5032.10, Santa Clara County, California",913,37,37,37,0,0,0,0,876,457,274,183,419,223,196,06,085,503210
06085503401,"Census Tract 5034.01, Santa Clara County, California",1111,52,46,6,40,6,0,6,1059,420,318,102,639,490,149,06,085,503401
06085503507,"Census Tract 5035.07, Santa Clara County, California",688,43,30,9,21,13,8,5,645,253,192,61,392,282,110,06,085,503507
06085512019,"Census Tract 5120.19, Santa Clara County, California",1016,50,11,11,0,39,25,14,966,464,331,133,502,372,130,06,085,512019
06085512020,"Census Tract 5120.20, Santa Clara County, California",2714,211,211,123,88,0,0,0,2503,941,674,267,1562,1346,216,06,085,512020
06085512024,"Census Tract 5120.24, Santa Clara County, California",1078,53,44,37,7,9,0,9,1025,621,439,182,404,266,138,06,085,512024
06085512402,"Census Tract 5124.02, Santa Clara County, California",953,5,5,0,5,0,0,0,948,514,403,111,434,324,110,06,085,512402
06085512506,"Census Tract 5125.06, Santa Clara County, California",2051,127,51,51,0,76,26,50,1924,764,580,184,1160,939,221,06,085,512506
06037310702,"Census Tract 3107.02, Los Angeles County, California",1593,0,0,0,0,0,0,0,1593,650,541,109,943,777,166,06,037,310702
06037311700,"Census Tract 3117, Los Angeles County, California",1641,13,13,0,13,0,0,0,1628,481,406,75,1147,947,200,06,037,311700
06037401002,"Census Tract 4010.02, Los Angeles County, California",878,33,11,11,0,22,22,0,845,458,352,106,387,250,137,06,037,401002
06037402102,"Census Tract 4021.02, Los Angeles County, California",1087,82,54,19,35,28,0,28,1005,257,201,56,748,510,238,06,037,402102
06037403305,"Census Tract 4033.05, Los Angeles County, California",507,7,7,7,0,0,0,0,500,282,207,75,218,152,66,06,037,403305
06037403321,"Census Tract 4033.21, Los Angeles County, California",1392,60,44,36,8,16,0,16,1332,608,417,191,724,425,299,06,037,403321
06037119700,"Census Tract 1197, Los Angeles County, California",1437,0,0,0,0,0,0,0,1437,614,432,182,823,665,158,06,037,119700
06037117530,"Census Tract 1175.30, Los Angeles County, California",1935,135,30,14,16,105,105,0,1800,656,493,163,1144,803,341,06,037,117530
06037119310,"Census Tract 1193.10, Los Angeles County, California",938,33,33,33,0,0,0,0,905,352,264,88,553,438,115,06,037,119310
06037119400,"Census Tract 1194, Los Angeles County, California",1239,59,43,11,32,16,16,0,1180,417,258,159,763,542,221,06,037,119400
06037109200,"Census Tract 1092, Los Angeles County, California",696,18,18,18,0,0,0,0,678,386,339,47,292,240,52,06,037,109200
06037113212,"Census Tract 1132.12, Los Angeles County, California",766,0,0,0,0,0,0,0,766,327,277,50,439,292,147,06,037,113212
06037113231,"Census Tract 1132.31, Los Angeles County, California",482,0,0,0,0,0,0,0,482,276,209,67,206,176,30,06,037,113231
06067008501,"Census Tract 85.01, Sacramento County, California",1582,66,66,55,11,0,0,0,1516,941,674,267,575,344,231,06,067,008501
06067009311,"Census Tract 93.11, Sacramento County, California",1531,138,84,69,15,54,33,21,1393,662,547,115,731,485,246,06,067,009311
06073009201,"Census Tract 92.01, San Diego County, California",1522,202,165,124,41,37,37,0,1320,901,621,280,419,332,87,06,073,009201
06073009706,"Census Tract 97.06, San Diego County, California",1345,92,92,87,5,0,0,0,1253,615,481,134,638,530,108,06,073,009706
06073010010,"Census Tract 100.10, San Diego County, California",1276,48,48,42,6,0,0,0,1228,394,233,161,834,628,206,06,073,010010
06073010104,"Census Tract 101.04, San Diego County, California",937,64,62,0,62,2,2,0,873,271,223,48,602,427,175,06,073,010104
06073010106,"Census Tract 101.06, San Diego County, California",1530,72,56,18,38,16,0,16,1458,544,328,216,914,655,259,06,073,010106
06073010300,"Census Tract 103, San Diego County, California",1074,17,11,0,11,6,0,6,1057,344,229,115,713,446,267,06,073,010300
06073010402,"Census Tract 104.02, San Diego County, California",1656,210,116,82,34,94,72,22,1446,701,505,196,745,468,277,06,073,010402
06073008328,"Census Tract 83.28, San Diego County, California",1781,51,25,12,13,26,26,0,1730,1113,796,317,617,215,402,06,073,008328
06073008330,"Census Tract 83.30, San Diego County, California",1470,66,66,56,10,0,0,0,1404,790,450,340,614,171,443,06,073,008330
06073008346,"Census Tract 83.46, San Diego County, California",1179,49,34,34,0,15,15,0,1130,617,444,173,513,365,148,06,073,008346
06073008352,"Census Tract 83.52, San Diego County, California",804,11,11,11,0,0,0,0,793,411,284,127,382,259,123,06,073,008352
06073009103,"Census Tract 91.03, San Diego County, California",863,63,63,55,8,0,0,0,800,282,221,61,518,469,49,06,073,009103
06073009304,"Census Tract 93.04, San Diego County, California",2859,59,32,32,0,27,27,0,2800,1027,631,396,1773,1452,321,06,073,009304
06073004800,"Census Tract 48, San Diego County, California",1002,93,8,0,8,85,34,51,909,337,227,110,572,311,261,06,073,004800
06073006600,"Census Tract 66, San Diego County, California",457,43,35,0,35,8,8,0,414,336,124,212,78,37,41,06,073,006600
06073007002,"Census Tract 70.02, San Diego County, California",457,20,0,0,0,20,20,0,437,273,206,67,164,114,50,06,073,007002
06073007502,"Census Tract 75.02, San Diego County, California",914,51,22,22,0,29,29,0,863,294,282,12,569,544,25,06,073,007502
06073009502,"Census Tract 95.02, San Diego County, California",1078,74,74,61,13,0,0,0,1004,432,249,183,572,464,108,06,073,009502
06073008701,"Census Tract 87.01, San Diego County, California",948,59,59,11,48,0,0,0,889,391,244,147,498,363,135,06,073,008701
06073009104,"Census Tract 91.04, San Diego County, California",680,25,25,25,0,0,0,0,655,330,254,76,325,274,51,06,073,009104
06073009202,"Census Tract 92.02, San Diego County, California",1642,86,72,72,0,14,14,0,1556,771,587,184,785,623,162,06,073,009202
06073009506,"Census Tract 95.06, San Diego County, California",1012,94,94,44,50,0,0,0,918,467,348,119,451,310,141,06,073,009506
06073009602,"Census Tract 96.02, San Diego County, California",925,47,47,35,12,0,0,0,878,469,409,60,409,313,96,06,073,009602
06073009604,"Census Tract 96.04, San Diego County, California",793,48,48,23,25,0,0,0,745,353,290,63,392,269,123,06,073,009604
06073010001,"Census Tract 100.01, San Diego County, California",1007,45,45,22,23,0,0,0,962,361,227,134,601,480,121,06,073,010001
06073010013,"Census Tract 100.13, San Diego County, California",1549,104,64,24,40,40,0,40,1445,516,275,241,929,546,383,06,073,010013
06073010015,"Census Tract 100.15, San Diego County, California",741,49,42,22,20,7,0,7,692,329,239,90,363,233,130,06,073,010015
06073010111,"Census Tract 101.11, San Diego County, California",851,95,44,6,38,51,35,16,756,319,178,141,437,283,154,06,073,010111
06073010502,"Census Tract 105.02, San Diego County, California",1317,79,58,38,20,21,21,0,1238,484,350,134,754,625,129,06,073,010502
06085505202,"Census Tract 5052.02, Santa Clara County, California",1502,13,13,13,0,0,0,0,1489,691,394,297,798,596,202,06,085,505202
06053012302,"Census Tract 123.02, Monterey County, California",457,0,0,0,0,0,0,0,457,204,137,67,253,234,19,06,053,012302
06053012700,"Census Tract 127, Monterey County, California",764,98,98,98,0,0,0,0,666,114,114,0,552,501,51,06,053,012700
06053013900,"Census Tract 139, Monterey County, California",529,51,16,0,16,35,35,0,478,219,209,10,259,194,65,06,053,013900
06053014302,"Census Tract 143.02, Monterey County, California",941,70,30,30,0,40,40,0,871,323,207,116,548,357,191,06,053,014302
06053014000,"Census Tract 140, Monterey County, California",626,57,30,30,0,27,27,0,569,202,142,60,367,258,109,06,053,014000
06053001700,"Census Tract 17, Monterey County, California",1066,132,70,47,23,62,32,30,934,124,96,28,810,498,312,06,053,001700
06053000800,"Census Tract 8, Monterey County, California",1350,57,16,0,16,41,22,19,1293,612,303,309,681,423,258,06,053,000800
06075015600,"Census Tract 156, San Francisco County, California",983,48,48,42,6,0,0,0,935,337,236,101,598,433,165,06,075,015600
06075010200,"Census Tract 102, San Francisco County, California",1253,44,44,0,44,0,0,0,1209,247,234,13,962,901,61,06,075,010200
06075010800,"Census Tract 108, San Francisco County, California",1503,0,0,0,0,0,0,0,1503,551,386,165,952,912,40,06,075,010800
06075033100,"Census Tract 331, San Francisco County, California",642,38,38,38,0,0,0,0,604,305,228,77,299,223,76,06,075,033100
06075040200,"Census Tract 402, San Francisco County, California",1797,57,57,37,20,0,0,0,1740,530,431,99,1210,1007,203,06,075,040200
06073003001,"Census Tract 30.01, San Diego County, California",1268,93,69,69,0,24,23,1,1175,395,338,57,780,597,183,06,073,003001
06097152100,"Census Tract 1521, Sonoma County, California",695,42,37,23,14,5,0,5,653,198,171,27,455,257,198,06,097,152100
06097152300,"Census Tract 1523, Sonoma County, California",713,20,20,10,10,0,0,0,693,346,266,80,347,299,48,06,097,152300
06097152400,"Census Tract 1524, Sonoma County, California",1420,56,56,56,0,0,0,0,1364,793,542,251,571,421,150,06,097,152400
06097152600,"Census Tract 1526, Sonoma County, California",1552,21,0,0,0,21,0,21,1531,886,744,142,645,347,298,06,097,152600
06097153102,"Census Tract 1531.02, Sonoma County, California",1421,109,62,62,0,47,47,0,1312,660,463,197,652,550,102,06,097,153102
06097153705,"Census Tract 1537.05, Sonoma County, California",733,5,5,0,5,0,0,0,728,207,192,15,521,472,49,06,097,153705
06097153706,"Census Tract 1537.06, Sonoma County, California",789,49,38,38,0,11,11,0,740,230,185,45,510,456,54,06,097,153706
06097154302,"Census Tract 1543.02, Sonoma County, California",492,23,11,11,0,12,12,0,469,191,151,40,278,210,68,06,097,154302
06097153902,"Census Tract 1539.02, Sonoma County, California",847,28,12,12,0,16,16,0,819,355,237,118,464,342,122,06,097,153902
06097150303,"Census Tract 1503.03, Sonoma County, California",376,72,0,0,0,72,72,0,304,123,99,24,181,131,50,06,097,150303
06097150304,"Census Tract 1503.04, Sonoma County, California",1090,98,25,10,15,73,73,0,992,477,396,81,515,347,168,06,097,150304
06097150601,"Census Tract 1506.01, Sonoma County, California",1057,42,42,32,10,0,0,0,1015,541,364,177,474,285,189,06,097,150601
06097151203,"Census Tract 1512.03, Sonoma County, California",1132,29,29,8,21,0,0,0,1103,429,323,106,674,540,134,06,097,151203
06097151401,"Census Tract 1514.01, Sonoma County, California",1980,107,66,48,18,41,41,0,1873,831,654,177,1042,613,429,06,097,151401
06097150901,"Census Tract 1509.01, Sonoma County, California",1255,93,93,84,9,0,0,0,1162,641,471,170,521,446,75,06,097,150901
06097151201,"Census Tract 1512.01, Sonoma County, California",1717,37,37,37,0,0,0,0,1680,767,578,189,913,593,320,06,097,151201
06097151308,"Census Tract 1513.08, Sonoma County, California",1230,146,97,97,0,49,20,29,1084,294,238,56,790,507,283,06,097,151308
06097151309,"Census Tract 1513.09, Sonoma County, California",1230,74,74,62,12,0,0,0,1156,418,345,73,738,519,219,06,097,151309
06097152502,"Census Tract 1525.02, Sonoma County, California",726,84,52,19,33,32,32,0,642,222,146,76,420,351,69,06,097,152502
06097150202,"Census Tract 1502.02, Sonoma County, California",913,16,0,0,0,16,16,0,897,398,333,65,499,373,126,06,097,150202
06097150800,"Census Tract 1508, Sonoma County, California",1134,30,30,12,18,0,0,0,1104,542,408,134,562,371,191,06,097,150800
06097151503,"Census Tract 1515.03, Sonoma County, California",430,41,41,20,21,0,0,0,389,226,150,76,163,130,33,06,097,151503
06097151700,"Census Tract 1517, Sonoma County, California",1597,43,43,21,22,0,0,0,1554,780,543,237,774,722,52,06,097,151700
06097151800,"Census Tract 1518, Sonoma County, California",1020,106,106,106,0,0,0,0,914,364,279,85,550,384,166,06,097,151800
06097152702,"Census Tract 1527.02, Sonoma County, California",1280,35,0,0,0,35,0,35,1245,572,413,159,673,439,234,06,097,152702
06097151204,"Census Tract 1512.04, Sonoma County, California",923,64,56,39,17,8,0,8,859,327,245,82,532,419,113,06,097,151204
06097153401,"Census Tract 1534.01, Sonoma County, California",1364,0,0,0,0,0,0,0,1364,600,449,151,764,586,178,06,097,153401
06097152903,"Census Tract 1529.03, Sonoma County, California",1310,119,35,21,14,84,84,0,1191,446,362,84,745,578,167,06,097,152903
06097153001,"Census Tract 1530.01, Sonoma County, California",1820,0,0,0,0,0,0,0,1820,669,449,220,1151,875,276,06,097,153001
06097153006,"Census Tract 1530.06, Sonoma County, California",2025,42,0,0,0,42,0,42,1983,823,651,172,1160,886,274,06,097,153006
06067009317,"Census Tract 93.17, Sacramento County, California",1780,101,80,68,12,21,10,11,1679,660,448,212,1019,767,252,06,067,009317
06037199700,"Census Tract 1997, Los Angeles County, California",675,33,23,0,23,10,10,0,642,241,202,39,401,284,117,06,037,199700
06037201402,"Census Tract 2014.02, Los Angeles County, California",1115,35,0,0,0,35,35,0,1080,288,228,60,792,673,119,06,037,201402
06037203900,"Census Tract 2039, Los Angeles County, California",686,18,18,0,18,0,0,0,668,224,138,86,444,298,146,06,037,203900
06037603200,"Census Tract 6032, Los Angeles County, California",733,22,22,22,0,0,0,0,711,354,237,117,357,272,85,06,037,603200
06037609900,"Census Tract 6099, Los Angeles County, California",424,14,14,0,14,0,0,0,410,153,101,52,257,197,60,06,037,609900
06037620303,"Census Tract 6203.03, Los Angeles County, California",983,43,43,25,18,0,0,0,940,587,403,184,353,249,104,06,037,620303
06037552800,"Census Tract 5528, Los Angeles County, California",1403,33,33,6,27,0,0,0,1370,688,490,198,682,405,277,06,037,552800
06037553300,"Census Tract 5533, Los Angeles County, California",813,27,17,10,7,10,10,0,786,263,140,123,523,371,152,06,037,553300
06037550800,"Census Tract 5508, Los Angeles County, California",1910,108,60,60,0,48,48,0,1802,756,626,130,1046,759,287,06,037,550800
06059074803,"Census Tract 748.03, Orange County, California",2115,82,47,27,20,35,33,2,2033,864,632,232,1169,949,220,06,059,074803
06059074902,"Census Tract 749.02, Orange County, California",1606,138,69,29,40,69,47,22,1468,652,362,290,816,442,374,06,059,074902
06059075505,"Census Tract 755.05, Orange County, California",792,20,20,20,0,0,0,0,772,300,188,112,472,381,91,06,059,075505
06059075512,"Census Tract 755.12, Orange County, California",1023,94,89,40,49,5,5,0,929,403,255,148,526,410,116,06,059,075512
06059075703,"Census Tract 757.03, Orange County, California",873,27,27,20,7,0,0,0,846,482,349,133,364,226,138,06,059,075703
06059075805,"Census Tract 758.05, Orange County, California",1141,18,18,18,0,0,0,0,1123,420,272,148,703,483,220,06,059,075805
06037190802,"Census Tract 1908.02, Los Angeles County, California",748,27,6,6,0,21,21,0,721,193,125,68,528,376,152,06,037,190802
06037191301,"Census Tract 1913.01, Los Angeles County, California",648,0,0,0,0,0,0,0,648,164,113,51,484,379,105,06,037,191301
06037191302,"Census Tract 1913.02, Los Angeles County, California",534,4,4,0,4,0,0,0,530,165,104,61,365,290,75,06,037,191302
06037191901,"Census Tract 1919.01, Los Angeles County, California",960,7,7,7,0,0,0,0,953,137,76,61,816,687,129,06,037,191901
06037191902,"Census Tract 1919.02, Los Angeles County, California",729,21,21,9,12,0,0,0,708,295,274,21,413,356,57,06,037,191902
06037192001,"Census Tract 1920.01, Los Angeles County, California",730,4,4,0,4,0,0,0,726,175,154,21,551,474,77,06,037,192001
06037192002,"Census Tract 1920.02, Los Angeles County, California",779,26,26,26,0,0,0,0,753,176,142,34,577,549,28,06,037,192002
06037194101,"Census Tract 1941.01, Los Angeles County, California",995,24,24,0,24,0,0,0,971,314,231,83,657,554,103,06,037,194101
06037194102,"Census Tract 1941.02, Los Angeles County, California",648,49,49,49,0,0,0,0,599,285,238,47,314,284,30,06,037,194102
06037194401,"Census Tract 1944.01, Los Angeles County, California",719,0,0,0,0,0,0,0,719,196,154,42,523,503,20,06,037,194401
06037194402,"Census Tract 1944.02, Los Angeles County, California",1001,16,16,16,0,0,0,0,985,223,220,3,762,716,46,06,037,194402
06037195201,"Census Tract 1952.01, Los Angeles County, California",954,33,33,26,7,0,0,0,921,252,216,36,669,564,105,06,037,195201
06037195202,"Census Tract 1952.02, Los Angeles County, California",736,30,30,17,13,0,0,0,706,361,291,70,345,319,26,06,037,195202
06037195803,"Census Tract 1958.03, Los Angeles County, California",920,33,17,17,0,16,16,0,887,166,142,24,721,678,43,06,037,195803
06037195804,"Census Tract 1958.04, Los Angeles County, California",684,43,4,4,0,39,39,0,641,180,112,68,461,370,91,06,037,195804
06037195901,"Census Tract 1959.01, Los Angeles County, California",589,23,23,15,8,0,0,0,566,147,111,36,419,397,22,06,037,195901
06037195902,"Census Tract 1959.02, Los Angeles County, California",518,27,27,0,27,0,0,0,491,163,128,35,328,321,7,06,037,195902
06037195903,"Census Tract 1959.03, Los Angeles County, California",688,12,3,3,0,9,9,0,676,168,128,40,508,413,95,06,037,195903
06037206031,"Census Tract 2060.31, Los Angeles County, California",1285,40,24,15,9,16,16,0,1245,413,378,35,832,672,160,06,037,206031
06037201601,"Census Tract 2016.01, Los Angeles County, California",575,78,44,44,0,34,22,12,497,171,109,62,326,249,77,06,037,201601
06037201602,"Census Tract 2016.02, Los Angeles County, California",775,23,11,11,0,12,0,12,752,268,219,49,484,384,100,06,037,201602
06037206032,"Census Tract 2060.32, Los Angeles County, California",1331,60,33,33,0,27,15,12,1271,276,240,36,995,537,458,06,037,206032
06037207101,"Census Tract 2071.01, Los Angeles County, California",1292,27,7,0,7,20,0,20,1265,475,329,146,790,559,231,06,037,207101
06037207102,"Census Tract 2071.02, Los Angeles County, California",751,14,14,0,14,0,0,0,737,295,229,66,442,261,181,06,037,207102
06037207103,"Census Tract 2071.03, Los Angeles County, California",559,28,28,0,28,0,0,0,531,187,154,33,344,248,96,06,037,207103
06037207301,"Census Tract 2073.01, Los Angeles County, California",1297,50,50,19,31,0,0,0,1247,357,357,0,890,748,142,06,037,207301
06037207302,"Census Tract 2073.02, Los Angeles County, California",1514,0,0,0,0,0,0,0,1514,423,340,83,1091,861,230,06,037,207302
06037207501,"Census Tract 2075.01, Los Angeles County, California",600,20,20,20,0,0,0,0,580,173,165,8,407,291,116,06,037,207501
06037207502,"Census Tract 2075.02, Los Angeles County, California",349,0,0,0,0,0,0,0,349,192,166,26,157,157,0,06,037,207502
06037208301,"Census Tract 2083.01, Los Angeles County, California",499,29,9,0,9,20,15,5,470,157,88,69,313,146,167,06,037,208301
06037208302,"Census Tract 2083.02, Los Angeles County, California",1225,71,24,0,24,47,13,34,1154,335,191,144,819,545,274,06,037,208302
06067008119,"Census Tract 81.19, Sacramento County, California",1601,72,7,0,7,65,27,38,1529,573,355,218,956,625,331,06,067,008119
06059062645,"Census Tract 626.45, Orange County, California",1287,84,60,60,0,24,12,12,1203,712,519,193,491,246,245,06,059,062645
06059062647,"Census Tract 626.47, Orange County, California",863,0,0,0,0,0,0,0,863,217,162,55,646,562,84,06,059,062647
06059062702,"Census Tract 627.02, Orange County, California",747,73,73,55,18,0,0,0,674,372,232,140,302,200,102,06,059,062702
06059063004,"Census Tract 630.04, Orange County, California",1196,44,44,0,44,0,0,0,1152,535,403,132,617,514,103,06,059,063004
06059063010,"Census Tract 630.10, Orange County, California",1446,99,99,78,21,0,0,0,1347,653,466,187,694,535,159,06,059,063010
06059063400,"Census Tract 634, Orange County, California",1090,25,17,17,0,8,8,0,1065,630,494,136,435,313,122,06,059,063400
06059063802,"Census Tract 638.02, Orange County, California",590,40,40,18,22,0,0,0,550,326,218,108,224,169,55,06,059,063802
06059063806,"Census Tract 638.06, Orange County, California",815,33,33,23,10,0,0,0,782,389,299,90,393,315,78,06,059,063806
06059063906,"Census Tract 639.06, Orange County, California",1838,48,48,22,26,0,0,0,1790,724,713,11,1066,853,213,06,059,063906
06059074005,"Census Tract 740.05, Orange County, California",1837,137,87,43,44,50,32,18,1700,600,356,244,1100,778,322,06,059,074005
06059074107,"Census Tract 741.07, Orange County, California",1863,72,72,31,41,0,0,0,1791,715,421,294,1076,843,233,06,059,074107
06059074109,"Census Tract 741.09, Orange County, California",915,105,56,14,42,49,31,18,810,320,200,120,490,319,171,06,059,074109
06059074403,"Census Tract 744.03, Orange County, California",1660,79,42,42,0,37,37,0,1581,724,426,298,857,534,323,06,059,074403
06059074501,"Census Tract 745.01, Orange County, California",1664,84,70,0,70,14,0,14,1580,847,610,237,733,429,304,06,059,074501
06059074801,"Census Tract 748.01, Orange County, California",1518,117,51,28,23,66,66,0,1401,411,340,71,990,653,337,06,059,074801
06059075507,"Census Tract 755.07, Orange County, California",1647,82,67,29,38,15,15,0,1565,515,374,141,1050,815,235,06,059,075507
06059075515,"Census Tract 755.15, Orange County, California",5641,302,214,80,134,88,0,88,5339,2451,1572,879,2888,2160,728,06,059,075515
06059075810,"Census Tract 758.10, Orange County, California",443,0,0,0,0,0,0,0,443,158,120,38,285,92,193,06,059,075810
06085509901,"Census Tract 5099.01, Santa Clara County, California",395,39,30,24,6,9,9,0,356,226,151,75,130,89,41,06,085,509901
06085510300,"Census Tract 5103, Santa Clara County, California",841,17,17,8,9,0,0,0,824,507,290,217,317,230,87,06,085,510300
06085502909,"Census Tract 5029.09, Santa Clara County, California",1267,50,34,24,10,16,16,0,1217,600,481,119,617,463,154,06,085,502909
06085512023,"Census Tract 5120.23, Santa Clara County, California",1668,132,100,62,38,32,32,0,1536,710,450,260,826,676,150,06,085,512023
06085504202,"Census Tract 5042.02, Santa Clara County, California",985,42,42,34,8,0,0,0,943,495,387,108,448,334,114,06,085,504202
06085505302,"Census Tract 5053.02, Santa Clara County, California",1035,50,50,50,0,0,0,0,985,475,375,100,510,432,78,06,085,505302
06085506603,"Census Tract 5066.03, Santa Clara County, California",793,26,26,17,9,0,0,0,767,437,287,150,330,265,65,06,085,506603
06077004001,"Census Tract 40.01, San Joaquin County, California",393,29,22,13,9,7,7,0,364,186,115,71,178,105,73,06,077,004001
06077004102,"Census Tract 41.02, San Joaquin County, California",1773,131,113,79,34,18,18,0,1642,973,683,290,669,433,236,06,077,004102
06077004203,"Census Tract 42.03, San Joaquin County, California",1009,129,85,14,71,44,22,22,880,255,166,89,625,497,128,06,077,004203
06077004204,"Census Tract 42.04, San Joaquin County, California",659,68,59,59,0,9,9,0,591,270,200,70,321,291,30,06,077,004204
06077005003,"Census Tract 50.03, San Joaquin County, California",1180,90,56,13,43,34,34,0,1090,591,447,144,499,318,181,06,077,005003
06077005004,"Census Tract 50.04, San Joaquin County, California",1371,98,49,40,9,49,39,10,1273,643,450,193,630,524,106,06,077,005004
06077005106,"Census Tract 51.06, San Joaquin County, California",1522,57,57,18,39,0,0,0,1465,797,514,283,668,344,324,06,077,005106
06077005305,"Census Tract 53.05, San Joaquin County, California",2152,211,102,19,83,109,24,85,1941,730,513,217,1211,946,265,06,077,005305
06077000900,"Census Tract 9, San Joaquin County, California",1489,133,28,28,0,105,30,75,1356,471,253,218,885,556,329,06,077,000900
06077005110,"Census Tract 51.10, San Joaquin County, California",1492,39,0,0,0,39,39,0,1453,804,531,273,649,450,199,06,077,005110
06077003602,"Census Tract 36.02, San Joaquin County, California",747,71,46,0,46,25,0,25,676,311,125,186,365,143,222,06,077,003602
06077004302,"Census Tract 43.02, San Joaquin County, California",1399,151,117,97,20,34,0,34,1248,631,403,228,617,392,225,06,077,004302
06077005202,"Census Tract 52.02, San Joaquin County, California",1703,46,46,23,23,0,0,0,1657,798,506,292,859,469,390,06,077,005202
06077001800,"Census Tract 18, San Joaquin County, California",947,52,17,17,0,35,0,35,895,356,250,106,539,300,239,06,077,001800
06077004201,"Census Tract 42.01, San Joaquin County, California",1517,52,20,20,0,32,0,32,1465,745,666,79,720,540,180,06,077,004201
06077005119,"Census Tract 51.19, San Joaquin County, California",2197,210,161,61,100,49,17,32,1987,1143,729,414,844,511,333,06,077,005119
06077000600,"Census Tract 6, San Joaquin County, California",449,35,20,2,18,15,0,15,414,135,61,74,279,143,136,06,077,000600
06077003113,"Census Tract 31.13, San Joaquin County, California",1854,124,32,18,14,92,55,37,1730,290,172,118,1440,908,532,06,077,003113
06077004305,"Census Tract 43.05, San Joaquin County, California",1492,56,56,14,42,0,0,0,1436,619,505,114,817,579,238,06,077,004305
06077005126,"Census Tract 51.26, San Joaquin County, California",961,56,25,8,17,31,18,13,905,379,284,95,526,396,130,06,077,005126
06073011000,"Census Tract 110, San Diego County, California",973,8,8,0,8,0,0,0,965,506,367,139,459,302,157,06,073,011000
06073011300,"Census Tract 113, San Diego County, California",360,10,10,10,0,0,0,0,350,71,60,11,279,275,4,06,073,011300
06073012002,"Census Tract 120.02, San Diego County, California",1035,27,17,9,8,10,10,0,1008,351,239,112,657,441,216,06,073,012002
06073012304,"Census Tract 123.04, San Diego County, California",689,0,0,0,0,0,0,0,689,373,238,135,316,229,87,06,073,012304
06073012900,"Census Tract 129, San Diego County, California",778,38,30,9,21,8,0,8,740,328,243,85,412,246,166,06,073,012900
06097151402,"Census Tract 1514.02, Sonoma County, California",2693,154,98,27,71,56,10,46,2539,1102,789,313,1437,1179,258,06,097,151402
06059076000,"Census Tract 760, Orange County, California",2647,45,45,21,24,0,0,0,2602,1002,698,304,1600,1310,290,06,059,076000
06059076204,"Census Tract 762.04, Orange County, California",1260,30,13,7,6,17,0,17,1230,459,294,165,771,404,367,06,059,076204
06059075605,"Census Tract 756.05, Orange County, California",1536,50,27,0,27,23,23,0,1486,746,666,80,740,598,142,06,059,075605
06059075813,"Census Tract 758.13, Orange County, California",1181,30,30,17,13,0,0,0,1151,497,293,204,654,367,287,06,059,075813
06059075815,"Census Tract 758.15, Orange County, California",1527,64,49,49,0,15,15,0,1463,719,428,291,744,565,179,06,059,075815
06059075902,"Census Tract 759.02, Orange County, California",2183,56,47,0,47,9,9,0,2127,522,440,82,1605,1107,498,06,059,075902
06059076102,"Census Tract 761.02, Orange County, California",1200,77,68,55,13,9,0,9,1123,427,324,103,696,457,239,06,059,076102
06071004301,"Census Tract 43.01, San Bernardino County, California",1278,113,85,85,0,28,21,7,1165,557,271,286,608,366,242,06,071,004301
06071004302,"Census Tract 43.02, San Bernardino County, California",1004,92,60,60,0,32,23,9,912,299,129,170,613,390,223,06,071,004302
06071004403,"Census Tract 44.03, San Bernardino County, California",1267,52,52,41,11,0,0,0,1215,554,252,302,661,378,283,06,071,004403
06071004404,"Census Tract 44.04, San Bernardino County, California",1236,69,0,0,0,69,52,17,1167,424,254,170,743,568,175,06,071,004404
06071004505,"Census Tract 45.05, San Bernardino County, California",1276,104,76,8,68,28,28,0,1172,494,379,115,678,496,182,06,071,004505
06071004507,"Census Tract 45.07, San Bernardino County, California",1649,149,75,29,46,74,74,0,1500,711,465,246,789,505,284,06,071,004507
06071004509,"Census Tract 45.09, San Bernardino County, California",1531,99,53,31,22,46,46,0,1432,675,510,165,757,580,177,06,071,004509
06071004510,"Census Tract 45.10, San Bernardino County, California",2338,40,40,30,10,0,0,0,2298,331,240,91,1967,1139,828,06,071,004510
06071004603,"Census Tract 46.03, San Bernardino County, California",1334,61,12,0,12,49,26,23,1273,479,314,165,794,636,158,06,071,004603
06071004604,"Census Tract 46.04, San Bernardino County, California",1538,99,57,47,10,42,42,0,1439,504,318,186,935,699,236,06,071,004604
06071005701,"Census Tract 57.01, San Bernardino County, California",148,18,0,0,0,18,18,0,130,53,40,13,77,29,48,06,071,005701
06071006203,"Census Tract 62.03, San Bernardino County, California",1247,175,21,0,21,154,57,97,1072,430,259,171,642,250,392,06,071,006203
06071006204,"Census Tract 62.04, San Bernardino County, California",1200,112,7,7,0,105,30,75,1088,284,214,70,804,548,256,06,071,006204
06071006601,"Census Tract 66.01, San Bernardino County, California",1217,122,43,0,43,79,33,46,1095,474,287,187,621,331,290,06,071,006601
06071006603,"Census Tract 66.03, San Bernardino County, California",1520,60,46,20,26,14,14,0,1460,705,427,278,755,403,352,06,071,006603
06071006604,"Census Tract 66.04, San Bernardino County, California",908,24,0,0,0,24,15,9,884,252,106,146,632,400,232,06,071,006604
06071007109,"Census Tract 71.09, San Bernardino County, California",1821,45,0,0,0,45,33,12,1776,456,247,209,1320,1145,175,06,071,007109
06071007110,"Census Tract 71.10, San Bernardino County, California",1355,110,74,47,27,36,36,0,1245,539,362,177,706,550,156,06,071,007110
06071007303,"Census Tract 73.03, San Bernardino County, California",1641,75,11,0,11,64,0,64,1566,516,277,239,1050,565,485,06,071,007303
06071007305,"Census Tract 73.05, San Bernardino County, California",1221,67,11,10,1,56,17,39,1154,443,270,173,711,420,291,06,071,007305
06071007306,"Census Tract 73.06, San Bernardino County, California",1582,130,130,130,0,0,0,0,1452,702,478,224,750,566,184,06,071,007306
06071007409,"Census Tract 74.09, San Bernardino County, California",1628,84,51,18,33,33,30,3,1544,770,445,325,774,508,266,06,071,007409
06071007410,"Census Tract 74.10, San Bernardino County, California",1199,62,62,62,0,0,0,0,1137,402,312,90,735,478,257,06,071,007410
06071007603,"Census Tract 76.03, San Bernardino County, California",1176,73,43,43,0,30,0,30,1103,453,245,208,650,304,346,06,071,007603
06071007604,"Census Tract 76.04, San Bernardino County, California",1210,48,21,14,7,27,27,0,1162,561,448,113,601,469,132,06,071,007604
06071007903,"Census Tract 79.03, San Bernardino County, California",1114,57,42,9,33,15,0,15,1057,447,309,138,610,338,272,06,071,007903
06071007904,"Census Tract 79.04, San Bernardino County, California",1737,115,53,53,0,62,62,0,1622,949,827,122,673,434,239,06,071,007904
06071008601,"Census Tract 86.01, San Bernardino County, California",1655,47,19,12,7,28,28,0,1608,698,445,253,910,620,290,06,071,008601
06071008602,"Census Tract 86.02, San Bernardino County, California",1033,42,42,11,31,0,0,0,991,343,283,60,648,437,211,06,071,008602
06071008709,"Census Tract 87.09, San Bernardino County, California",867,51,51,14,37,0,0,0,816,322,253,69,494,384,110,06,071,008709
06071008710,"Census Tract 87.10, San Bernardino County, California",1035,98,39,16,23,59,6,53,937,354,201,153,583,399,184,06,071,008710
06065040403,"Census Tract 404.03, Riverside County, California",1417,87,73,5,68,14,0,14,1330,532,301,231,798,439,359,06,065,040403
06065040502,"Census Tract 405.02, Riverside County, California",1678,94,44,44,0,50,50,0,1584,700,342,358,884,663,221,06,065,040502
06065040604,"Census Tract 406.04, Riverside County, California",1204,17,17,0,17,0,0,0,1187,396,247,149,791,444,347,06,065,040604
06065030900,"Census Tract 309, Riverside County, California",841,17,10,4,6,7,7,0,824,336,246,90,488,305,183,06,065,030900
06065030503,"Census Tract 305.03, Riverside County, California",973,88,40,40,0,48,26,22,885,312,138,174,573,425,148,06,065,030503
06065031402,"Census Tract 314.02, Riverside County, California",1789,43,21,21,0,22,22,0,1746,681,487,194,1065,809,256,06,065,031402
06065031704,"Census Tract 317.04, Riverside County, California",1331,19,19,0,19,0,0,0,1312,631,450,181,681,493,188,06,065,031704
06065040303,"Census Tract 403.03, Riverside County, California",1219,50,0,0,0,50,17,33,1169,492,278,214,677,414,263,06,065,040303
06065040603,"Census Tract 406.03, Riverside County, California",867,47,47,8,39,0,0,0,820,370,225,145,450,248,202,06,065,040603
06065040903,"Census Tract 409.03, Riverside County, California",707,49,44,9,35,5,5,0,658,257,204,53,401,234,167,06,065,040903
06065041003,"Census Tract 410.03, Riverside County, California",771,44,36,20,16,8,8,0,727,300,228,72,427,310,117,06,065,041003
06065030501,"Census Tract 305.01, Riverside County, California",1339,14,14,0,14,0,0,0,1325,314,148,166,1011,565,446,06,065,030501
06065030602,"Census Tract 306.02, Riverside County, California",571,0,0,0,0,0,0,0,571,203,141,62,368,217,151,06,065,030602
06065030603,"Census Tract 306.03, Riverside County, California",432,22,22,22,0,0,0,0,410,222,180,42,188,81,107,06,065,030603
06065031501,"Census Tract 315.01, Riverside County, California",2748,37,28,20,8,9,0,9,2711,466,352,114,2245,1278,967,06,065,031501
06065040202,"Census Tract 402.02, Riverside County, California",833,49,22,4,18,27,27,0,784,313,206,107,471,333,138,06,065,040202
06065040203,"Census Tract 402.03, Riverside County, California",1017,38,28,6,22,10,10,0,979,417,244,173,562,311,251,06,065,040203
06065040204,"Census Tract 402.04, Riverside County, California",1085,60,20,12,8,40,38,2,1025,376,249,127,649,390,259,06,065,040204
06065043313,"Census Tract 433.13, Riverside County, California",950,29,20,11,9,9,0,9,921,418,266,152,503,317,186,06,065,043313
06065043401,"Census Tract 434.01, Riverside County, California",1880,37,5,0,5,32,32,0,1843,671,319,352,1172,650,522,06,065,043401
06065043504,"Census Tract 435.04, Riverside County, California",1795,40,40,27,13,0,0,0,1755,911,537,374,844,522,322,06,065,043504
06065043802,"Census Tract 438.02, Riverside County, California",1038,114,58,35,23,56,42,14,924,478,330,148,446,343,103,06,065,043802
06065043900,"Census Tract 439, Riverside County, California",1673,90,49,38,11,41,41,0,1583,698,494,204,885,576,309,06,065,043900
06065044505,"Census Tract 445.05, Riverside County, California",871,64,64,0,64,0,0,0,807,499,286,213,308,195,113,06,065,044505
06065040201,"Census Tract 402.01, Riverside County, California",1607,84,59,20,39,25,25,0,1523,784,454,330,739,579,160,06,065,040201
06065031001,"Census Tract 310.01, Riverside County, California",1756,24,24,0,24,0,0,0,1732,620,475,145,1112,918,194,06,065,031001
06065031200,"Census Tract 312, Riverside County, California",1814,0,0,0,0,0,0,0,1814,728,448,280,1086,749,337,06,065,031200
06085512025,"Census Tract 5120.25, Santa Clara County, California",762,16,13,8,5,3,3,0,746,435,346,89,311,218,93,06,085,512025
06085511912,"Census Tract 5119.12, Santa Clara County, California",1169,20,20,20,0,0,0,0,1149,734,442,292,415,266,149,06,085,511912
06085511913,"Census Tract 5119.13, Santa Clara County, California",877,80,80,34,46,0,0,0,797,477,359,118,320,250,70,06,085,511913
06085511914,"Census Tract 5119.14, Santa Clara County, California",1144,43,43,11,32,0,0,0,1101,589,457,132,512,353,159,06,085,511914
06085512029,"Census Tract 5120.29, Santa Clara County, California",1563,0,0,0,0,0,0,0,1563,810,582,228,753,583,170,06,085,512029
06085512030,"Census Tract 5120.30, Santa Clara County, California",771,30,30,26,4,0,0,0,741,389,240,149,352,221,131,06,085,512030
06085512034,"Census Tract 5120.34, Santa Clara County, California",652,24,24,14,10,0,0,0,628,473,410,63,155,113,42,06,085,512034
06085512503,"Census Tract 5125.03, Santa Clara County, California",2146,57,57,57,0,0,0,0,2089,1220,927,293,869,729,140,06,085,512503
06085512508,"Census Tract 5125.08, Santa Clara County, California",2019,112,87,75,12,25,25,0,1907,745,507,238,1162,1075,87,06,085,512508
06085500300,"Census Tract 5003, Santa Clara County, California",1260,44,25,7,18,19,0,19,1216,493,404,89,723,668,55,06,085,500300
06085500800,"Census Tract 5008, Santa Clara County, California",1206,18,18,0,18,0,0,0,1188,523,376,147,665,493,172,06,085,500800
06085501300,"Census Tract 5013, Santa Clara County, California",1096,40,14,14,0,26,13,13,1056,216,162,54,840,584,256,06,085,501300
06085502910,"Census Tract 5029.10, Santa Clara County, California",843,57,57,52,5,0,0,0,786,471,382,89,315,264,51,06,085,502910
06085503112,"Census Tract 5031.12, Santa Clara County, California",978,88,88,61,27,0,0,0,890,313,149,164,577,447,130,06,085,503112
06085503116,"Census Tract 5031.16, Santa Clara County, California",1615,103,103,91,12,0,0,0,1512,676,471,205,836,666,170,06,085,503116
06085503207,"Census Tract 5032.07, Santa Clara County, California",1067,24,24,21,3,0,0,0,1043,451,397,54,592,356,236,06,085,503207
06067001900,"Census Tract 19, Sacramento County, California",1007,6,6,0,6,0,0,0,1001,261,208,53,740,712,28,06,067,001900
06075020700,"Census Tract 207, San Francisco County, California",1822,66,57,26,31,9,3,6,1756,653,594,59,1103,1053,50,06,075,020700
06075020800,"Census Tract 208, San Francisco County, California",1627,18,18,18,0,0,0,0,1609,423,299,124,1186,1073,113,06,075,020800
06075021100,"Census Tract 211, San Francisco County, California",1130,56,56,46,10,0,0,0,1074,607,469,138,467,400,67,06,075,021100
06075021200,"Census Tract 212, San Francisco County, California",708,46,36,25,11,10,10,0,662,350,302,48,312,299,13,06,075,021200
06075021300,"Census Tract 213, San Francisco County, California",662,0,0,0,0,0,0,0,662,381,315,66,281,228,53,06,075,021300
06075010700,"Census Tract 107, San Francisco County, California",1310,17,17,17,0,0,0,0,1293,450,440,10,843,750,93,06,075,010700
06075016200,"Census Tract 162, San Francisco County, California",815,70,38,38,0,32,10,22,745,168,152,16,577,577,0,06,075,016200
06075016900,"Census Tract 169, San Francisco County, California",781,31,31,9,22,0,0,0,750,235,184,51,515,477,38,06,075,016900
06075025200,"Census Tract 252, San Francisco County, California",1253,127,117,64,53,10,10,0,1126,525,429,96,601,486,115,06,075,025200
06075010100,"Census Tract 101, San Francisco County, California",1195,18,18,18,0,0,0,0,1177,416,364,52,761,512,249,06,075,010100
06075011200,"Census Tract 112, San Francisco County, California",972,24,24,24,0,0,0,0,948,225,178,47,723,703,20,06,075,011200
06075013400,"Census Tract 134, San Francisco County, California",1282,32,28,28,0,4,0,4,1250,525,418,107,725,662,63,06,075,013400
06075015100,"Census Tract 151, San Francisco County, California",759,11,11,0,11,0,0,0,748,275,245,30,473,464,9,06,075,015100
06073013416,"Census Tract 134.16, San Diego County, California",930,62,47,38,9,15,15,0,868,451,248,203,417,260,157,06,073,013416
06073013417,"Census Tract 134.17, San Diego County, California",470,14,7,7,0,7,0,7,456,175,158,17,281,126,155,06,073,013417
06073014102,"Census Tract 141.02, San Diego County, California",1080,0,0,0,0,0,0,0,1080,342,292,50,738,498,240,06,073,014102
06073014601,"Census Tract 146.01, San Diego County, California",1183,63,15,15,0,48,29,19,1120,366,323,43,754,481,273,06,073,014601
06073014700,"Census Tract 147, San Diego County, California",1947,229,72,12,60,157,157,0,1718,773,604,169,945,712,233,06,073,014700
06073015404,"Census Tract 154.04, San Diego County, California",1682,126,97,0,97,29,0,29,1556,930,542,388,626,461,165,06,073,015404
06073015902,"Census Tract 159.02, San Diego County, California",1392,85,77,11,66,8,8,0,1307,596,388,208,711,430,281,06,073,015902
06073016202,"Census Tract 162.02, San Diego County, California",1068,36,36,36,0,0,0,0,1032,528,371,157,504,389,115,06,073,016202
06073016609,"Census Tract 166.09, San Diego County, California",1457,53,35,24,11,18,9,9,1404,756,585,171,648,402,246,06,073,016609
06073017006,"Census Tract 170.06, San Diego County, California",486,27,27,11,16,0,0,0,459,255,135,120,204,124,80,06,073,017006
06073017029,"Census Tract 170.29, San Diego County, California",1584,57,57,17,40,0,0,0,1527,806,354,452,721,444,277,06,073,017029
06073017039,"Census Tract 170.39, San Diego County, California",1883,100,100,100,0,0,0,0,1783,1071,902,169,712,569,143,06,073,017039
06073017040,"Census Tract 170.40, San Diego County, California",905,63,63,30,33,0,0,0,842,443,408,35,399,225,174,06,073,017040
06073017048,"Census Tract 170.48, San Diego County, California",1785,101,101,26,75,0,0,0,1684,930,689,241,754,655,99,06,073,017048
06073017502,"Census Tract 175.02, San Diego County, California",940,56,49,49,0,7,7,0,884,350,228,122,534,461,73,06,073,017502
06073017603,"Census Tract 176.03, San Diego County, California",553,19,12,6,6,7,7,0,534,261,154,107,273,233,40,06,073,017603
06073017701,"Census Tract 177.01, San Diego County, California",1455,16,16,16,0,0,0,0,1439,606,304,302,833,523,310,06,073,017701
06073018802,"Census Tract 188.02, San Diego County, California",1413,122,71,57,14,51,51,0,1291,627,474,153,664,492,172,06,073,018802
06037576502,"Census Tract 5765.02, Los Angeles County, California",1272,103,50,41,9,53,53,0,1169,361,258,103,808,646,162,06,037,576502
06037576503,"Census Tract 5765.03, Los Angeles County, California",1269,53,19,19,0,34,23,11,1216,331,202,129,885,741,144,06,037,576503
06037576901,"Census Tract 5769.01, Los Angeles County, California",1526,108,36,14,22,72,8,64,1418,416,229,187,1002,695,307,06,037,576901
06037577300,"Census Tract 5773, Los Angeles County, California",1663,24,24,24,0,0,0,0,1639,523,461,62,1116,1014,102,06,037,577300
06037600100,"Census Tract 6001, Los Angeles County, California",1813,54,7,0,7,47,47,0,1759,528,300,228,1231,634,597,06,037,600100
06037600302,"Census Tract 6003.02, Los Angeles County, California",683,24,24,24,0,0,0,0,659,202,131,71,457,273,184,06,037,600302
06037600703,"Census Tract 6007.03, Los Angeles County, California",393,10,5,5,0,5,0,5,383,93,80,13,290,269,21,06,037,600703
06037600802,"Census Tract 6008.02, Los Angeles County, California",624,9,9,9,0,0,0,0,615,73,73,0,542,533,9,06,037,600802
06071001002,"Census Tract 10.02, San Bernardino County, California",1464,137,106,47,59,31,31,0,1327,651,341,310,676,411,265,06,071,001002
06071001104,"Census Tract 11.04, San Bernardino County, California",1321,84,7,7,0,77,23,54,1237,596,348,248,641,468,173,06,071,001104
06093000900,"Census Tract 9, Siskiyou County, California",1420,31,25,20,5,6,0,6,1389,519,392,127,870,600,270,06,093,000900
06093000701,"Census Tract 7.01, Siskiyou County, California",607,63,50,37,13,13,3,10,544,350,293,57,194,116,78,06,093,000701
06093000200,"Census Tract 2, Siskiyou County, California",304,41,24,0,24,17,17,0,263,154,128,26,109,61,48,06,093,000200
06093000400,"Census Tract 4, Siskiyou County, California",68,8,4,4,0,4,3,1,60,29,20,9,31,6,25,06,093,000400
06093000500,"Census Tract 5, Siskiyou County, California",267,18,0,0,0,18,10,8,249,135,92,43,114,50,64,06,093,000500
06093000300,"Census Tract 3, Siskiyou County, California",680,43,27,12,15,16,11,5,637,326,235,91,311,191,120,06,093,000300
06093001000,"Census Tract 10, Siskiyou County, California",1047,0,0,0,0,0,0,0,1047,514,434,80,533,368,165,06,093,001000
06093000100,"Census Tract 1, Siskiyou County, California",249,16,16,6,10,0,0,0,233,88,47,41,145,38,107,06,093,000100
06093000703,"Census Tract 7.03, Siskiyou County, California",753,104,98,98,0,6,0,6,649,246,184,62,403,245,158,06,093,000703
06089010100,"Census Tract 101, Shasta County, California",259,9,0,0,0,9,0,9,250,43,43,0,207,103,104,06,089,010100
06089010300,"Census Tract 103, Shasta County, California",919,49,14,14,0,35,35,0,870,353,238,115,517,395,122,06,089,010300
06089010400,"Census Tract 104, Shasta County, California",894,23,23,7,16,0,0,0,871,345,262,83,526,355,171,06,089,010400
06071001101,"Census Tract 11.01, San Bernardino County, California",1202,174,139,54,85,35,35,0,1028,451,247,204,577,373,204,06,071,001101
06071001103,"Census Tract 11.03, San Bernardino County, California",1104,64,64,22,42,0,0,0,1040,449,233,216,591,458,133,06,071,001103
06071001305,"Census Tract 13.05, San Bernardino County, California",1159,77,32,32,0,45,45,0,1082,452,378,74,630,440,190,06,071,001305
06071010700,"Census Tract 107, San Bernardino County, California",981,94,7,0,7,87,69,18,887,352,164,188,535,308,227,06,071,010700
06071010019,"Census Tract 100.19, San Bernardino County, California",1029,144,72,47,25,72,52,20,885,455,221,234,430,296,134,06,071,010019
06071010022,"Census Tract 100.22, San Bernardino County, California",1061,21,21,10,11,0,0,0,1040,440,152,288,600,395,205,06,071,010022
06071010024,"Census Tract 100.24, San Bernardino County, California",995,16,12,12,0,4,0,4,979,493,298,195,486,306,180,06,071,010024
06071011800,"Census Tract 118, San Bernardino County, California",1821,65,18,18,0,47,33,14,1756,838,519,319,918,529,389,06,071,011800
06071009715,"Census Tract 97.15, San Bernardino County, California",1783,56,56,16,40,0,0,0,1727,914,614,300,813,418,395,06,071,009715
06071010012,"Census Tract 100.12, San Bernardino County, California",1011,45,45,45,0,0,0,0,966,448,316,132,518,218,300,06,071,010012
06071010015,"Census Tract 100.15, San Bernardino County, California",1302,93,33,10,23,60,36,24,1209,599,303,296,610,394,216,06,071,010015
06071000109,"Census Tract 1.09, San Bernardino County, California",1552,54,54,54,0,0,0,0,1498,884,603,281,614,396,218,06,071,000109
06037554302,"Census Tract 5543.02, Los Angeles County, California",1185,104,86,47,39,18,0,18,1081,344,208,136,737,577,160,06,037,554302
06037554405,"Census Tract 5544.05, Los Angeles County, California",820,33,8,0,8,25,0,25,787,229,172,57,558,369,189,06,037,554405
06037554406,"Census Tract 5544.06, Los Angeles County, California",1151,22,14,14,0,8,8,0,1129,411,233,178,718,438,280,06,037,554406
06037570403,"Census Tract 5704.03, Los Angeles County, California",1168,64,25,5,20,39,39,0,1104,455,246,209,649,465,184,06,037,570403
06037571703,"Census Tract 5717.03, Los Angeles County, California",900,25,7,7,0,18,18,0,875,393,331,62,482,323,159,06,037,571703
06037571704,"Census Tract 5717.04, Los Angeles County, California",1149,71,16,16,0,55,55,0,1078,425,294,131,653,444,209,06,037,571704
06037570404,"Census Tract 5704.04, Los Angeles County, California",1038,87,12,0,12,75,44,31,951,289,204,85,662,449,213,06,037,570404
06037571503,"Census Tract 5715.03, Los Angeles County, California",890,39,10,10,0,29,14,15,851,252,142,110,599,490,109,06,037,571503
06037571504,"Census Tract 5715.04, Los Angeles County, California",1280,68,61,30,31,7,0,7,1212,451,282,169,761,603,158,06,037,571504
06059075806,"Census Tract 758.06, Orange County, California",1453,23,23,9,14,0,0,0,1430,774,653,121,656,390,266,06,059,075806
06059075807,"Census Tract 758.07, Orange County, California",870,66,66,8,58,0,0,0,804,458,372,86,346,246,100,06,059,075807
06059075808,"Census Tract 758.08, Orange County, California",602,23,23,23,0,0,0,0,579,346,246,100,233,154,79,06,059,075808
06059075809,"Census Tract 758.09, Orange County, California",490,7,7,0,7,0,0,0,483,216,98,118,267,168,99,06,059,075809
06059075812,"Census Tract 758.12, Orange County, California",1561,83,51,43,8,32,6,26,1478,629,328,301,849,593,256,06,059,075812
06059075814,"Census Tract 758.14, Orange County, California",680,10,10,0,10,0,0,0,670,375,295,80,295,244,51,06,059,075814
06059076101,"Census Tract 761.01, Orange County, California",2834,106,89,0,89,17,0,17,2728,1094,835,259,1634,1367,267,06,059,076101
06059076201,"Census Tract 762.01, Orange County, California",1976,187,163,124,39,24,24,0,1789,898,784,114,891,693,198,06,059,076201
06059076208,"Census Tract 762.08, Orange County, California",1173,83,25,17,8,58,48,10,1090,492,430,62,598,375,223,06,059,076208
06059086304,"Census Tract 863.04, Orange County, California",1380,24,24,6,18,0,0,0,1356,501,351,150,855,639,216,06,059,086304
06059086305,"Census Tract 863.05, Orange County, California",989,50,12,12,0,38,23,15,939,410,348,62,529,358,171,06,059,086305
06059086702,"Census Tract 867.02, Orange County, California",2169,32,24,24,0,8,8,0,2137,940,651,289,1197,834,363,06,059,086702
06059086902,"Census Tract 869.02, Orange County, California",1199,8,8,0,8,0,0,0,1191,448,310,138,743,468,275,06,059,086902
06059087002,"Census Tract 870.02, Orange County, California",2020,39,17,0,17,22,22,0,1981,1014,662,352,967,731,236,06,059,087002
06059087401,"Census Tract 874.01, Orange County, California",1448,108,91,86,5,17,17,0,1340,617,455,162,723,610,113,06,059,087401
06059087404,"Census Tract 874.04, Orange County, California",1113,75,37,5,32,38,38,0,1038,554,321,233,484,322,162,06,059,087404
06059087504,"Census Tract 875.04, Orange County, California",1640,95,57,24,33,38,38,0,1545,649,358,291,896,596,300,06,059,087504
06059087701,"Census Tract 877.01, Orange County, California",1555,29,29,29,0,0,0,0,1526,516,342,174,1010,802,208,06,059,087701
06059087901,"Census Tract 879.01, Orange County, California",1031,9,9,9,0,0,0,0,1022,534,375,159,488,362,126,06,059,087901
06059088301,"Census Tract 883.01, Orange County, California",1637,39,39,0,39,0,0,0,1598,717,463,254,881,590,291,06,059,088301
06059088901,"Census Tract 889.01, Orange County, California",1706,92,47,27,20,45,45,0,1614,826,539,287,788,390,398,06,059,088901
06059088903,"Census Tract 889.03, Orange County, California",2217,77,77,26,51,0,0,0,2140,946,649,297,1194,768,426,06,059,088903
06059088905,"Census Tract 889.05, Orange County, California",1380,83,44,12,32,39,0,39,1297,583,484,99,714,395,319,06,059,088905
06001450743,"Census Tract 4507.43, Alameda County, California",1824,91,53,18,35,38,0,38,1733,1392,702,690,341,216,125,06,001,450743
06001450746,"Census Tract 4507.46, Alameda County, California",802,10,10,10,0,0,0,0,792,579,400,179,213,130,83,06,001,450746
06001450750,"Census Tract 4507.50, Alameda County, California",1275,125,125,48,77,0,0,0,1150,636,408,228,514,432,82,06,001,450750
06001450751,"Census Tract 4507.51, Alameda County, California",2505,189,189,102,87,0,0,0,2316,1915,1395,520,401,205,196,06,001,450751
06001450752,"Census Tract 4507.52, Alameda County, California",1525,34,34,23,11,0,0,0,1491,1105,798,307,386,193,193,06,001,450752
06001451403,"Census Tract 4514.03, Alameda County, California",486,54,54,43,11,0,0,0,432,199,158,41,233,179,54,06,001,451403
06001451404,"Census Tract 4514.04, Alameda County, California",1859,40,40,19,21,0,0,0,1819,933,769,164,886,732,154,06,001,451404
06001451504,"Census Tract 4515.04, Alameda County, California",355,26,26,15,11,0,0,0,329,149,114,35,180,171,9,06,001,451504
06001451505,"Census Tract 4515.05, Alameda County, California",658,0,0,0,0,0,0,0,658,379,344,35,279,161,118,06,001,451505
06001451506,"Census Tract 4515.06, Alameda County, California",861,11,11,11,0,0,0,0,850,352,224,128,498,387,111,06,001,451506
06111002901,"Census Tract 29.01, Ventura County, California",1281,40,16,9,7,24,24,0,1241,463,396,67,778,494,284,06,111,002901
06111005700,"Census Tract 57, Ventura County, California",1915,7,7,7,0,0,0,0,1908,265,195,70,1643,930,713,06,111,005700
06111006301,"Census Tract 63.01, Ventura County, California",1222,0,0,0,0,0,0,0,1222,721,467,254,501,357,144,06,111,006301
06111007000,"Census Tract 70, Ventura County, California",1141,106,79,34,45,27,27,0,1035,450,345,105,585,488,97,06,111,007000
06111007904,"Census Tract 79.04, Ventura County, California",1053,24,17,9,8,7,7,0,1029,545,346,199,484,386,98,06,111,007904
06111008304,"Census Tract 83.04, Ventura County, California",1313,123,101,65,36,22,22,0,1190,682,513,169,508,449,59,06,111,008304
06111001506,"Census Tract 15.06, Ventura County, California",1106,83,36,12,24,47,47,0,1023,485,386,99,538,382,156,06,111,001506
06111002700,"Census Tract 27, Ventura County, California",1181,69,62,53,9,7,7,0,1112,310,250,60,802,489,313,06,111,002700
06111002800,"Census Tract 28, Ventura County, California",1557,82,50,50,0,32,10,22,1475,538,438,100,937,593,344,06,111,002800
06111003100,"Census Tract 31, Ventura County, California",4067,150,68,57,11,82,53,29,3917,2043,1516,527,1874,1310,564,06,111,003100
06111005203,"Census Tract 52.03, Ventura County, California",1102,62,30,14,16,32,24,8,1040,433,328,105,607,458,149,06,111,005203
06111005401,"Census Tract 54.01, Ventura County, California",853,51,51,26,25,0,0,0,802,391,241,150,411,306,105,06,111,005401
06111005502,"Census Tract 55.02, Ventura County, California",1420,32,32,14,18,0,0,0,1388,786,640,146,602,480,122,06,111,005502
06111005504,"Census Tract 55.04, Ventura County, California",868,42,42,0,42,0,0,0,826,455,338,117,371,297,74,06,111,005504
06111008201,"Census Tract 82.01, Ventura County, California",1245,103,94,63,31,9,0,9,1142,489,390,99,653,492,161,06,111,008201
06111008303,"Census Tract 83.03, Ventura County, California",849,72,20,8,12,52,42,10,777,320,214,106,457,352,105,06,111,008303
06111005908,"Census Tract 59.08, Ventura County, California",701,15,10,5,5,5,5,0,686,380,229,151,306,173,133,06,111,005908
06037404801,"Census Tract 4048.01, Los Angeles County, California",2112,127,50,38,12,77,65,12,1985,787,506,281,1198,679,519,06,037,404801
06037405002,"Census Tract 4050.02, Los Angeles County, California",761,14,0,0,0,14,8,6,747,315,180,135,432,253,179,06,037,405002
06037405800,"Census Tract 4058, Los Angeles County, California",1443,42,42,28,14,0,0,0,1401,773,556,217,628,361,267,06,037,405800
06037406402,"Census Tract 4064.02, Los Angeles County, California",467,33,33,20,13,0,0,0,434,183,162,21,251,184,67,06,037,406402
06037406800,"Census Tract 4068, Los Angeles County, California",936,58,58,58,0,0,0,0,878,340,274,66,538,305,233,06,037,406800
06065042731,"Census Tract 427.31, Riverside County, California",1762,98,58,17,41,40,0,40,1664,771,549,222,893,602,291,06,065,042731
06065042732,"Census Tract 427.32, Riverside County, California",1581,64,64,31,33,0,0,0,1517,728,387,341,789,479,310,06,065,042732
06037261200,"Census Tract 2612, Los Angeles County, California",834,55,55,48,7,0,0,0,779,448,277,171,331,241,90,06,037,261200
06037229100,"Census Tract 2291, Los Angeles County, California",1338,79,51,11,40,28,28,0,1259,412,298,114,847,564,283,06,037,229100
06037271100,"Census Tract 2711, Los Angeles County, California",553,48,48,15,33,0,0,0,505,174,119,55,331,248,83,06,037,271100
06037275311,"Census Tract 2753.11, Los Angeles County, California",1248,20,20,20,0,0,0,0,1228,642,521,121,586,576,10,06,037,275311
06037482102,"Census Tract 4821.02, Los Angeles County, California",706,12,12,8,4,0,0,0,694,284,247,37,410,248,162,06,037,482102
06037464100,"Census Tract 4641, Los Angeles County, California",1549,40,40,40,0,0,0,0,1509,768,380,388,741,457,284,06,037,464100
06037481402,"Census Tract 4814.02, Los Angeles County, California",1719,138,138,99,39,0,0,0,1581,661,459,202,920,543,377,06,037,481402
06037482800,"Census Tract 4828, Los Angeles County, California",1052,28,28,14,14,0,0,0,1024,450,233,217,574,332,242,06,037,482800
06037503201,"Census Tract 5032.01, Los Angeles County, California",825,14,14,14,0,0,0,0,811,408,320,88,403,269,134,06,037,503201
06037651001,"Census Tract 6510.01, Los Angeles County, California",1203,6,6,6,0,0,0,0,1197,636,472,164,561,454,107,06,037,651001
06037670411,"Census Tract 6704.11, Los Angeles County, California",1014,62,35,11,24,27,14,13,952,513,289,224,439,184,255,06,037,670411
06037701000,"Census Tract 7010, Los Angeles County, California",1239,0,0,0,0,0,0,0,1239,532,234,298,707,472,235,06,037,701000
06037702901,"Census Tract 7029.01, Los Angeles County, California",2491,237,159,0,159,78,78,0,2254,656,437,219,1598,1252,346,06,037,702901
06037901102,"Census Tract 9011.02, Los Angeles County, California",1255,0,0,0,0,0,0,0,1255,483,267,216,772,320,452,06,037,901102
06037273600,"Census Tract 2736, Los Angeles County, California",627,20,20,20,0,0,0,0,607,285,235,50,322,291,31,06,037,273600
06037274100,"Census Tract 2741, Los Angeles County, California",1166,79,0,0,0,79,79,0,1087,327,227,100,760,631,129,06,037,274100
06065042733,"Census Tract 427.33, Riverside County, California",2479,241,156,56,100,85,69,16,2238,1158,672,486,1080,639,441,06,065,042733
06065042737,"Census Tract 427.37, Riverside County, California",613,33,33,13,20,0,0,0,580,347,242,105,233,145,88,06,065,042737
06065042738,"Census Tract 427.38, Riverside County, California",2219,97,66,24,42,31,18,13,2122,1001,809,192,1121,895,226,06,065,042738
06065042739,"Census Tract 427.39, Riverside County, California",2001,54,54,41,13,0,0,0,1947,1008,708,300,939,570,369,06,065,042739
06001422600,"Census Tract 4226, Alameda County, California",669,0,0,0,0,0,0,0,669,8,0,8,661,341,320,06,001,422600
06001423100,"Census Tract 4231, Alameda County, California",1082,37,37,28,9,0,0,0,1045,399,328,71,646,497,149,06,001,423100
06001426100,"Census Tract 4261, Alameda County, California",1103,48,48,48,0,0,0,0,1055,613,362,251,442,250,192,06,001,426100
06037408134,"Census Tract 4081.34, Los Angeles County, California",550,10,10,4,6,0,0,0,540,166,142,24,374,312,62,06,037,408134
06037408301,"Census Tract 4083.01, Los Angeles County, California",1530,102,76,0,76,26,18,8,1428,425,256,169,1003,597,406,06,037,408301
06037408627,"Census Tract 4086.27, Los Angeles County, California",597,11,11,6,5,0,0,0,586,310,236,74,276,211,65,06,037,408627
06037408703,"Census Tract 4087.03, Los Angeles County, California",1368,38,38,27,11,0,0,0,1330,685,538,147,645,373,272,06,037,408703
06037430502,"Census Tract 4305.02, Los Angeles County, California",1509,17,17,0,17,0,0,0,1492,861,653,208,631,472,159,06,037,430502
06037430723,"Census Tract 4307.23, Los Angeles County, California",1233,41,34,10,24,7,7,0,1192,553,370,183,639,452,187,06,037,430723
06065041905,"Census Tract 419.05, Riverside County, California",891,40,19,3,16,21,17,4,851,462,318,144,389,270,119,06,065,041905
06065041909,"Census Tract 419.09, Riverside County, California",1238,32,11,0,11,21,8,13,1206,396,243,153,810,465,345,06,065,041909
06065042007,"Census Tract 420.07, Riverside County, California",1028,36,24,0,24,12,0,12,992,310,229,81,682,481,201,06,065,042007
06065042009,"Census Tract 420.09, Riverside County, California",1856,160,91,45,46,69,31,38,1696,780,471,309,916,535,381,06,065,042009
06065042212,"Census Tract 422.12, Riverside County, California",1381,119,101,54,47,18,0,18,1262,482,290,192,780,569,211,06,065,042212
06065042517,"Census Tract 425.17, Riverside County, California",837,3,3,0,3,0,0,0,834,383,160,223,451,276,175,06,065,042517
06065042715,"Census Tract 427.15, Riverside County, California",3488,257,60,19,41,197,197,0,3231,1791,1036,755,1440,876,564,06,065,042715
06065042903,"Census Tract 429.03, Riverside County, California",1555,67,45,0,45,22,22,0,1488,688,332,356,800,354,446,06,065,042903
06065043310,"Census Tract 433.10, Riverside County, California",903,123,63,48,15,60,0,60,780,220,187,33,560,346,214,06,065,043310
06065043505,"Census Tract 435.05, Riverside County, California",312,0,0,0,0,0,0,0,312,139,105,34,173,78,95,06,065,043505
06065043507,"Census Tract 435.07, Riverside County, California",1969,226,84,40,44,142,142,0,1743,577,403,174,1166,1015,151,06,065,043507
06065044103,"Census Tract 441.03, Riverside County, California",939,58,31,0,31,27,27,0,881,327,181,146,554,300,254,06,065,044103
06065044104,"Census Tract 441.04, Riverside County, California",635,63,37,32,5,26,6,20,572,279,178,101,293,172,121,06,065,044104
06065044507,"Census Tract 445.07, Riverside County, California",1728,133,118,67,51,15,15,0,1595,667,328,339,928,568,360,06,065,044507
06065044604,"Census Tract 446.04, Riverside County, California",800,71,16,5,11,55,27,28,729,243,191,52,486,317,169,06,065,044604
06065044916,"Census Tract 449.16, Riverside County, California",757,75,46,23,23,29,29,0,682,329,202,127,353,239,114,06,065,044916
06065041808,"Census Tract 418.08, Riverside County, California",1399,17,17,9,8,0,0,0,1382,884,576,308,498,361,137,06,065,041808
06065042214,"Census Tract 422.14, Riverside County, California",1746,163,142,118,24,21,21,0,1583,513,320,193,1070,822,248,06,065,042214
06065042403,"Census Tract 424.03, Riverside County, California",968,78,60,9,51,18,0,18,890,420,231,189,470,324,146,06,065,042403
06065042409,"Census Tract 424.09, Riverside County, California",897,52,28,0,28,24,6,18,845,333,261,72,512,405,107,06,065,042409
06065042511,"Census Tract 425.11, Riverside County, California",853,108,48,22,26,60,41,19,745,242,192,50,503,297,206,06,065,042511
06065042516,"Census Tract 425.16, Riverside County, California",1297,114,105,44,61,9,0,9,1183,466,319,147,717,501,216,06,065,042516
06065042706,"Census Tract 427.06, Riverside County, California",1944,80,68,35,33,12,12,0,1864,962,495,467,902,559,343,06,065,042706
06065042709,"Census Tract 427.09, Riverside County, California",608,54,0,0,0,54,0,54,554,341,249,92,213,174,39,06,065,042709
06065042717,"Census Tract 427.17, Riverside County, California",1467,65,30,0,30,35,13,22,1402,644,449,195,758,555,203,06,065,042717
06085503105,"Census Tract 5031.05, Santa Clara County, California",547,10,10,10,0,0,0,0,537,264,241,23,273,226,47,06,085,503105
06085505001,"Census Tract 5050.01, Santa Clara County, California",2656,117,117,88,29,0,0,0,2539,1562,1152,410,977,654,323,06,085,505001
06085505301,"Census Tract 5053.01, Santa Clara County, California",1254,45,45,39,6,0,0,0,1209,566,386,180,643,565,78,06,085,505301
06085500200,"Census Tract 5002, Santa Clara County, California",1515,86,86,86,0,0,0,0,1429,539,412,127,890,856,34,06,085,500200
06085500901,"Census Tract 5009.01, Santa Clara County, California",1268,0,0,0,0,0,0,0,1268,344,201,143,924,810,114,06,085,500901
06085501501,"Census Tract 5015.01, Santa Clara County, California",1306,47,27,8,19,20,20,0,1259,579,372,207,680,509,171,06,085,501501
06085502101,"Census Tract 5021.01, Santa Clara County, California",1205,103,103,92,11,0,0,0,1102,430,341,89,672,610,62,06,085,502101
06085502701,"Census Tract 5027.01, Santa Clara County, California",1166,37,30,22,8,7,7,0,1129,510,398,112,619,483,136,06,085,502701
06085502903,"Census Tract 5029.03, Santa Clara County, California",831,39,32,32,0,7,0,7,792,618,445,173,174,140,34,06,085,502903
06085503002,"Census Tract 5030.02, Santa Clara County, California",808,50,50,50,0,0,0,0,758,322,243,79,436,320,116,06,085,503002
06007000603,"Census Tract 6.03, Butte County, California",1535,21,21,16,5,0,0,0,1514,73,55,18,1441,748,693,06,007,000603
06007000202,"Census Tract 2.02, Butte County, California",893,59,8,8,0,51,51,0,834,241,233,8,593,490,103,06,007,000202
06007000300,"Census Tract 3, Butte County, California",1139,144,131,87,44,13,13,0,995,375,236,139,620,481,139,06,007,000300
06007000502,"Census Tract 5.02, Butte County, California",1284,17,11,11,0,6,6,0,1267,134,95,39,1133,653,480,06,007,000502
06007002800,"Census Tract 28, Butte County, California",970,42,31,22,9,11,11,0,928,235,130,105,693,301,392,06,007,002800
06007002900,"Census Tract 29, Butte County, California",648,48,32,22,10,16,6,10,600,207,123,84,393,313,80,06,007,002900
06007003100,"Census Tract 31, Butte County, California",862,52,45,35,10,7,0,7,810,345,264,81,465,326,139,06,007,003100
06007000102,"Census Tract 1.02, Butte County, California",847,25,14,7,7,11,11,0,822,289,212,77,533,474,59,06,007,000102
06007001100,"Census Tract 11, Butte County, California",1082,0,0,0,0,0,0,0,1082,191,111,80,891,435,456,06,007,001100
06007001500,"Census Tract 15, Butte County, California",1401,0,0,0,0,0,0,0,1401,692,598,94,709,442,267,06,007,001500
06007001702,"Census Tract 17.02, Butte County, California",1418,16,0,0,0,16,16,0,1402,420,325,95,982,624,358,06,007,001702
06007001800,"Census Tract 18, Butte County, California",846,24,0,0,0,24,24,0,822,317,252,65,505,244,261,06,007,001800
06007002300,"Census Tract 23, Butte County, California",687,147,59,59,0,88,88,0,540,297,184,113,243,150,93,06,007,002300
06007000700,"Census Tract 7, Butte County, California",1109,120,96,81,15,24,24,0,989,322,219,103,667,522,145,06,007,000700
06007000800,"Census Tract 8, Butte County, California",1293,107,82,18,64,25,0,25,1186,627,562,65,559,405,154,06,007,000800
06007001200,"Census Tract 12, Butte County, California",1154,42,13,5,8,29,29,0,1112,217,191,26,895,746,149,06,007,001200
06007002200,"Census Tract 22, Butte County, California",747,23,23,23,0,0,0,0,724,291,161,130,433,196,237,06,007,002200
06007002500,"Census Tract 25, Butte County, California",1122,104,47,10,37,57,26,31,1018,285,205,80,733,342,391,06,007,002500
06059001303,"Census Tract 13.03, Orange County, California",1569,54,54,39,15,0,0,0,1515,631,489,142,884,712,172,06,059,001303
06059001403,"Census Tract 14.03, Orange County, California",587,54,54,43,11,0,0,0,533,253,215,38,280,181,99,06,059,001403
06059001505,"Census Tract 15.05, Orange County, California",1868,104,104,55,49,0,0,0,1764,739,587,152,1025,612,413,06,059,001505
06059001704,"Census Tract 17.04, Orange County, California",1744,99,99,42,57,0,0,0,1645,909,563,346,736,465,271,06,059,001704
06059001705,"Census Tract 17.05, Orange County, California",878,33,24,0,24,9,9,0,845,313,209,104,532,324,208,06,059,001705
06059001706,"Census Tract 17.06, Orange County, California",709,12,0,0,0,12,12,0,697,360,248,112,337,208,129,06,059,001706
06059011601,"Census Tract 116.01, Orange County, California",2017,23,23,0,23,0,0,0,1994,717,397,320,1277,1006,271,06,059,011601
06085508203,"Census Tract 5082.03, Santa Clara County, California",1185,92,84,51,33,8,8,0,1093,856,566,290,237,168,69,06,085,508203
06085508204,"Census Tract 5082.04, Santa Clara County, California",953,71,64,33,31,7,7,0,882,630,439,191,252,163,89,06,085,508204
06085508301,"Census Tract 5083.01, Santa Clara County, California",880,7,7,0,7,0,0,0,873,567,452,115,306,242,64,06,085,508301
06085509302,"Census Tract 5093.02, Santa Clara County, California",803,50,50,20,30,0,0,0,753,382,316,66,371,270,101,06,085,509302
06085509700,"Census Tract 5097, Santa Clara County, California",746,44,44,37,7,0,0,0,702,435,379,56,267,209,58,06,085,509700
06029000101,"Census Tract 1.01, Kern County, California",3142,293,160,95,65,133,71,62,2849,1185,825,360,1664,807,857,06,029,000101
06029001400,"Census Tract 14, Kern County, California",2155,180,31,22,9,149,71,78,1975,426,287,139,1549,1005,544,06,029,001400
06029001600,"Census Tract 16, Kern County, California",537,32,0,0,0,32,32,0,505,102,65,37,403,293,110,06,029,001600
06029002100,"Census Tract 21, Kern County, California",868,107,21,21,0,86,54,32,761,304,162,142,457,303,154,06,029,002100
06029002200,"Census Tract 22, Kern County, California",1040,102,34,20,14,68,25,43,938,361,212,149,577,256,321,06,029,002200
06029002808,"Census Tract 28.08, Kern County, California",1608,110,92,0,92,18,18,0,1498,705,536,169,793,545,248,06,029,002808
06029002900,"Census Tract 29, Kern County, California",1695,99,68,52,16,31,31,0,1596,633,345,288,963,567,396,06,029,002900
06029003121,"Census Tract 31.21, Kern County, California",2279,69,57,13,44,12,0,12,2210,955,646,309,1255,705,550,06,029,003121
06029003203,"Census Tract 32.03, Kern County, California",484,34,27,6,21,7,7,0,450,238,191,47,212,152,60,06,029,003203
06029003204,"Census Tract 32.04, Kern County, California",2763,93,93,46,47,0,0,0,2670,1706,1330,376,964,537,427,06,029,003204
06029003803,"Census Tract 38.03, Kern County, California",1911,125,125,66,59,0,0,0,1786,932,733,199,854,585,269,06,029,003803
06029000906,"Census Tract 9.06, Kern County, California",1111,99,55,0,55,44,33,11,1012,393,249,144,619,400,219,06,029,000906
06029000907,"Census Tract 9.07, Kern County, California",678,66,41,0,41,25,3,22,612,255,169,86,357,250,107,06,029,000907
06029000910,"Census Tract 9.10, Kern County, California",2746,100,100,100,0,0,0,0,2646,1093,845,248,1553,1212,341,06,029,000910
06037221602,"Census Tract 2216.02, Los Angeles County, California",748,9,9,5,4,0,0,0,739,236,134,102,503,300,203,06,037,221602
06037221402,"Census Tract 2214.02, Los Angeles County, California",599,34,24,3,21,10,0,10,565,146,102,44,419,302,117,06,037,221402
06037534804,"Census Tract 5348.04, Los Angeles County, California",1077,34,34,8,26,0,0,0,1043,424,256,168,619,392,227,06,037,534804
06037535200,"Census Tract 5352, Los Angeles County, California",1819,87,20,10,10,67,12,55,1732,613,360,253,1119,584,535,06,037,535200
06037535300,"Census Tract 5353, Los Angeles County, California",1445,83,44,28,16,39,34,5,1362,562,250,312,800,465,335,06,037,535300
06037535702,"Census Tract 5357.02, Los Angeles County, California",1334,50,14,9,5,36,0,36,1284,511,322,189,773,529,244,06,037,535702
06037535803,"Census Tract 5358.03, Los Angeles County, California",1228,57,22,22,0,35,11,24,1171,493,303,190,678,509,169,06,037,535803
06037535901,"Census Tract 5359.01, Los Angeles County, California",1172,91,46,46,0,45,45,0,1081,490,341,149,591,420,171,06,037,535901
06037541603,"Census Tract 5416.03, Los Angeles County, California",767,106,41,11,30,65,41,24,661,320,162,158,341,246,95,06,037,541603
06037541604,"Census Tract 5416.04, Los Angeles County, California",1592,145,68,41,27,77,49,28,1447,510,234,276,937,411,526,06,037,541604
06037542501,"Census Tract 5425.01, Los Angeles County, California",1147,48,0,0,0,48,0,48,1099,339,250,89,760,553,207,06,037,542501
06037543321,"Census Tract 5433.21, Los Angeles County, California",1345,81,41,30,11,40,40,0,1264,390,320,70,874,729,145,06,037,543321
06037543502,"Census Tract 5435.02, Los Angeles County, California",899,29,0,0,0,29,0,29,870,369,227,142,501,361,140,06,037,543502
06037550100,"Census Tract 5501, Los Angeles County, California",1593,52,17,7,10,35,24,11,1541,854,499,355,687,424,263,06,037,550100
06037550500,"Census Tract 5505, Los Angeles County, California",2040,47,47,47,0,0,0,0,1993,970,635,335,1023,712,311,06,037,550500
06037551000,"Census Tract 5510, Los Angeles County, California",1603,125,125,13,112,0,0,0,1478,805,583,222,673,307,366,06,037,551000
06037552200,"Census Tract 5522, Los Angeles County, California",1434,89,51,30,21,38,2,36,1345,549,299,250,796,631,165,06,037,552200
06073008312,"Census Tract 83.12, San Diego County, California",678,0,0,0,0,0,0,0,678,293,207,86,385,222,163,06,073,008312
06073008351,"Census Tract 83.51, San Diego County, California",1095,68,60,50,10,8,8,0,1027,529,437,92,498,361,137,06,073,008351
06073005900,"Census Tract 59, San Diego County, California",1175,9,9,9,0,0,0,0,1166,314,304,10,852,797,55,06,073,005900
06073007903,"Census Tract 79.03, San Diego County, California",1598,28,28,12,16,0,0,0,1570,252,221,31,1318,1119,199,06,073,007903
06073016901,"Census Tract 169.01, San Diego County, California",1595,99,80,52,28,19,0,19,1496,1014,807,207,482,346,136,06,073,016901
06073017401,"Census Tract 174.01, San Diego County, California",1529,49,49,49,0,0,0,0,1480,513,377,136,967,825,142,06,073,017401
06073013206,"Census Tract 132.06, San Diego County, California",1714,107,107,55,52,0,0,0,1607,882,642,240,725,551,174,06,073,013206
06073013419,"Census Tract 134.19, San Diego County, California",1976,176,124,87,37,52,29,23,1800,1121,869,252,679,392,287,06,073,013419
06073015406,"Census Tract 154.06, San Diego County, California",496,14,14,14,0,0,0,0,482,239,192,47,243,186,57,06,073,015406
06073017403,"Census Tract 174.03, San Diego County, California",1088,68,68,44,24,0,0,0,1020,450,353,97,570,441,129,06,073,017403
06073019208,"Census Tract 192.08, San Diego County, California",627,41,31,24,7,10,10,0,586,350,259,91,236,108,128,06,073,019208
06029005402,"Census Tract 54.02, Kern County, California",1114,51,30,16,14,21,21,0,1063,511,394,117,552,266,286,06,029,005402
06029005700,"Census Tract 57, Kern County, California",703,102,102,29,73,0,0,0,601,566,298,268,35,25,10,06,029,005700
06029002804,"Census Tract 28.04, Kern County, California",285,0,0,0,0,0,0,0,285,121,102,19,164,76,88,06,029,002804
06029002807,"Census Tract 28.07, Kern County, California",810,55,39,28,11,16,16,0,755,434,175,259,321,201,120,06,029,002807
06029002816,"Census Tract 28.16, Kern County, California",1455,40,13,0,13,27,27,0,1415,633,440,193,782,578,204,06,029,002816
06029002819,"Census Tract 28.19, Kern County, California",1263,136,106,106,0,30,30,0,1127,529,326,203,598,522,76,06,029,002819
06037294200,"Census Tract 2942, Los Angeles County, California",1296,137,81,21,60,56,44,12,1159,444,324,120,715,470,245,06,037,294200
06037294510,"Census Tract 2945.10, Los Angeles County, California",1224,91,62,8,54,29,9,20,1133,448,236,212,685,481,204,06,037,294510
06037301400,"Census Tract 3014, Los Angeles County, California",778,22,9,9,0,13,13,0,756,357,194,163,399,322,77,06,037,301400
06037301501,"Census Tract 3015.01, Los Angeles County, California",463,22,22,22,0,0,0,0,441,204,173,31,237,147,90,06,037,301501
06037301701,"Census Tract 3017.01, Los Angeles County, California",676,44,5,0,5,39,39,0,632,218,199,19,414,339,75,06,037,301701
06037302104,"Census Tract 3021.04, Los Angeles County, California",1207,60,60,36,24,0,0,0,1147,488,356,132,659,602,57,06,037,302104
06037480703,"Census Tract 4807.03, Los Angeles County, California",863,32,8,8,0,24,24,0,831,378,324,54,453,340,113,06,037,480703
06037480902,"Census Tract 4809.02, Los Angeles County, California",948,27,21,15,6,6,0,6,921,508,382,126,413,284,129,06,037,480902
06037480903,"Census Tract 4809.03, Los Angeles County, California",675,57,29,26,3,28,28,0,618,253,135,118,365,239,126,06,037,480903
06037481002,"Census Tract 4810.02, Los Angeles County, California",1287,67,67,0,67,0,0,0,1220,469,274,195,751,557,194,06,037,481002
06037481102,"Census Tract 4811.02, Los Angeles County, California",1024,93,93,11,82,0,0,0,931,391,218,173,540,324,216,06,037,481102
06037481202,"Census Tract 4812.02, Los Angeles County, California",1499,48,39,11,28,9,9,0,1451,496,349,147,955,759,196,06,037,481202
06111007606,"Census Tract 76.06, Ventura County, California",403,24,24,0,24,0,0,0,379,166,118,48,213,68,145,06,111,007606
06111003608,"Census Tract 36.08, Ventura County, California",898,34,23,0,23,11,11,0,864,453,397,56,411,297,114,06,111,003608
06111005002,"Census Tract 50.02, Ventura County, California",573,22,3,0,3,19,0,19,551,288,146,142,263,163,100,06,111,005002
06111005305,"Census Tract 53.05, Ventura County, California",1251,20,8,0,8,12,12,0,1231,495,341,154,736,468,268,06,111,005305
06111000302,"Census Tract 3.02, Ventura County, California",1970,57,21,21,0,36,11,25,1913,820,570,250,1093,713,380,06,111,000302
06111001602,"Census Tract 16.02, Ventura County, California",476,66,34,24,10,32,8,24,410,191,131,60,219,157,62,06,111,001602
06111007403,"Census Tract 74.03, Ventura County, California",1142,106,106,98,8,0,0,0,1036,701,378,323,335,289,46,06,111,007403
06111007607,"Census Tract 76.07, Ventura County, California",1547,109,86,73,13,23,23,0,1438,593,436,157,845,620,225,06,111,007607
06111001102,"Census Tract 11.02, Ventura County, California",746,31,18,18,0,13,13,0,715,281,221,60,434,298,136,06,111,001102
06111004400,"Census Tract 44, Ventura County, California",1993,88,88,41,47,0,0,0,1905,753,559,194,1152,831,321,06,111,004400
06009000300,"Census Tract 3, Calaveras County, California",1091,22,19,0,19,3,0,3,1069,334,113,221,735,264,471,06,009,000300
06009000120,"Census Tract 1.20, Calaveras County, California",709,43,23,11,12,20,20,0,666,307,245,62,359,203,156,06,009,000120
06009000210,"Census Tract 2.10, Calaveras County, California",1805,55,34,34,0,21,21,0,1750,846,632,214,904,612,292,06,009,000210
06009000220,"Census Tract 2.20, Calaveras County, California",1558,48,48,48,0,0,0,0,1510,518,328,190,992,805,187,06,009,000220
06009000400,"Census Tract 4, Calaveras County, California",317,0,0,0,0,0,0,0,317,118,69,49,199,51,148,06,009,000400
06101050301,"Census Tract 503.01, Sutter County, California",486,30,26,13,13,4,4,0,456,219,153,66,237,167,70,06,101,050301
06095252605,"Census Tract 2526.05, Solano County, California",1538,111,10,0,10,101,13,88,1427,668,367,301,759,543,216,06,095,252605
06095252903,"Census Tract 2529.03, Solano County, California",564,39,39,17,22,0,0,0,525,244,130,114,281,163,118,06,095,252903
06095251701,"Census Tract 2517.01, Solano County, California",857,36,36,22,14,0,0,0,821,210,150,60,611,473,138,06,095,251701
06095252000,"Census Tract 2520, Solano County, California",725,77,0,0,0,77,24,53,648,418,398,20,230,204,26,06,095,252000
06095252105,"Census Tract 2521.05, Solano County, California",719,24,16,16,0,8,8,0,695,373,315,58,322,200,122,06,095,252105
06095252606,"Census Tract 2526.06, Solano County, California",1344,171,53,0,53,118,39,79,1173,476,357,119,697,567,130,06,095,252606
06095252703,"Census Tract 2527.03, Solano County, California",1030,55,55,55,0,0,0,0,975,421,328,93,554,428,126,06,095,252703
06095252707,"Census Tract 2527.07, Solano County, California",1380,33,13,13,0,20,20,0,1347,524,340,184,823,619,204,06,095,252707
06095253201,"Census Tract 2532.01, Solano County, California",785,10,0,0,0,10,10,0,775,477,350,127,298,187,111,06,095,253201
06095250701,"Census Tract 2507.01, Solano County, California",595,46,44,27,17,2,0,2,549,285,155,130,264,234,30,06,095,250701
06095250900,"Census Tract 2509, Solano County, California",738,86,34,15,19,52,52,0,652,167,162,5,485,322,163,06,095,250900
06095251702,"Census Tract 2517.02, Solano County, California",712,35,18,12,6,17,17,0,677,267,240,27,410,299,111,06,095,251702
06095251902,"Census Tract 2519.02, Solano County, California",1267,57,31,29,2,26,0,26,1210,589,389,200,621,396,225,06,095,251902
06095251903,"Census Tract 2519.03, Solano County, California",1432,82,57,49,8,25,0,25,1350,381,234,147,969,631,338,06,095,251903
06095252104,"Census Tract 2521.04, Solano County, California",1069,72,24,24,0,48,48,0,997,580,474,106,417,289,128,06,095,252104
06095252909,"Census Tract 2529.09, Solano County, California",894,24,24,14,10,0,0,0,870,356,207,149,514,438,76,06,095,252909
06095252910,"Census Tract 2529.10, Solano County, California",1495,74,74,30,44,0,0,0,1421,806,633,173,615,473,142,06,095,252910
06095253300,"Census Tract 2533, Solano County, California",681,33,33,18,15,0,0,0,648,222,195,27,426,242,184,06,095,253300
06095250200,"Census Tract 2502, Solano County, California",998,17,14,0,14,3,3,0,981,278,229,49,703,505,198,06,095,250200
06095251000,"Census Tract 2510, Solano County, California",779,62,16,16,0,46,22,24,717,138,44,94,579,402,177,06,095,251000
06095251804,"Census Tract 2518.04, Solano County, California",985,77,55,55,0,22,22,0,908,315,272,43,593,425,168,06,095,251804
06095252106,"Census Tract 2521.06, Solano County, California",698,35,15,0,15,20,20,0,663,378,261,117,285,235,50,06,095,252106
06095250300,"Census Tract 2503, Solano County, California",583,55,0,0,0,55,0,55,528,159,137,22,369,321,48,06,095,250300
06095250502,"Census Tract 2505.02, Solano County, California",822,55,55,55,0,0,0,0,767,339,284,55,428,246,182,06,095,250502
06095252103,"Census Tract 2521.03, Solano County, California",1430,59,43,26,17,16,16,0,1371,623,467,156,748,516,232,06,095,252103
06095252402,"Census Tract 2524.02, Solano County, California",1336,113,43,43,0,70,61,9,1223,414,314,100,809,500,309,06,095,252402
06095252502,"Census Tract 2525.02, Solano County, California",465,54,0,0,0,54,26,28,411,139,100,39,272,165,107,06,095,252502
06059074200,"Census Tract 742, Orange County, California",2734,77,47,47,0,30,16,14,2657,976,580,396,1681,1146,535,06,059,074200
06059074408,"Census Tract 744.08, Orange County, California",1607,182,77,26,51,105,105,0,1425,632,506,126,793,481,312,06,059,074408
06037236100,"Census Tract 2361, Los Angeles County, California",1826,47,47,0,47,0,0,0,1779,429,265,164,1350,957,393,06,037,236100
06037241120,"Census Tract 2411.20, Los Angeles County, California",1774,71,29,6,23,42,4,38,1703,396,321,75,1307,668,639,06,037,241120
06037301702,"Census Tract 3017.02, Los Angeles County, California",1432,21,15,8,7,6,0,6,1411,725,472,253,686,513,173,06,037,301702
06037311400,"Census Tract 3114, Los Angeles County, California",471,29,29,12,17,0,0,0,442,179,164,15,263,173,90,06,037,311400
06037554002,"Census Tract 5540.02, Los Angeles County, California",1475,55,35,20,15,20,0,20,1420,521,362,159,899,610,289,06,037,554002
06001982000,"Census Tract 9820, Alameda County, California",18,0,0,0,0,0,0,0,18,8,4,4,10,10,0,06,001,982000
06001983200,"Census Tract 9832, Alameda County, California",218,4,4,4,0,0,0,0,214,94,85,9,120,120,0,06,001,983200
06001990000,"Census Tract 9900, Alameda County, California",0,0,0,0,0,0,0,0,0,0,0,0,0,0,0,06,001,990000
06005000101,"Census Tract 1.01, Amador County, California",337,41,41,18,23,0,0,0,296,131,46,85,165,147,18,06,005,000101
06005000102,"Census Tract 1.02, Amador County, California",274,8,0,0,0,8,8,0,266,88,44,44,178,64,114,06,005,000102
06005000303,"Census Tract 3.03, Amador County, California",715,40,40,27,13,0,0,0,675,384,300,84,291,264,27,06,005,000303
06005000304,"Census Tract 3.04, Amador County, California",918,109,101,49,52,8,8,0,809,282,211,71,527,279,248,06,005,000304
06007000103,"Census Tract 1.03, Butte County, California",1330,63,63,63,0,0,0,0,1267,643,572,71,624,453,171,06,007,000103
06007000104,"Census Tract 1.04, Butte County, California",1485,0,0,0,0,0,0,0,1485,591,545,46,894,679,215,06,007,000104
06007000401,"Census Tract 4.01, Butte County, California",1148,71,50,33,17,21,21,0,1077,419,255,164,658,516,142,06,007,000401
06007000402,"Census Tract 4.02, Butte County, California",1661,48,36,15,21,12,0,12,1613,673,518,155,940,675,265,06,007,000402
06007000901,"Census Tract 9.01, Butte County, California",584,32,32,6,26,0,0,0,552,322,283,39,230,144,86,06,007,000901
06037204120,"Census Tract 2041.20, Los Angeles County, California",583,25,5,5,0,20,0,20,558,267,174,93,291,214,77,06,037,204120
06037204410,"Census Tract 2044.10, Los Angeles County, California",578,5,5,5,0,0,0,0,573,196,108,88,377,210,167,06,037,204410
06037204910,"Census Tract 2049.10, Los Angeles County, California",834,47,24,5,19,23,16,7,787,288,147,141,499,282,217,06,037,204910
06037205120,"Census Tract 2051.20, Los Angeles County, California",1071,27,16,0,16,11,0,11,1044,279,120,159,765,484,281,06,037,205120
06037206050,"Census Tract 2060.50, Los Angeles County, California",516,20,9,0,9,11,0,11,496,169,126,43,327,183,144,06,037,206050
06037216200,"Census Tract 2162, Los Angeles County, California",1514,116,73,0,73,43,43,0,1398,396,350,46,1002,904,98,06,037,216200
06037216900,"Census Tract 2169, Los Angeles County, California",1182,0,0,0,0,0,0,0,1182,468,278,190,714,639,75,06,037,216900
06037218800,"Census Tract 2188, Los Angeles County, California",759,17,0,0,0,17,17,0,742,224,139,85,518,418,100,06,037,218800
06037311500,"Census Tract 3115, Los Angeles County, California",1591,98,84,28,56,14,14,0,1493,634,470,164,859,541,318,06,037,311500
06037302103,"Census Tract 3021.03, Los Angeles County, California",1562,54,43,24,19,11,11,0,1508,669,454,215,839,476,363,06,037,302103
06037310800,"Census Tract 3108, Los Angeles County, California",1283,39,15,8,7,24,7,17,1244,507,378,129,737,520,217,06,037,310800
06037310900,"Census Tract 3109, Los Angeles County, California",1381,51,0,0,0,51,51,0,1330,592,440,152,738,593,145,06,037,310900
06037320100,"Census Tract 3201, Los Angeles County, California",2138,55,39,39,0,16,16,0,2083,757,477,280,1326,859,467,06,037,320100
06037400204,"Census Tract 4002.04, Los Angeles County, California",739,49,42,42,0,7,7,0,690,444,319,125,246,183,63,06,037,400204
06037400302,"Census Tract 4003.02, Los Angeles County, California",620,35,23,18,5,12,12,0,585,285,181,104,300,170,130,06,037,400302
06037401101,"Census Tract 4011.01, Los Angeles County, California",1295,93,28,18,10,65,0,65,1202,577,469,108,625,507,118,06,037,401101
06037401201,"Census Tract 4012.01, Los Angeles County, California",746,50,50,6,44,0,0,0,696,350,208,142,346,236,110,06,037,401201
06037401601,"Census Tract 4016.01, Los Angeles County, California",1120,167,72,72,0,95,5,90,953,276,228,48,677,522,155,06,037,401601
06037402101,"Census Tract 4021.01, Los Angeles County, California",1586,116,85,44,41,31,23,8,1470,487,421,66,983,765,218,06,037,402101
06017030505,"Census Tract 305.05, El Dorado County, California",580,57,57,51,6,0,0,0,523,122,99,23,401,262,139,06,017,030505
06017030706,"Census Tract 307.06, El Dorado County, California",1278,35,35,35,0,0,0,0,1243,703,558,145,540,400,140,06,017,030706
06017030709,"Census Tract 307.09, El Dorado County, California",963,27,10,7,3,17,0,17,936,596,405,191,340,220,120,06,017,030709
06017030710,"Census Tract 307.10, El Dorado County, California",972,83,83,29,54,0,0,0,889,527,355,172,362,316,46,06,017,030710
06017030807,"Census Tract 308.07, El Dorado County, California",833,56,46,46,0,10,0,10,777,375,330,45,402,276,126,06,017,030807
06017030808,"Census Tract 308.08, El Dorado County, California",1253,14,14,4,10,0,0,0,1239,720,554,166,519,405,114,06,017,030808
06017030809,"Census Tract 308.09, El Dorado County, California",421,36,23,23,0,13,13,0,385,159,113,46,226,130,96,06,017,030809
06017030810,"Census Tract 308.10, El Dorado County, California",874,24,24,12,12,0,0,0,850,400,293,107,450,348,102,06,017,030810
06017031600,"Census Tract 316, El Dorado County, California",916,79,37,37,0,42,0,42,837,385,320,65,452,367,85,06,017,031600
06017031700,"Census Tract 317, El Dorado County, California",697,22,22,13,9,0,0,0,675,432,328,104,243,176,67,06,017,031700
06065042740,"Census Tract 427.40, Riverside County, California",30,0,0,0,0,0,0,0,30,0,0,0,30,19,11,06,065,042740
06065042741,"Census Tract 427.41, Riverside County, California",70,15,0,0,0,15,15,0,55,9,0,9,46,22,24,06,065,042741
06065042742,"Census Tract 427.42, Riverside County, California",1109,86,64,0,64,22,0,22,1023,633,487,146,390,257,133,06,065,042742
06065042744,"Census Tract 427.44, Riverside County, California",1033,28,20,4,16,8,3,5,1005,549,282,267,456,283,173,06,065,042744
06065043008,"Census Tract 430.08, Riverside County, California",1874,195,112,89,23,83,83,0,1679,777,516,261,902,641,261,06,065,043008
06065042743,"Census Tract 427.43, Riverside County, California",753,40,29,9,20,11,0,11,713,423,188,235,290,208,82,06,065,042743
06065042745,"Census Tract 427.45, Riverside County, California",882,43,31,9,22,12,12,0,839,383,292,91,456,303,153,06,065,042745
06065043007,"Census Tract 430.07, Riverside County, California",1701,130,100,52,48,30,13,17,1571,971,685,286,600,494,106,06,065,043007
06065043009,"Census Tract 430.09, Riverside County, California",1538,47,25,25,0,22,0,22,1491,797,545,252,694,520,174,06,065,043009
06065043010,"Census Tract 430.10, Riverside County, California",1391,50,50,39,11,0,0,0,1341,795,487,308,546,349,197,06,065,043010
06065043227,"Census Tract 432.27, Riverside County, California",2017,38,38,38,0,0,0,0,1979,776,478,298,1203,725,478,06,065,043227
06065043228,"Census Tract 432.28, Riverside County, California",1007,45,29,15,14,16,0,16,962,515,342,173,447,337,110,06,065,043228
06065043235,"Census Tract 432.35, Riverside County, California",2287,131,131,51,80,0,0,0,2156,1137,736,401,1019,682,337,06,065,043235
06065043229,"Census Tract 432.29, Riverside County, California",671,65,50,50,0,15,15,0,606,252,171,81,354,210,144,06,065,043229
06065043239,"Census Tract 432.39, Riverside County, California",1274,121,95,29,66,26,0,26,1153,640,574,66,513,231,282,06,065,043239
06065043240,"Census Tract 432.40, Riverside County, California",2863,72,72,42,30,0,0,0,2791,1568,981,587,1223,925,298,06,065,043240
06065043242,"Census Tract 432.42, Riverside County, California",2034,67,67,47,20,0,0,0,1967,1225,699,526,742,567,175,06,065,043242
06075031302,"Census Tract 313.02, San Francisco County, California",1547,61,61,42,19,0,0,0,1486,615,470,145,871,716,155,06,075,031302
06075032601,"Census Tract 326.01, San Francisco County, California",1456,31,31,31,0,0,0,0,1425,471,389,82,954,741,213,06,075,032601
06075032602,"Census Tract 326.02, San Francisco County, California",1255,49,40,16,24,9,0,9,1206,486,382,104,720,511,209,06,075,032602
06075032801,"Census Tract 328.01, San Francisco County, California",1062,26,26,12,14,0,0,0,1036,418,326,92,618,525,93,06,075,032801
06037651402,"Census Tract 6514.02, Los Angeles County, California",1328,43,43,43,0,0,0,0,1285,633,359,274,652,443,209,06,037,651402
06037670324,"Census Tract 6703.24, Los Angeles County, California",885,42,42,15,27,0,0,0,843,407,305,102,436,254,182,06,037,670324
06037670326,"Census Tract 6703.26, Los Angeles County, California",547,8,8,8,0,0,0,0,539,298,127,171,241,91,150,06,037,670326
06037670328,"Census Tract 6703.28, Los Angeles County, California",855,17,17,0,17,0,0,0,838,336,183,153,502,185,317,06,037,670328
06037670416,"Census Tract 6704.16, Los Angeles County, California",809,12,12,12,0,0,0,0,797,378,246,132,419,170,249,06,037,670416
06037670602,"Census Tract 6706.02, Los Angeles County, California",1245,29,29,29,0,0,0,0,1216,604,434,170,612,333,279,06,037,670602
06037700101,"Census Tract 7001.01, Los Angeles County, California",1579,29,29,27,2,0,0,0,1550,248,248,0,1302,1086,216,06,037,700101
06037700102,"Census Tract 7001.02, Los Angeles County, California",1203,39,39,39,0,0,0,0,1164,150,150,0,1014,996,18,06,037,700102
06037700501,"Census Tract 7005.01, Los Angeles County, California",993,23,0,0,0,23,23,0,970,278,249,29,692,692,0,06,037,700501
06037700502,"Census Tract 7005.02, Los Angeles County, California",765,0,0,0,0,0,0,0,765,175,157,18,590,531,59,06,037,700502
06037700801,"Census Tract 7008.01, Los Angeles County, California",1199,13,13,13,0,0,0,0,1186,633,360,273,553,429,124,06,037,700801
06037700802,"Census Tract 7008.02, Los Angeles County, California",1034,44,44,44,0,0,0,0,990,317,177,140,673,579,94,06,037,700802
06059042106,"Census Tract 421.06, Orange County, California",227,0,0,0,0,0,0,0,227,116,55,61,111,111,0,06,059,042106
06059042109,"Census Tract 421.09, Orange County, California",1198,0,0,0,0,0,0,0,1198,499,287,212,699,552,147,06,059,042109
06059062646,"Census Tract 626.46, Orange County, California",60,0,0,0,0,0,0,0,60,0,0,0,60,42,18,06,059,062646
06059063201,"Census Tract 632.01, Orange County, California",1131,17,17,13,4,0,0,0,1114,449,341,108,665,542,123,06,059,063201
06059063605,"Census Tract 636.05, Orange County, California",1207,58,36,30,6,22,12,10,1149,634,424,210,515,322,193,06,059,063605
06059063702,"Census Tract 637.02, Orange County, California",1598,103,80,28,52,23,0,23,1495,640,311,329,855,666,189,06,059,063702
06059063908,"Census Tract 639.08, Orange County, California",1635,16,16,8,8,0,0,0,1619,430,299,131,1189,1063,126,06,059,063908
06059074108,"Census Tract 741.08, Orange County, California",1358,59,42,30,12,17,2,15,1299,399,243,156,900,646,254,06,059,074108
06075016600,"Census Tract 166, San Francisco County, California",1608,24,24,10,14,0,0,0,1584,570,540,30,1014,898,116,06,075,016600
06075017902,"Census Tract 179.02, San Francisco County, California",988,18,3,0,3,15,0,15,970,111,80,31,859,599,260,06,075,017902
06075021400,"Census Tract 214, San Francisco County, California",1241,69,63,49,14,6,6,0,1172,393,328,65,779,716,63,06,075,021400
06085503110,"Census Tract 5031.10, Santa Clara County, California",1334,100,91,46,45,9,0,9,1234,589,369,220,645,387,258,06,085,503110
06085503111,"Census Tract 5031.11, Santa Clara County, California",1298,90,21,21,0,69,25,44,1208,448,373,75,760,578,182,06,085,503111
06085503113,"Census Tract 5031.13, Santa Clara County, California",1502,133,81,53,28,52,23,29,1369,503,258,245,866,664,202,06,085,503113
06085503213,"Census Tract 5032.13, Santa Clara County, California",1296,108,87,34,53,21,21,0,1188,282,175,107,906,585,321,06,085,503213
06085503214,"Census Tract 5032.14, Santa Clara County, California",2018,127,114,68,46,13,0,13,1891,737,572,165,1154,777,377,06,085,503214
06085503511,"Census Tract 5035.11, Santa Clara County, California",876,39,13,13,0,26,26,0,837,387,263,124,450,320,130,06,085,503511
06085503602,"Census Tract 5036.02, Santa Clara County, California",1534,65,49,35,14,16,16,0,1469,503,348,155,966,792,174,06,085,503602
06085504101,"Census Tract 5041.01, Santa Clara County, California",1302,61,5,5,0,56,49,7,1241,521,419,102,720,506,214,06,085,504101
06059110006,"Census Tract 1100.06, Orange County, California",634,35,35,18,17,0,0,0,599,311,242,69,288,243,45,06,059,110006
06059110014,"Census Tract 1100.14, Orange County, California",1489,52,44,33,11,8,0,8,1437,584,381,203,853,573,280,06,059,110014
06059110104,"Census Tract 1101.04, Orange County, California",1277,39,31,12,19,8,0,8,1238,572,431,141,666,378,288,06,059,110104
06059110304,"Census Tract 1103.04, Orange County, California",1266,75,60,24,36,15,15,0,1191,475,414,61,716,569,147,06,059,110304
06059110607,"Census Tract 1106.07, Orange County, California",1154,162,114,104,10,48,23,25,992,412,265,147,580,467,113,06,059,110607
06059099405,"Census Tract 994.05, Orange County, California",1095,82,67,56,11,15,15,0,1013,377,236,141,636,498,138,06,059,099405
06059099406,"Census Tract 994.06, Orange County, California",1196,74,61,30,31,13,8,5,1122,515,367,148,607,446,161,06,059,099406
06059099412,"Census Tract 994.12, Orange County, California",1042,57,57,30,27,0,0,0,985,447,370,77,538,376,162,06,059,099412
06059099502,"Census Tract 995.02, Orange County, California",168,20,20,4,16,0,0,0,148,115,60,55,33,27,6,06,059,099502
06059099509,"Census Tract 995.09, Orange County, California",152,0,0,0,0,0,0,0,152,27,13,14,125,105,20,06,059,099509
06059099514,"Census Tract 995.14, Orange County, California",870,19,9,9,0,10,10,0,851,251,190,61,600,426,174,06,059,099514
06059099601,"Census Tract 996.01, Orange County, California",1814,166,120,45,75,46,46,0,1648,548,391,157,1100,754,346,06,059,099601
06059099603,"Census Tract 996.03, Orange County, California",1400,91,42,42,0,49,0,49,1309,807,679,128,502,351,151,06,059,099603
06059099703,"Census Tract 997.03, Orange County, California",1429,39,29,0,29,10,10,0,1390,447,304,143,943,753,190,06,059,099703
06059099904,"Census Tract 999.04, Orange County, California",1453,40,23,0,23,17,0,17,1413,627,483,144,786,447,339,06,059,099904
06059110007,"Census Tract 1100.07, Orange County, California",957,40,40,23,17,0,0,0,917,587,418,169,330,254,76,06,059,110007
06059110108,"Census Tract 1101.08, Orange County, California",570,24,0,0,0,24,21,3,546,245,218,27,301,272,29,06,059,110108
06065042008,"Census Tract 420.08, Riverside County, California",2066,27,27,0,27,0,0,0,2039,1154,911,243,885,475,410,06,065,042008
06065042206,"Census Tract 422.06, Riverside County, California",1652,58,58,47,11,0,0,0,1594,534,370,164,1060,803,257,06,065,042206
06065042208,"Census Tract 422.08, Riverside County, California",513,34,19,19,0,15,0,15,479,247,168,79,232,176,56,06,065,042208
06065042406,"Census Tract 424.06, Riverside County, California",1158,33,11,11,0,22,0,22,1125,417,278,139,708,552,156,06,065,042406
06065042407,"Census Tract 424.07, Riverside County, California",899,86,22,0,22,64,59,5,813,295,223,72,518,333,185,06,065,042407
06065042506,"Census Tract 425.06, Riverside County, California",2407,275,187,20,167,88,88,0,2132,826,555,271,1306,965,341,06,065,042506
06065042515,"Census Tract 425.15, Riverside County, California",1009,25,8,8,0,17,17,0,984,427,234,193,557,314,243,06,065,042515
06065042708,"Census Tract 427.08, Riverside County, California",1346,72,59,42,17,13,0,13,1274,672,492,180,602,386,216,06,065,042708
06065042904,"Census Tract 429.04, Riverside County, California",2445,220,220,22,198,0,0,0,2225,1124,647,477,1101,512,589,06,065,042904
06065043003,"Census Tract 430.03, Riverside County, California",1779,142,92,46,46,50,50,0,1637,648,451,197,989,746,243,06,065,043003
06065043308,"Census Tract 433.08, Riverside County, California",782,46,13,9,4,33,0,33,736,278,179,99,458,228,230,06,065,043308
06065043312,"Census Tract 433.12, Riverside County, California",1061,73,73,26,47,0,0,0,988,502,381,121,486,324,162,06,065,043312
06065043405,"Census Tract 434.05, Riverside County, California",750,41,19,19,0,22,0,22,709,258,156,102,451,314,137,06,065,043405
06065043506,"Census Tract 435.06, Riverside County, California",1524,54,46,6,40,8,0,8,1470,624,298,326,846,432,414,06,065,043506
06065043701,"Census Tract 437.01, Riverside County, California",815,27,12,12,0,15,15,0,788,363,284,79,425,301,124,06,065,043701
06065042401,"Census Tract 424.01, Riverside County, California",537,26,23,8,15,3,0,3,511,208,166,42,303,182,121,06,065,042401
06065042408,"Census Tract 424.08, Riverside County, California",928,49,10,7,3,39,18,21,879,364,256,108,515,325,190,06,065,042408
06065043206,"Census Tract 432.06, Riverside County, California",2463,113,98,60,38,15,15,0,2350,895,695,200,1455,936,519,06,065,043206
06065043307,"Census Tract 433.07, Riverside County, California",1079,41,0,0,0,41,41,0,1038,600,461,139,438,358,80,06,065,043307
06037221601,"Census Tract 2216.01, Los Angeles County, California",665,32,24,17,7,8,8,0,633,270,151,119,363,289,74,06,037,221601
06037222001,"Census Tract 2220.01, Los Angeles County, California",786,63,43,31,12,20,4,16,723,298,223,75,425,290,135,06,037,222001
06037234501,"Census Tract 2345.01, Los Angeles County, California",570,0,0,0,0,0,0,0,570,207,157,50,363,212,151,06,037,234501
06037234502,"Census Tract 2345.02, Los Angeles County, California",606,46,29,29,0,17,0,17,560,160,111,49,400,227,173,06,037,234502
06037222002,"Census Tract 2220.02, Los Angeles County, California",1232,53,6,6,0,47,33,14,1179,505,345,160,674,457,217,06,037,222002
06037226001,"Census Tract 2260.01, Los Angeles County, California",636,61,37,18,19,24,24,0,575,221,110,111,354,262,92,06,037,226001
06037226002,"Census Tract 2260.02, Los Angeles County, California",354,0,0,0,0,0,0,0,354,112,97,15,242,196,46,06,037,226002
06037234901,"Census Tract 2349.01, Los Angeles County, California",855,29,0,0,0,29,0,29,826,352,200,152,474,285,189,06,037,234901
06037234902,"Census Tract 2349.02, Los Angeles County, California",1113,127,31,31,0,96,92,4,986,329,219,110,657,417,240,06,037,234902
06037236203,"Census Tract 2362.03, Los Angeles County, California",833,71,46,0,46,25,0,25,762,176,83,93,586,476,110,06,037,236203
06037236204,"Census Tract 2362.04, Los Angeles County, California",910,50,26,9,17,24,0,24,860,227,172,55,633,473,160,06,037,236204
06037237101,"Census Tract 2371.01, Los Angeles County, California",1209,95,34,19,15,61,20,41,1114,348,190,158,766,376,390,06,037,237101
06037237102,"Census Tract 2371.02, Los Angeles County, California",790,48,43,12,31,5,3,2,742,242,144,98,500,293,207,06,037,237102
06037237201,"Census Tract 2372.01, Los Angeles County, California",948,38,29,20,9,9,9,0,910,339,261,78,571,345,226,06,037,237201
06037237202,"Census Tract 2372.02, Los Angeles County, California",1171,25,14,14,0,11,0,11,1146,339,202,137,807,407,400,06,037,237202
06037237401,"Census Tract 2374.01, Los Angeles County, California",1052,74,35,0,35,39,11,28,978,261,167,94,717,277,440,06,037,237401
06037237402,"Census Tract 2374.02, Los Angeles County, California",661,39,24,0,24,15,15,0,622,159,96,63,463,286,177,06,037,237402
06037239201,"Census Tract 2392.01, Los Angeles County, California",1142,116,59,47,12,57,12,45,1026,350,208,142,676,514,162,06,037,239201
06037239202,"Census Tract 2392.02, Los Angeles County, California",1615,57,0,0,0,57,11,46,1558,586,421,165,972,589,383,06,037,239202
06037239501,"Census Tract 2395.01, Los Angeles County, California",842,42,17,5,12,25,16,9,800,279,191,88,521,330,191,06,037,239501
06037239502,"Census Tract 2395.02, Los Angeles County, California",1101,49,14,6,8,35,25,10,1052,374,189,185,678,415,263,06,037,239502
06037239601,"Census Tract 2396.01, Los Angeles County, California",963,31,31,31,0,0,0,0,932,374,224,150,558,384,174,06,037,239601
06037239602,"Census Tract 2396.02, Los Angeles County, California",1018,39,5,0,5,34,9,25,979,307,168,139,672,369,303,06,037,239602
06037239701,"Census Tract 2397.01, Los Angeles County, California",1272,131,66,46,20,65,43,22,1141,280,180,100,861,482,379,06,037,239701
06037239801,"Census Tract 2398.01, Los Angeles County, California",1051,61,14,14,0,47,47,0,990,375,211,164,615,394,221,06,037,239801
06037240401,"Census Tract 2404.01, Los Angeles County, California",1631,83,0,0,0,83,55,28,1548,478,217,261,1070,621,449,06,037,240401
06037239702,"Census Tract 2397.02, Los Angeles County, California",1090,54,54,9,45,0,0,0,1036,306,99,207,730,438,292,06,037,239702
06037239802,"Census Tract 2398.02, Los Angeles County, California",1470,107,47,9,38,60,10,50,1363,475,355,120,888,535,353,06,037,239802
06037240402,"Census Tract 2404.02, Los Angeles County, California",863,100,87,18,69,13,0,13,763,306,239,67,457,354,103,06,037,240402
06037241001,"Census Tract 2410.01, Los Angeles County, California",1482,88,70,52,18,18,18,0,1394,440,337,103,954,531,423,06,037,241001
06037241002,"Census Tract 2410.02, Los Angeles County, California",1039,38,8,8,0,30,12,18,1001,252,180,72,749,388,361,06,037,241002
06037241201,"Census Tract 2412.01, Los Angeles County, California",756,6,6,6,0,0,0,0,750,223,151,72,527,341,186,06,037,241201
06037241202,"Census Tract 2412.02, Los Angeles County, California",1318,83,23,23,0,60,44,16,1235,375,220,155,860,553,307,06,037,241202
06001402800,"Census Tract 4028, Alameda County, California",1176,30,14,14,0,16,16,0,1146,313,295,18,833,595,238,06,001,402800
06001404400,"Census Tract 4044, Alameda County, California",1132,53,53,53,0,0,0,0,1079,529,429,100,550,469,81,06,001,404400
06001400900,"Census Tract 4009, Alameda County, California",701,20,6,0,6,14,0,14,681,280,217,63,401,338,63,06,001,400900
06001402600,"Census Tract 4026, Alameda County, California",328,6,6,6,0,0,0,0,322,101,77,24,221,211,10,06,001,402600
06001404200,"Census Tract 4042, Alameda County, California",827,49,43,43,0,6,6,0,778,387,302,85,391,143,248,06,001,404200
06001405500,"Census Tract 4055, Alameda County, California",1148,21,21,21,0,0,0,0,1127,383,262,121,744,656,88,06,001,405500
06001405600,"Census Tract 4056, Alameda County, California",957,42,22,22,0,20,11,9,915,287,250,37,628,565,63,06,001,405600
06097153002,"Census Tract 1530.02, Sonoma County, California",2017,96,37,20,17,59,0,59,1921,587,385,202,1334,1151,183,06,097,153002
06019004002,"Census Tract 40.02, Fresno County, California",1788,111,102,86,16,9,0,9,1677,860,590,270,817,463,354,06,019,004002
06019004215,"Census Tract 42.15, Fresno County, California",1258,34,15,15,0,19,0,19,1224,707,607,100,517,391,126,06,019,004215
06019004216,"Census Tract 42.16, Fresno County, California",885,46,7,0,7,39,11,28,839,361,285,76,478,338,140,06,019,004216
06037481800,"Census Tract 4818, Los Angeles County, California",514,30,30,21,9,0,0,0,484,218,185,33,266,153,113,06,037,481800
06037482001,"Census Tract 4820.01, Los Angeles County, California",450,0,0,0,0,0,0,0,450,212,180,32,238,176,62,06,037,482001
06037482002,"Census Tract 4820.02, Los Angeles County, California",1659,38,23,22,1,15,15,0,1621,668,408,260,953,652,301,06,037,482002
06037482522,"Census Tract 4825.22, Los Angeles County, California",1076,27,16,9,7,11,0,11,1049,361,330,31,688,552,136,06,037,482522
06037500600,"Census Tract 5006, Los Angeles County, California",1209,64,0,0,0,64,52,12,1145,532,385,147,613,451,162,06,037,500600
06037501200,"Census Tract 5012, Los Angeles County, California",1263,51,51,40,11,0,0,0,1212,487,371,116,725,458,267,06,037,501200
06037502200,"Census Tract 5022, Los Angeles County, California",1425,41,41,15,26,0,0,0,1384,659,479,180,725,421,304,06,037,502200
06037502700,"Census Tract 5027, Los Angeles County, California",1722,63,55,49,6,8,8,0,1659,635,502,133,1024,630,394,06,037,502700
06037502901,"Census Tract 5029.01, Los Angeles County, California",1527,20,20,0,20,0,0,0,1507,547,439,108,960,633,327,06,037,502901
06037503801,"Census Tract 5038.01, Los Angeles County, California",924,19,12,12,0,7,7,0,905,359,239,120,546,352,194,06,037,503801
06037503901,"Census Tract 5039.01, Los Angeles County, California",537,60,26,7,19,34,28,6,477,263,216,47,214,176,38,06,037,503901
06037543100,"Census Tract 5431, Los Angeles County, California",1801,36,21,0,21,15,15,0,1765,623,433,190,1142,754,388,06,037,543100
06037543202,"Census Tract 5432.02, Los Angeles County, California",1297,67,10,10,0,57,39,18,1230,637,335,302,593,199,394,06,037,543202
06037543304,"Census Tract 5433.04, Los Angeles County, California",1465,42,8,8,0,34,34,0,1423,470,353,117,953,669,284,06,037,543304
06037543604,"Census Tract 5436.04, Los Angeles County, California",1175,26,26,21,5,0,0,0,1149,440,369,71,709,537,172,06,037,543604
06037302002,"Census Tract 3020.02, Los Angeles County, California",899,47,40,21,19,7,7,0,852,360,255,105,492,376,116,06,037,302002
06037503703,"Census Tract 5037.03, Los Angeles County, California",1280,37,37,17,20,0,0,0,1243,577,431,146,666,502,164,06,037,503703
06059063803,"Census Tract 638.03, Orange County, California",1066,114,114,75,39,0,0,0,952,414,269,145,538,419,119,06,059,063803
06059099249,"Census Tract 992.49, Orange County, California",1153,45,45,29,16,0,0,0,1108,593,345,248,515,279,236,06,059,099249
06059062611,"Census Tract 626.11, Orange County, California",1583,35,35,26,9,0,0,0,1548,419,266,153,1129,497,632,06,059,062611
06059062627,"Census Tract 626.27, Orange County, California",926,9,9,0,9,0,0,0,917,233,149,84,684,299,385,06,059,062627
06059052511,"Census Tract 525.11, Orange County, California",1440,99,99,54,45,0,0,0,1341,811,567,244,530,347,183,06,059,052511
06111008202,"Census Tract 82.02, Ventura County, California",978,57,57,38,19,0,0,0,921,420,312,108,501,388,113,06,111,008202
06111000400,"Census Tract 4, Ventura County, California",1576,36,36,36,0,0,0,0,1540,601,446,155,939,639,300,06,111,000400
06111000800,"Census Tract 8, Ventura County, California",1909,121,101,81,20,20,0,20,1788,832,562,270,956,561,395,06,111,000800
06111004000,"Census Tract 40, Ventura County, California",1752,181,45,17,28,136,108,28,1571,634,463,171,937,674,263,06,111,004000
06111004503,"Census Tract 45.03, Ventura County, California",1127,83,31,18,13,52,0,52,1044,493,364,129,551,395,156,06,111,004503
06111005100,"Census Tract 51, Ventura County, California",752,24,24,7,17,0,0,0,728,331,164,167,397,275,122,06,111,005100
06111005202,"Census Tract 52.02, Ventura County, California",529,22,14,9,5,8,8,0,507,204,161,43,303,213,90,06,111,005202
06111005303,"Census Tract 53.03, Ventura County, California",2192,91,72,30,42,19,19,0,2101,1136,936,200,965,705,260,06,111,005303
06071006301,"Census Tract 63.01, San Bernardino County, California",1423,53,12,12,0,41,26,15,1370,358,134,224,1012,767,245,06,071,006301
06059074805,"Census Tract 748.05, Orange County, California",1419,193,100,37,63,93,64,29,1226,498,317,181,728,471,257,06,059,074805
06059074901,"Census Tract 749.01, Orange County, California",2531,215,114,41,73,101,44,57,2316,931,654,277,1385,826,559,06,059,074901
06059075004,"Census Tract 750.04, Orange County, California",1456,67,54,23,31,13,8,5,1389,635,333,302,754,461,293,06,059,075004
06059075504,"Census Tract 755.04, Orange County, California",950,66,66,44,22,0,0,0,884,374,229,145,510,390,120,06,059,075504
06059075506,"Census Tract 755.06, Orange County, California",825,36,36,9,27,0,0,0,789,351,264,87,438,357,81,06,059,075506
06059075513,"Census Tract 755.13, Orange County, California",1601,97,59,38,21,38,30,8,1504,576,484,92,928,600,328,06,059,075513
06059099902,"Census Tract 999.02, Orange County, California",1221,74,37,27,10,37,37,0,1147,471,331,140,676,403,273,06,059,099902
06059099903,"Census Tract 999.03, Orange County, California",1542,36,20,20,0,16,0,16,1506,715,411,304,791,556,235,06,059,099903
06059110001,"Census Tract 1100.01, Orange County, California",1123,57,57,33,24,0,0,0,1066,605,455,150,461,318,143,06,059,110001
06059110102,"Census Tract 1101.02, Orange County, California",1403,63,45,45,0,18,0,18,1340,517,367,150,823,604,219,06,059,110102
06059110109,"Census Tract 1101.09, Orange County, California",1529,7,7,7,0,0,0,0,1522,670,594,76,852,611,241,06,059,110109
06059110114,"Census Tract 1101.14, Orange County, California",1194,77,65,65,0,12,12,0,1117,595,448,147,522,293,229,06,059,110114
06059110402,"Census Tract 1104.02, Orange County, California",1300,103,64,58,6,39,39,0,1197,499,369,130,698,527,171,06,059,110402
06059110500,"Census Tract 1105, Orange County, California",2035,271,203,36,167,68,50,18,1764,841,512,329,923,532,391,06,059,110500
06059042331,"Census Tract 423.31, Orange County, California",1504,47,47,47,0,0,0,0,1457,626,480,146,831,656,175,06,059,042331
06067008125,"Census Tract 81.25, Sacramento County, California",960,92,92,92,0,0,0,0,868,328,228,100,540,340,200,06,067,008125
06067008134,"Census Tract 81.34, Sacramento County, California",1219,58,58,10,48,0,0,0,1161,454,349,105,707,582,125,06,067,008134
06067006701,"Census Tract 67.01, Sacramento County, California",2307,97,46,31,15,51,51,0,2210,934,604,330,1276,658,618,06,067,006701
06067007207,"Census Tract 72.07, Sacramento County, California",863,33,26,5,21,7,7,0,830,452,274,178,378,299,79,06,067,007207
06067007413,"Census Tract 74.13, Sacramento County, California",2123,249,155,68,87,94,94,0,1874,655,302,353,1219,857,362,06,067,007413
06037408303,"Census Tract 4083.03, Los Angeles County, California",987,28,28,0,28,0,0,0,959,331,157,174,628,442,186,06,037,408303
06037408623,"Census Tract 4086.23, Los Angeles County, California",713,49,42,18,24,7,7,0,664,332,215,117,332,230,102,06,037,408623
06037408625,"Census Tract 4086.25, Los Angeles County, California",769,24,24,11,13,0,0,0,745,486,260,226,259,170,89,06,037,408625
06037408704,"Census Tract 4087.04, Los Angeles County, California",681,64,31,22,9,33,0,33,617,248,142,106,369,290,79,06,037,408704
06037430102,"Census Tract 4301.02, Los Angeles County, California",1267,26,26,17,9,0,0,0,1241,589,456,133,652,349,303,06,037,430102
06037430701,"Census Tract 4307.01, Los Angeles County, California",1185,91,91,53,38,0,0,0,1094,588,381,207,506,250,256,06,037,430701
06065045109,"Census Tract 451.09, Riverside County, California",698,22,9,0,9,13,13,0,676,377,225,152,299,193,106,06,065,045109
06065045501,"Census Tract 455.01, Riverside County, California",1565,109,35,23,12,74,74,0,1456,467,381,86,989,786,203,06,065,045501
06065045703,"Census Tract 457.03, Riverside County, California",2171,177,39,12,27,138,46,92,1994,1113,868,245,881,623,258,06,065,045703
06065940100,"Census Tract 9401, Riverside County, California",7,0,0,0,0,0,0,0,7,0,0,0,7,7,0,06,065,940100
06065041004,"Census Tract 410.04, Riverside County, California",1206,84,74,53,21,10,10,0,1122,456,270,186,666,539,127,06,065,041004
06085506801,"Census Tract 5068.01, Santa Clara County, California",1255,22,22,19,3,0,0,0,1233,739,575,164,494,366,128,06,085,506801
06085507002,"Census Tract 5070.02, Santa Clara County, California",434,10,10,10,0,0,0,0,424,301,199,102,123,87,36,06,085,507002
06085507500,"Census Tract 5075, Santa Clara County, California",1217,18,18,7,11,0,0,0,1199,764,470,294,435,203,232,06,085,507500
06077003110,"Census Tract 31.10, San Joaquin County, California",1007,158,81,76,5,77,77,0,849,320,220,100,529,380,149,06,077,003110
06077003406,"Census Tract 34.06, San Joaquin County, California",1174,27,0,0,0,27,27,0,1147,346,249,97,801,553,248,06,077,003406
06077005109,"Census Tract 51.09, San Joaquin County, California",979,92,81,23,58,11,11,0,887,375,254,121,512,373,139,06,077,005109
06077000500,"Census Tract 5, San Joaquin County, California",607,54,13,0,13,41,25,16,553,252,114,138,301,143,158,06,077,000500
06061990000,"Census Tract 9900, Placer County, California",0,0,0,0,0,0,0,0,0,0,0,0,0,0,0,06,061,990000
06063000501,"Census Tract 5.01, Plumas County, California",290,0,0,0,0,0,0,0,290,154,142,12,136,104,32,06,063,000501
06063000502,"Census Tract 5.02, Plumas County, California",199,0,0,0,0,0,0,0,199,76,70,6,123,51,72,06,063,000502
06065030101,"Census Tract 301.01, Riverside County, California",458,9,9,4,5,0,0,0,449,91,69,22,358,225,133,06,065,030101
06065030103,"Census Tract 301.03, Riverside County, California",531,51,22,22,0,29,6,23,480,231,188,43,249,142,107,06,065,030103
06065030104,"Census Tract 301.04, Riverside County, California",2125,54,25,14,11,29,29,0,2071,849,572,277,1222,841,381,06,065,030104
06065031601,"Census Tract 316.01, Riverside County, California",986,90,49,37,12,41,28,13,896,362,190,172,534,404,130,06,065,031601
06065040101,"Census Tract 401.01, Riverside County, California",1052,72,52,20,32,20,14,6,980,432,279,153,548,289,259,06,065,040101
06065040102,"Census Tract 401.02, Riverside County, California",1120,144,108,19,89,36,18,18,976,644,293,351,332,171,161,06,065,040102
06065031602,"Census Tract 316.02, Riverside County, California",1691,99,33,18,15,66,13,53,1592,662,455,207,930,743,187,06,065,031602
06065040404,"Census Tract 404.04, Riverside County, California",838,58,13,6,7,45,23,22,780,331,225,106,449,348,101,06,065,040404
06065040405,"Census Tract 404.05, Riverside County, California",1422,137,72,25,47,65,65,0,1285,480,318,162,805,629,176,06,065,040405
06065040609,"Census Tract 406.09, Riverside County, California",3634,257,246,178,68,11,11,0,3377,2166,1521,645,1211,755,456,06,065,040609
06065040611,"Census Tract 406.11, Riverside County, California",2412,104,104,101,3,0,0,0,2308,972,746,226,1336,889,447,06,065,040611
06065040613,"Census Tract 406.13, Riverside County, California",3276,42,42,42,0,0,0,0,3234,1840,1471,369,1394,916,478,06,065,040613
06065040607,"Census Tract 406.07, Riverside County, California",2896,71,71,71,0,0,0,0,2825,1361,977,384,1464,873,591,06,065,040607
06065040615,"Census Tract 406.15, Riverside County, California",2735,300,253,223,30,47,23,24,2435,1159,985,174,1276,1021,255,06,065,040615
06065040616,"Census Tract 406.16, Riverside County, California",2136,113,113,63,50,0,0,0,2023,1109,927,182,914,493,421,06,065,040616
06065040812,"Census Tract 408.12, Riverside County, California",946,82,28,17,11,54,6,48,864,494,266,228,370,256,114,06,065,040812
06037573003,"Census Tract 5730.03, Los Angeles County, California",485,55,23,17,6,32,32,0,430,150,104,46,280,194,86,06,037,573003
06037573004,"Census Tract 5730.04, Los Angeles County, California",1322,83,0,0,0,83,37,46,1239,394,338,56,845,550,295,06,037,573004
06037573601,"Census Tract 5736.01, Los Angeles County, California",1195,63,63,63,0,0,0,0,1132,661,517,144,471,314,157,06,037,573601
06037576001,"Census Tract 5760.01, Los Angeles County, California",1288,27,27,6,21,0,0,0,1261,421,363,58,840,647,193,06,037,576001
06037576301,"Census Tract 5763.01, Los Angeles County, California",865,30,30,30,0,0,0,0,835,303,155,148,532,367,165,06,037,576301
06037576302,"Census Tract 5763.02, Los Angeles County, California",1079,40,0,0,0,40,0,40,1039,270,198,72,769,602,167,06,037,576302
06037576903,"Census Tract 5769.03, Los Angeles County, California",936,0,0,0,0,0,0,0,936,276,172,104,660,446,214,06,037,576903
06037576904,"Census Tract 5769.04, Los Angeles County, California",1117,0,0,0,0,0,0,0,1117,437,335,102,680,423,257,06,037,576904
06037577504,"Census Tract 5775.04, Los Angeles County, California",247,8,8,0,8,0,0,0,239,52,34,18,187,160,27,06,037,577504
06037577604,"Census Tract 5776.04, Los Angeles County, California",285,5,5,5,0,0,0,0,280,106,82,24,174,164,10,06,037,577604
06075010300,"Census Tract 103, San Francisco County, California",991,14,14,14,0,0,0,0,977,418,355,63,559,479,80,06,075,010300
06075011000,"Census Tract 110, San Francisco County, California",1912,16,16,16,0,0,0,0,1896,551,510,41,1345,1174,171,06,075,011000
06075015400,"Census Tract 154, San Francisco County, California",1784,82,82,34,48,0,0,0,1702,718,585,133,984,845,139,06,075,015400
06075010400,"Census Tract 104, San Francisco County, California",1227,18,18,0,18,0,0,0,1209,441,427,14,768,701,67,06,075,010400
06075025500,"Census Tract 255, San Francisco County, California",2200,138,84,32,52,54,54,0,2062,766,636,130,1296,934,362,06,075,025500
06075025600,"Census Tract 256, San Francisco County, California",1079,22,22,14,8,0,0,0,1057,509,381,128,548,447,101,06,075,025600
06075025800,"Census Tract 258, San Francisco County, California",472,26,15,15,0,11,4,7,446,180,139,41,266,183,83,06,075,025800
06075026001,"Census Tract 260.01, San Francisco County, California",1552,41,17,0,17,24,24,0,1511,659,348,311,852,685,167,06,075,026001
06075045100,"Census Tract 451, San Francisco County, California",1838,53,53,53,0,0,0,0,1785,480,426,54,1305,1247,58,06,075,045100
06075045200,"Census Tract 452, San Francisco County, California",2099,19,18,18,0,1,0,1,2080,713,596,117,1367,1298,69,06,075,045200
06075026100,"Census Tract 261, San Francisco County, California",1808,53,29,29,0,24,24,0,1755,455,355,100,1300,983,317,06,075,026100
06071009109,"Census Tract 91.09, San Bernardino County, California",1319,253,215,95,120,38,19,19,1066,598,263,335,468,330,138,06,071,009109
06071009108,"Census Tract 91.08, San Bernardino County, California",1480,112,60,0,60,52,52,0,1368,717,293,424,651,427,224,06,071,009108
06071009110,"Census Tract 91.10, San Bernardino County, California",4722,484,241,52,189,243,21,222,4238,1773,1364,409,2465,1716,749,06,071,009110
06071009112,"Census Tract 91.12, San Bernardino County, California",2230,155,108,22,86,47,27,20,2075,961,625,336,1114,662,452,06,071,009112
06071009114,"Census Tract 91.14, San Bernardino County, California",2624,146,97,66,31,49,0,49,2478,1026,650,376,1452,869,583,06,071,009114
06071009116,"Census Tract 91.16, San Bernardino County, California",1753,179,26,9,17,153,52,101,1574,576,248,328,998,585,413,06,071,009116
06071009117,"Census Tract 91.17, San Bernardino County, California",1411,76,25,6,19,51,0,51,1335,689,369,320,646,393,253,06,071,009117
06071009118,"Census Tract 91.18, San Bernardino County, California",5322,505,309,133,176,196,55,141,4817,1975,1222,753,2842,2033,809,06,071,009118
06071009119,"Census Tract 91.19, San Bernardino County, California",1230,91,91,34,57,0,0,0,1139,548,378,170,591,415,176,06,071,009119
06071009201,"Census Tract 92.01, San Bernardino County, California",967,60,60,18,42,0,0,0,907,539,318,221,368,258,110,06,071,009201
06071009202,"Census Tract 92.02, San Bernardino County, California",350,2,2,2,0,0,0,0,348,230,196,34,118,73,45,06,071,009202
06037207710,"Census Tract 2077.10, Los Angeles County, California",1480,29,24,0,24,5,0,5,1451,370,265,105,1081,813,268,06,037,207710
06037208710,"Census Tract 2087.10, Los Angeles County, California",1392,63,63,19,44,0,0,0,1329,466,410,56,863,685,178,06,037,208710
06037211310,"Census Tract 2113.10, Los Angeles County, California",1061,28,7,7,0,21,21,0,1033,446,261,185,587,411,176,06,037,211310
06037212900,"Census Tract 2129, Los Angeles County, California",998,89,0,0,0,89,89,0,909,407,308,99,502,407,95,06,037,212900
06037900607,"Census Tract 9006.07, Los Angeles County, California",1046,10,10,10,0,0,0,0,1036,250,89,161,786,288,498,06,037,900607
06037901003,"Census Tract 9010.03, Los Angeles County, California",3,0,0,0,0,0,0,0,3,0,0,0,3,0,3,06,037,901003
06037901004,"Census Tract 9010.04, Los Angeles County, California",3286,162,134,101,33,28,28,0,3124,1539,1075,464,1585,654,931,06,037,901004
06037910706,"Census Tract 9107.06, Los Angeles County, California",1446,65,59,16,43,6,6,0,1381,722,362,360,659,278,381,06,037,910706
06037502302,"Census Tract 5023.02, Los Angeles County, California",934,28,17,0,17,11,0,11,906,406,209,197,500,297,203,06,037,502302
06037920329,"Census Tract 9203.29, Los Angeles County, California",1263,76,76,45,31,0,0,0,1187,616,436,180,571,426,145,06,037,920329
06037920332,"Census Tract 9203.32, Los Angeles County, California",713,0,0,0,0,0,0,0,713,130,81,49,583,322,261,06,037,920332
06037101400,"Census Tract 1014, Los Angeles County, California",811,56,37,22,15,19,12,7,755,329,252,77,426,208,218,06,037,101400
06037104310,"Census Tract 1043.10, Los Angeles County, California",1295,100,71,42,29,29,0,29,1195,430,325,105,765,502,263,06,037,104310
06037106403,"Census Tract 1064.03, Los Angeles County, California",918,0,0,0,0,0,0,0,918,333,207,126,585,300,285,06,037,106403
06037106520,"Census Tract 1065.20, Los Angeles County, California",1346,37,28,18,10,9,9,0,1309,503,321,182,806,543,263,06,037,106520
06037571101,"Census Tract 5711.01, Los Angeles County, California",1205,76,43,31,12,33,11,22,1129,530,423,107,599,454,145,06,037,571101
06037571102,"Census Tract 5711.02, Los Angeles County, California",926,27,27,27,0,0,0,0,899,481,416,65,418,286,132,06,037,571102
06037600304,"Census Tract 6003.04, Los Angeles County, California",1073,61,17,6,11,44,30,14,1012,406,288,118,606,396,210,06,037,600304
06037600303,"Census Tract 6003.03, Los Angeles County, California",1344,65,35,18,17,30,21,9,1279,284,207,77,995,552,443,06,037,600303
06037602504,"Census Tract 6025.04, Los Angeles County, California",1739,131,80,32,48,51,51,0,1608,510,413,97,1098,858,240,06,037,602504
06037602505,"Census Tract 6025.05, Los Angeles County, California",1211,195,138,73,65,57,57,0,1016,282,237,45,734,581,153,06,037,602505
06037602506,"Census Tract 6025.06, Los Angeles County, California",1430,82,11,11,0,71,44,27,1348,442,297,145,906,629,277,06,037,602506
06037602507,"Census Tract 6025.07, Los Angeles County, California",1401,121,39,11,28,82,59,23,1280,410,309,101,870,767,103,06,037,602507
06037602508,"Census Tract 6025.08, Los Angeles County, California",1970,155,63,63,0,92,92,0,1815,793,596,197,1022,840,182,06,037,602508
06037602509,"Census Tract 6025.09, Los Angeles County, California",1282,64,54,54,0,10,0,10,1218,403,230,173,815,680,135,06,037,602509
06067008203,"Census Tract 82.03, Sacramento County, California",767,38,38,38,0,0,0,0,729,363,314,49,366,287,79,06,067,008203
06067007202,"Census Tract 72.02, Sacramento County, California",801,56,41,28,13,15,0,15,745,250,160,90,495,289,206,06,067,007202
06067007208,"Census Tract 72.08, Sacramento County, California",1072,88,22,22,0,66,66,0,984,536,381,155,448,359,89,06,067,007208
06067007414,"Census Tract 74.14, Sacramento County, California",1091,55,26,0,26,29,17,12,1036,452,280,172,584,337,247,06,067,007414
06067007415,"Census Tract 74.15, Sacramento County, California",764,42,42,24,18,0,0,0,722,399,274,125,323,221,102,06,067,007415
06067007903,"Census Tract 79.03, Sacramento County, California",1056,88,34,26,8,54,54,0,968,487,390,97,481,360,121,06,067,007903
06067008006,"Census Tract 80.06, Sacramento County, California",931,51,28,28,0,23,23,0,880,624,395,229,256,118,138,06,067,008006
06067002400,"Census Tract 24, Sacramento County, California",991,51,51,51,0,0,0,0,940,396,294,102,544,335,209,06,067,002400
06067003202,"Census Tract 32.02, Sacramento County, California",1090,122,71,33,38,51,29,22,968,502,334,168,466,281,185,06,067,003202
06073015502,"Census Tract 155.02, San Diego County, California",498,29,25,12,13,4,4,0,469,291,244,47,178,91,87,06,073,015502
06073015601,"Census Tract 156.01, San Diego County, California",1146,88,62,26,36,26,26,0,1058,454,359,95,604,494,110,06,073,015601
06073016809,"Census Tract 168.09, San Diego County, California",1160,60,45,20,25,15,15,0,1100,587,451,136,513,326,187,06,073,016809
06073016902,"Census Tract 169.02, San Diego County, California",638,83,62,15,47,21,9,12,555,247,104,143,308,210,98,06,073,016902
06073017018,"Census Tract 170.18, San Diego County, California",1154,57,57,9,48,0,0,0,1097,378,291,87,719,539,180,06,073,017018
06073017043,"Census Tract 170.43, San Diego County, California",1667,52,52,39,13,0,0,0,1615,1004,715,289,611,430,181,06,073,017043
06073017050,"Census Tract 170.50, San Diego County, California",658,14,3,3,0,11,11,0,644,321,251,70,323,199,124,06,073,017050
06073017303,"Census Tract 173.03, San Diego County, California",550,21,21,21,0,0,0,0,529,213,119,94,316,223,93,06,073,017303
06073017404,"Census Tract 174.04, San Diego County, California",1391,77,77,64,13,0,0,0,1314,611,422,189,703,358,345,06,073,017404
06073018100,"Census Tract 181, San Diego County, California",1858,49,49,30,19,0,0,0,1809,526,429,97,1283,1025,258,06,073,018100
06073018300,"Census Tract 183, San Diego County, California",596,0,0,0,0,0,0,0,596,193,111,82,403,403,0,06,073,018300
06073018610,"Census Tract 186.10, San Diego County, California",2015,92,27,7,20,65,65,0,1923,827,696,131,1096,595,501,06,073,018610
06073009400,"Census Tract 94, San Diego County, California",816,68,68,18,50,0,0,0,748,415,192,223,333,329,4,06,073,009400
06073008512,"Census Tract 85.12, San Diego County, California",801,27,19,19,0,8,0,8,774,402,329,73,372,288,84,06,073,008512
06073000700,"Census Tract 7, San Diego County, California",1357,83,36,36,0,47,47,0,1274,342,335,7,932,865,67,06,073,000700
06073001600,"Census Tract 16, San Diego County, California",1431,42,42,0,42,0,0,0,1389,491,274,217,898,729,169,06,073,001600
06073002707,"Census Tract 27.07, San Diego County, California",1555,98,66,0,66,32,0,32,1457,588,385,203,869,512,357,06,073,002707
06073011601,"Census Tract 116.01, San Diego County, California",1563,80,53,53,0,27,11,16,1483,659,432,227,824,553,271,06,073,011601
06073011602,"Census Tract 116.02, San Diego County, California",942,47,30,20,10,17,0,17,895,415,217,198,480,274,206,06,073,011602
06073011801,"Census Tract 118.01, San Diego County, California",1095,45,0,0,0,45,45,0,1050,365,205,160,685,399,286,06,073,011801
06073012200,"Census Tract 122, San Diego County, California",929,30,22,8,14,8,8,0,899,335,245,90,564,386,178,06,073,012200
06073012302,"Census Tract 123.02, San Diego County, California",400,12,0,0,0,12,12,0,388,161,133,28,227,171,56,06,073,012302
06073012800,"Census Tract 128, San Diego County, California",1047,41,41,23,18,0,0,0,1006,412,256,156,594,363,231,06,073,012800
06073013104,"Census Tract 131.04, San Diego County, California",1401,90,54,34,20,36,36,0,1311,680,484,196,631,521,110,06,073,013104
06073013409,"Census Tract 134.09, San Diego County, California",1058,15,8,8,0,7,7,0,1043,566,378,188,477,300,177,06,073,013409
06073014001,"Census Tract 140.01, San Diego County, California",1137,53,7,7,0,46,25,21,1084,520,351,169,564,325,239,06,073,014001
06073014400,"Census Tract 144, San Diego County, California",1053,30,23,9,14,7,7,0,1023,363,296,67,660,516,144,06,073,014400
06073014500,"Census Tract 145, San Diego County, California",1000,171,107,40,67,64,24,40,829,347,211,136,482,335,147,06,073,014500
06073015000,"Census Tract 150, San Diego County, California",1580,94,76,62,14,18,18,0,1486,753,574,179,733,550,183,06,073,015000
06073010003,"Census Tract 100.03, San Diego County, California",1576,44,44,36,8,0,0,0,1532,548,373,175,984,772,212,06,073,010003
06073009504,"Census Tract 95.04, San Diego County, California",1448,19,0,0,0,19,19,0,1429,974,628,346,455,295,160,06,073,009504
06073009801,"Census Tract 98.01, San Diego County, California",883,96,96,71,25,0,0,0,787,355,342,13,432,347,85,06,073,009801
06073009805,"Census Tract 98.05, San Diego County, California",1043,60,60,48,12,0,0,0,983,466,355,111,517,442,75,06,073,009805
06073010011,"Census Tract 100.11, San Diego County, California",965,64,58,16,42,6,6,0,901,372,287,85,529,376,153,06,073,010011
06073010014,"Census Tract 100.14, San Diego County, California",3946,235,196,161,35,39,39,0,3711,2149,1541,608,1562,1246,316,06,073,010014
06073010200,"Census Tract 102, San Diego County, California",1827,112,112,17,95,0,0,0,1715,289,235,54,1426,838,588,06,073,010200
06073010501,"Census Tract 105.01, San Diego County, California",308,5,5,0,5,0,0,0,303,122,90,32,181,114,67,06,073,010501
06071004504,"Census Tract 45.04, San Bernardino County, California",2070,42,30,30,0,12,12,0,2028,908,729,179,1120,977,143,06,071,004504
06071005300,"Census Tract 53, San Bernardino County, California",1268,114,70,26,44,44,44,0,1154,374,183,191,780,418,362,06,071,005300
06071005400,"Census Tract 54, San Bernardino County, California",1654,143,42,0,42,101,37,64,1511,573,290,283,938,495,443,06,071,005400
06071005500,"Census Tract 55, San Bernardino County, California",2105,111,73,18,55,38,11,27,1994,648,236,412,1346,487,859,06,071,005500
06085505303,"Census Tract 5053.03, Santa Clara County, California",1525,95,95,55,40,0,0,0,1430,787,421,366,643,510,133,06,085,505303
06071001307,"Census Tract 13.07, San Bernardino County, California",1095,64,23,4,19,41,11,30,1031,535,343,192,496,332,164,06,071,001307
06071001308,"Census Tract 13.08, San Bernardino County, California",1223,48,21,0,21,27,27,0,1175,565,357,208,610,326,284,06,071,001308
06071001309,"Census Tract 13.09, San Bernardino County, California",1332,58,0,0,0,58,58,0,1274,532,347,185,742,549,193,06,071,001309
06071001310,"Census Tract 13.10, San Bernardino County, California",1553,32,0,0,0,32,0,32,1521,642,395,247,879,619,260,06,071,001310
06071001311,"Census Tract 13.11, San Bernardino County, California",1134,41,29,13,16,12,12,0,1093,467,352,115,626,402,224,06,071,001311
06071001312,"Census Tract 13.12, San Bernardino County, California",1595,37,37,37,0,0,0,0,1558,694,543,151,864,582,282,06,071,001312
06071001501,"Census Tract 15.01, San Bernardino County, California",1133,56,34,6,28,22,10,12,1077,436,269,167,641,388,253,06,071,001501
06071001503,"Census Tract 15.03, San Bernardino County, California",1098,65,35,19,16,30,14,16,1033,455,263,192,578,322,256,06,071,001503
06071001504,"Census Tract 15.04, San Bernardino County, California",1791,141,90,52,38,51,51,0,1650,505,324,181,1145,861,284,06,071,001504
06071001704,"Census Tract 17.04, San Bernardino County, California",1243,56,8,0,8,48,48,0,1187,470,277,193,717,468,249,06,071,001704
06071001706,"Census Tract 17.06, San Bernardino County, California",1873,197,84,53,31,113,94,19,1676,664,479,185,1012,659,353,06,071,001706
06071001707,"Census Tract 17.07, San Bernardino County, California",1725,145,130,63,67,15,15,0,1580,761,493,268,819,565,254,06,071,001707
06071001804,"Census Tract 18.04, San Bernardino County, California",1278,40,0,0,0,40,40,0,1238,517,371,146,721,537,184,06,071,001804
06071001806,"Census Tract 18.06, San Bernardino County, California",1147,103,57,57,0,46,0,46,1044,479,322,157,565,379,186,06,071,001806
06071001808,"Census Tract 18.08, San Bernardino County, California",1309,65,56,56,0,9,9,0,1244,499,407,92,745,532,213,06,071,001808
06071001810,"Census Tract 18.10, San Bernardino County, California",1431,82,54,22,32,28,28,0,1349,642,395,247,707,448,259,06,071,001810
06071001809,"Census Tract 18.09, San Bernardino County, California",1410,83,38,0,38,45,45,0,1327,642,387,255,685,377,308,06,071,001809
06071001812,"Census Tract 18.12, San Bernardino County, California",933,42,40,11,29,2,2,0,891,343,184,159,548,336,212,06,071,001812
06071001901,"Census Tract 19.01, San Bernardino County, California",985,44,33,15,18,11,0,11,941,411,281,130,530,391,139,06,071,001901
06071001903,"Census Tract 19.03, San Bernardino County, California",3892,183,139,57,82,44,21,23,3709,1856,1069,787,1853,677,1176,06,071,001903
06071001905,"Census Tract 19.05, San Bernardino County, California",1709,188,163,95,68,25,25,0,1521,722,588,134,799,635,164,06,071,001905
06071001813,"Census Tract 18.13, San Bernardino County, California",1765,90,75,37,38,15,0,15,1675,641,392,249,1034,694,340,06,071,001813
06071001906,"Census Tract 19.06, San Bernardino County, California",2928,99,82,0,82,17,17,0,2829,931,564,367,1898,1493,405,06,071,001906
06071002011,"Census Tract 20.11, San Bernardino County, California",893,16,16,16,0,0,0,0,877,515,297,218,362,224,138,06,071,002011
06071002013,"Census Tract 20.13, San Bernardino County, California",825,40,24,24,0,16,16,0,785,297,212,85,488,325,163,06,071,002013
06071002014,"Census Tract 20.14, San Bernardino County, California",988,35,35,35,0,0,0,0,953,436,295,141,517,311,206,06,071,002014
06071002015,"Census Tract 20.15, San Bernardino County, California",1083,117,72,60,12,45,9,36,966,488,337,151,478,299,179,06,071,002015
06071002016,"Census Tract 20.16, San Bernardino County, California",925,63,24,24,0,39,18,21,862,357,293,64,505,394,111,06,071,002016
06071002017,"Census Tract 20.17, San Bernardino County, California",1211,45,45,19,26,0,0,0,1166,534,371,163,632,363,269,06,071,002017
06043000101,"Census Tract 1.01, Mariposa County, California",766,6,6,0,6,0,0,0,760,412,335,77,348,260,88,06,043,000101
06043000102,"Census Tract 1.02, Mariposa County, California",377,62,62,22,40,0,0,0,315,130,97,33,185,131,54,06,043,000102
06001451703,"Census Tract 4517.03, Alameda County, California",948,37,37,37,0,0,0,0,911,558,408,150,353,283,70,06,001,451703
06001451704,"Census Tract 4517.04, Alameda County, California",854,98,71,35,36,27,27,0,756,395,307,88,361,310,51,06,001,451704
06001981900,"Census Tract 9819, Alameda County, California",36,0,0,0,0,0,0,0,36,18,15,3,18,18,0,06,001,981900
06043000301,"Census Tract 3.01, Mariposa County, California",601,43,24,13,11,19,0,19,558,280,198,82,278,149,129,06,043,000301
06043000302,"Census Tract 3.02, Mariposa County, California",475,56,31,16,15,25,0,25,419,354,248,106,65,47,18,06,043,000302
06045011001,"Census Tract 110.01, Mendocino County, California",299,7,0,0,0,7,5,2,292,68,51,17,224,121,103,06,045,011001
06045011002,"Census Tract 110.02, Mendocino County, California",917,14,0,0,0,14,14,0,903,376,290,86,527,300,227,06,045,011002
06045011102,"Census Tract 111.02, Mendocino County, California",554,14,4,0,4,10,8,2,540,223,149,74,317,233,84,06,045,011102
06045990100,"Census Tract 9901, Mendocino County, California",0,0,0,0,0,0,0,0,0,0,0,0,0,0,0,06,045,990100
06047000201,"Census Tract 2.01, Merced County, California",789,44,7,2,5,37,24,13,745,320,187,133,425,179,246,06,047,000201
06047000202,"Census Tract 2.02, Merced County, California",395,34,34,29,5,0,0,0,361,155,84,71,206,119,87,06,047,000202
06047000203,"Census Tract 2.03, Merced County, California",2746,249,50,50,0,199,115,84,2497,1213,890,323,1284,589,695,06,047,000203
06047000401,"Census Tract 4.01, Merced County, California",334,4,0,0,0,4,0,4,330,189,53,136,141,112,29,06,047,000401
06047000402,"Census Tract 4.02, Merced County, California",1893,53,36,0,36,17,17,0,1840,928,621,307,912,576,336,06,047,000402
06047002401,"Census Tract 24.01, Merced County, California",301,31,31,9,22,0,0,0,270,114,38,76,156,43,113,06,047,002401
06047002402,"Census Tract 24.02, Merced County, California",1815,55,41,15,26,14,14,0,1760,835,527,308,925,593,332,06,047,002402
06037920030,"Census Tract 9200.30, Los Angeles County, California",1699,118,66,45,21,52,52,0,1581,621,487,134,960,789,171,06,037,920030
06037910805,"Census Tract 9108.05, Los Angeles County, California",844,68,52,0,52,16,8,8,776,381,235,146,395,233,162,06,037,910805
06037910809,"Census Tract 9108.09, Los Angeles County, California",403,22,22,4,18,0,0,0,381,170,89,81,211,151,60,06,037,910809
06037535606,"Census Tract 5356.06, Los Angeles County, California",610,44,9,4,5,35,0,35,566,186,140,46,380,256,124,06,037,535606
06037534202,"Census Tract 5342.02, Los Angeles County, California",1358,56,0,0,0,56,8,48,1302,470,294,176,832,487,345,06,037,534202
06037534900,"Census Tract 5349, Los Angeles County, California",1511,59,33,15,18,26,26,0,1452,716,524,192,736,578,158,06,037,534900
06037535102,"Census Tract 5351.02, Los Angeles County, California",1529,61,43,25,18,18,0,18,1468,535,280,255,933,654,279,06,037,535102
06037535701,"Census Tract 5357.01, Los Angeles County, California",1558,82,43,35,8,39,28,11,1476,629,436,193,847,653,194,06,037,535701
06037536000,"Census Tract 5360, Los Angeles County, California",1001,55,27,11,16,28,0,28,946,306,216,90,640,477,163,06,037,536000
06037536102,"Census Tract 5361.02, Los Angeles County, California",789,7,7,0,7,0,0,0,782,249,171,78,533,467,66,06,037,536102
06037536200,"Census Tract 5362, Los Angeles County, California",1992,95,20,20,0,75,59,16,1897,735,493,242,1162,816,346,06,037,536200
06037540400,"Census Tract 5404, Los Angeles County, California",769,27,26,0,26,1,0,1,742,283,171,112,459,315,144,06,037,540400
06037107010,"Census Tract 1070.10, Los Angeles County, California",892,0,0,0,0,0,0,0,892,381,226,155,511,319,192,06,037,107010
06037108101,"Census Tract 1081.01, Los Angeles County, California",428,25,21,21,0,4,4,0,403,241,203,38,162,104,58,06,037,108101
06037109300,"Census Tract 1093, Los Angeles County, California",836,22,22,12,10,0,0,0,814,430,374,56,384,225,159,06,037,109300
06037109400,"Census Tract 1094, Los Angeles County, California",1089,0,0,0,0,0,0,0,1089,471,329,142,618,373,245,06,037,109400
06073010601,"Census Tract 106.01, San Diego County, California",277,28,28,6,22,0,0,0,249,121,55,66,128,89,39,06,073,010601
06073017036,"Census Tract 170.36, San Diego County, California",978,27,27,7,20,0,0,0,951,404,322,82,547,410,137,06,073,017036
06073016616,"Census Tract 166.16, San Diego County, California",1041,39,28,0,28,11,11,0,1002,481,295,186,521,372,149,06,073,016616
06073016701,"Census Tract 167.01, San Diego County, California",2560,96,71,16,55,25,25,0,2464,1078,909,169,1386,1073,313,06,073,016701
06073017035,"Census Tract 170.35, San Diego County, California",877,13,5,0,5,8,0,8,864,304,192,112,560,446,114,06,073,017035
06073017046,"Census Tract 170.46, San Diego County, California",733,28,28,28,0,0,0,0,705,375,253,122,330,268,62,06,073,017046
06073017049,"Census Tract 170.49, San Diego County, California",671,46,26,19,7,20,15,5,625,314,251,63,311,246,65,06,073,017049
06073017306,"Census Tract 173.06, San Diego County, California",423,9,9,0,9,0,0,0,414,175,101,74,239,98,141,06,073,017306
06073017702,"Census Tract 177.02, San Diego County, California",747,78,52,18,34,26,0,26,669,235,208,27,434,330,104,06,073,017702
06073017801,"Census Tract 178.01, San Diego County, California",1612,11,11,11,0,0,0,0,1601,658,407,251,943,783,160,06,073,017801
06073017810,"Census Tract 178.10, San Diego County, California",865,38,38,38,0,0,0,0,827,435,329,106,392,326,66,06,073,017810
06037113322,"Census Tract 1133.22, Los Angeles County, California",726,10,0,0,0,10,10,0,716,362,273,89,354,270,84,06,037,113322
06037113421,"Census Tract 1134.21, Los Angeles County, California",1851,67,34,34,0,33,25,8,1784,736,590,146,1048,859,189,06,037,113421
06037117301,"Census Tract 1173.01, Los Angeles County, California",1063,17,17,10,7,0,0,0,1046,430,395,35,616,462,154,06,037,117301
06037117404,"Census Tract 1174.04, Los Angeles County, California",1172,67,43,9,34,24,24,0,1105,395,315,80,710,504,206,06,037,117404
06037121010,"Census Tract 1210.10, Los Angeles County, California",1161,98,37,13,24,61,0,61,1063,468,224,244,595,371,224,06,037,121010
06037121600,"Census Tract 1216, Los Angeles County, California",644,32,28,28,0,4,4,0,612,211,142,69,401,263,138,06,037,121600
06037231600,"Census Tract 2316, Los Angeles County, California",1956,169,91,55,36,78,20,58,1787,451,255,196,1336,922,414,06,037,231600
06037224410,"Census Tract 2244.10, Los Angeles County, California",954,58,32,0,32,26,0,26,896,141,111,30,755,484,271,06,037,224410
06037226420,"Census Tract 2264.20, Los Angeles County, California",1571,35,35,0,35,0,0,0,1536,559,361,198,977,586,391,06,037,226420
06037228710,"Census Tract 2287.10, Los Angeles County, California",1010,17,5,0,5,12,0,12,993,317,124,193,676,389,287,06,037,228710
06037232500,"Census Tract 2325, Los Angeles County, California",1134,34,0,0,0,34,33,1,1100,330,227,103,770,544,226,06,037,232500
06037620301,"Census Tract 6203.01, Los Angeles County, California",1116,59,59,59,0,0,0,0,1057,584,303,281,473,276,197,06,037,620301
06037620522,"Census Tract 6205.22, Los Angeles County, California",1268,54,54,21,33,0,0,0,1214,551,404,147,663,482,181,06,037,620522
06037117520,"Census Tract 1175.20, Los Angeles County, California",1135,74,51,28,23,23,10,13,1061,374,189,185,687,477,210,06,037,117520
06037106643,"Census Tract 1066.43, Los Angeles County, California",1214,75,75,64,11,0,0,0,1139,443,281,162,696,388,308,06,037,106643
06037109100,"Census Tract 1091, Los Angeles County, California",484,13,4,4,0,9,9,0,471,187,150,37,284,165,119,06,037,109100
06037109800,"Census Tract 1098, Los Angeles County, California",1364,76,53,41,12,23,11,12,1288,725,563,162,563,412,151,06,037,109800
06037111204,"Census Tract 1112.04, Los Angeles County, California",1035,23,11,11,0,12,12,0,1012,509,373,136,503,349,154,06,037,111204
06037113401,"Census Tract 1134.01, Los Angeles County, California",1608,42,42,21,21,0,0,0,1566,686,552,134,880,599,281,06,037,113401
06037115301,"Census Tract 1153.01, Los Angeles County, California",926,44,44,44,0,0,0,0,882,414,350,64,468,292,176,06,037,115301
06037117405,"Census Tract 1174.05, Los Angeles County, California",915,39,18,0,18,21,14,7,876,314,135,179,562,319,243,06,037,117405
06037119320,"Census Tract 1193.20, Los Angeles County, California",1256,24,24,13,11,0,0,0,1232,503,351,152,729,538,191,06,037,119320
06037120030,"Census Tract 1200.30, Los Angeles County, California",667,29,21,21,0,8,0,8,638,267,141,126,371,197,174,06,037,120030
06037121020,"Census Tract 1210.20, Los Angeles County, California",1133,31,15,15,0,16,7,9,1102,450,311,139,652,366,286,06,037,121020
06037122000,"Census Tract 1220, Los Angeles County, California",1522,63,38,38,0,25,25,0,1459,518,322,196,941,604,337,06,037,122000
06037123020,"Census Tract 1230.20, Los Angeles County, California",877,23,9,6,3,14,8,6,854,245,174,71,609,359,250,06,037,123020
06037123800,"Census Tract 1238, Los Angeles County, California",1604,41,41,41,0,0,0,0,1563,546,392,154,1017,725,292,06,037,123800
06037124000,"Census Tract 1240, Los Angeles County, California",1413,84,57,29,28,27,27,0,1329,521,435,86,808,642,166,06,037,124000
06037124300,"Census Tract 1243, Los Angeles County, California",802,8,8,8,0,0,0,0,794,242,164,78,552,350,202,06,037,124300
06037124500,"Census Tract 1245, Los Angeles County, California",711,26,18,18,0,8,8,0,685,329,204,125,356,289,67,06,037,124500
06037125100,"Census Tract 1251, Los Angeles County, California",1877,154,134,134,0,20,0,20,1723,454,379,75,1269,1130,139,06,037,125100
06037127220,"Census Tract 1272.20, Los Angeles County, California",1235,24,19,9,10,5,0,5,1211,423,310,113,788,583,205,06,037,127220
06037554518,"Census Tract 5545.18, Los Angeles County, California",1085,50,10,10,0,40,0,40,1035,650,447,203,385,233,152,06,037,554518
06037552400,"Census Tract 5524, Los Angeles County, California",577,24,13,13,0,11,11,0,553,253,150,103,300,177,123,06,037,552400
06037552602,"Census Tract 5526.02, Los Angeles County, California",1092,35,21,13,8,14,0,14,1057,365,204,161,692,409,283,06,037,552602
06037552700,"Census Tract 5527, Los Angeles County, California",2173,43,43,43,0,0,0,0,2130,758,438,320,1372,955,417,06,037,552700
06037554700,"Census Tract 5547, Los Angeles County, California",1127,19,12,12,0,7,7,0,1108,467,282,185,641,434,207,06,037,554700
06087120800,"Census Tract 1208, Santa Cruz County, California",969,44,44,44,0,0,0,0,925,389,242,147,536,423,113,06,087,120800
06087121100,"Census Tract 1211, Santa Cruz County, California",510,25,13,3,10,12,12,0,485,255,195,60,230,185,45,06,087,121100
06087121402,"Census Tract 1214.02, Santa Cruz County, California",1091,64,64,64,0,0,0,0,1027,464,337,127,563,340,223,06,087,121402
06087122500,"Census Tract 1225, Santa Cruz County, California",1453,68,35,0,35,33,26,7,1385,609,375,234,776,519,257,06,087,122500
06087101200,"Census Tract 1012, Santa Cruz County, California",614,10,10,10,0,0,0,0,604,166,101,65,438,315,123,06,087,101200
06037109500,"Census Tract 1095, Los Angeles County, California",1104,62,54,39,15,8,0,8,1042,461,247,214,581,383,198,06,037,109500
06037111202,"Census Tract 1112.02, Los Angeles County, California",1148,16,8,8,0,8,0,8,1132,580,405,175,552,376,176,06,037,111202
06037111301,"Census Tract 1113.01, Los Angeles County, California",1737,17,17,17,0,0,0,0,1720,757,601,156,963,679,284,06,037,111301
06037115101,"Census Tract 1151.01, Los Angeles County, California",1051,11,11,0,11,0,0,0,1040,442,274,168,598,341,257,06,037,115101
06037119340,"Census Tract 1193.40, Los Angeles County, California",1103,50,4,0,4,46,21,25,1053,493,323,170,560,402,158,06,037,119340
06037120400,"Census Tract 1204, Los Angeles County, California",1706,82,48,16,32,34,34,0,1624,638,457,181,986,767,219,06,037,120400
06037123203,"Census Tract 1232.03, Los Angeles County, California",1087,44,44,0,44,0,0,0,1043,374,247,127,669,432,237,06,037,123203
06037123602,"Census Tract 1236.02, Los Angeles County, California",877,28,28,16,12,0,0,0,849,305,272,33,544,378,166,06,037,123602
06037124400,"Census Tract 1244, Los Angeles County, California",893,54,54,54,0,0,0,0,839,351,230,121,488,389,99,06,037,124400
06037127400,"Census Tract 1274, Los Angeles County, California",1718,127,31,18,13,96,66,30,1591,817,606,211,774,541,233,06,037,127400
06037128500,"Census Tract 1285, Los Angeles County, California",1025,76,76,59,17,0,0,0,949,337,265,72,612,504,108,06,037,128500
06037131800,"Census Tract 1318, Los Angeles County, California",1532,53,53,44,9,0,0,0,1479,668,397,271,811,564,247,06,037,131800
06037134304,"Census Tract 1343.04, Los Angeles County, California",687,53,53,18,35,0,0,0,634,320,190,130,314,197,117,06,037,134304
06037134306,"Census Tract 1343.06, Los Angeles County, California",896,9,9,0,9,0,0,0,887,482,250,232,405,335,70,06,037,134306
06037135102,"Census Tract 1351.02, Los Angeles County, California",821,44,44,25,19,0,0,0,777,318,259,59,459,344,115,06,037,135102
06037135203,"Census Tract 1352.03, Los Angeles County, California",1558,19,19,0,19,0,0,0,1539,749,598,151,790,637,153,06,037,135203
06037139301,"Census Tract 1393.01, Los Angeles County, California",854,0,0,0,0,0,0,0,854,353,291,62,501,330,171,06,037,139301
06085505401,"Census Tract 5054.01, Santa Clara County, California",2068,156,156,0,156,0,0,0,1912,1146,604,542,766,601,165,06,085,505401
06085505900,"Census Tract 5059, Santa Clara County, California",1538,49,49,16,33,0,0,0,1489,971,609,362,518,508,10,06,085,505900
06085506604,"Census Tract 5066.04, Santa Clara County, California",1940,108,92,48,44,16,16,0,1832,1061,593,468,771,570,201,06,085,506604
06085507100,"Census Tract 5071, Santa Clara County, California",739,32,32,24,8,0,0,0,707,388,254,134,319,190,129,06,085,507100
06085507203,"Census Tract 5072.03, Santa Clara County, California",502,9,9,9,0,0,0,0,493,258,178,80,235,192,43,06,085,507203
06085507205,"Census Tract 5072.05, Santa Clara County, California",726,93,67,47,20,26,0,26,633,428,363,65,205,134,71,06,085,507205
06085507206,"Census Tract 5072.06, Santa Clara County, California",414,19,19,19,0,0,0,0,395,217,146,71,178,120,58,06,085,507206
06085507402,"Census Tract 5074.02, Santa Clara County, California",905,45,45,35,10,0,0,0,860,451,236,215,409,255,154,06,085,507402
06085508304,"Census Tract 5083.04, Santa Clara County, California",2282,100,100,27,73,0,0,0,2182,1038,711,327,1144,832,312,06,085,508304
06085508404,"Census Tract 5084.04, Santa Clara County, California",1514,62,48,48,0,14,14,0,1452,984,660,324,468,277,191,06,085,508404
06085509106,"Census Tract 5091.06, Santa Clara County, California",1108,51,51,26,25,0,0,0,1057,694,455,239,363,301,62,06,085,509106
06085509600,"Census Tract 5096, Santa Clara County, California",1012,55,55,47,8,0,0,0,957,532,404,128,425,299,126,06,085,509600
06085510802,"Census Tract 5108.02, Santa Clara County, California",336,10,10,0,10,0,0,0,326,211,117,94,115,50,65,06,085,510802
06085511100,"Census Tract 5111, Santa Clara County, California",1055,11,11,11,0,0,0,0,1044,695,445,250,349,210,139,06,085,511100
06085511200,"Census Tract 5112, Santa Clara County, California",953,56,56,21,35,0,0,0,897,582,368,214,315,228,87,06,085,511200
06085512001,"Census Tract 5120.01, Santa Clara County, California",1567,76,61,61,0,15,14,1,1491,1062,827,235,429,307,122,06,085,512001
06085501000,"Census Tract 5010, Santa Clara County, California",1314,18,18,18,0,0,0,0,1296,356,304,52,940,772,168,06,085,501000
06085501502,"Census Tract 5015.02, Santa Clara County, California",1283,63,54,30,24,9,9,0,1220,538,405,133,682,346,336,06,085,501502
06085502800,"Census Tract 5028, Santa Clara County, California",927,27,27,10,17,0,0,0,900,539,416,123,361,248,113,06,085,502800
06085502908,"Census Tract 5029.08, Santa Clara County, California",1452,79,79,65,14,0,0,0,1373,948,748,200,425,302,123,06,085,502908
06085503003,"Census Tract 5030.03, Santa Clara County, California",1156,76,76,46,30,0,0,0,1080,714,522,192,366,234,132,06,085,503003
06085503212,"Census Tract 5032.12, Santa Clara County, California",1089,52,52,28,24,0,0,0,1037,365,327,38,672,444,228,06,085,503212
06085503218,"Census Tract 5032.18, Santa Clara County, California",1178,20,20,20,0,0,0,0,1158,441,280,161,717,468,249,06,085,503218
06085503313,"Census Tract 5033.13, Santa Clara County, California",1082,82,73,45,28,9,9,0,1000,410,378,32,590,350,240,06,085,503313
06079011501,"Census Tract 115.01, San Luis Obispo County, California",388,0,0,0,0,0,0,0,388,143,72,71,245,152,93,06,079,011501
06079012704,"Census Tract 127.04, San Luis Obispo County, California",1443,102,102,25,77,0,0,0,1341,864,674,190,477,303,174,06,079,012704
06079011600,"Census Tract 116, San Luis Obispo County, California",631,18,18,18,0,0,0,0,613,371,260,111,242,156,86,06,079,011600
06079012401,"Census Tract 124.01, San Luis Obispo County, California",1478,10,10,0,10,0,0,0,1468,786,620,166,682,524,158,06,079,012401
06079010300,"Census Tract 103, San Luis Obispo County, California",1852,147,129,74,55,18,0,18,1705,1009,614,395,696,446,250,06,079,010300
06079010701,"Census Tract 107.01, San Luis Obispo County, California",1168,29,29,24,5,0,0,0,1139,628,494,134,511,306,205,06,079,010701
06079011101,"Census Tract 111.01, San Luis Obispo County, California",1055,38,38,38,0,0,0,0,1017,201,162,39,816,677,139,06,079,011101
06079011102,"Census Tract 111.02, San Luis Obispo County, California",1437,55,55,31,24,0,0,0,1382,479,374,105,903,656,247,06,079,011102
06079011800,"Census Tract 118, San Luis Obispo County, California",987,58,34,23,11,24,24,0,929,585,462,123,344,273,71,06,079,011800
06079011902,"Census Tract 119.02, San Luis Obispo County, California",1612,102,73,0,73,29,0,29,1510,724,514,210,786,483,303,06,079,011902
06089010602,"Census Tract 106.02, Shasta County, California",998,38,38,26,12,0,0,0,960,445,368,77,515,422,93,06,089,010602
06089010603,"Census Tract 106.03, Shasta County, California",337,10,0,0,0,10,0,10,327,156,90,66,171,96,75,06,089,010603
06089010703,"Census Tract 107.03, Shasta County, California",813,31,21,21,0,10,0,10,782,280,179,101,502,378,124,06,089,010703
06089010704,"Census Tract 107.04, Shasta County, California",753,88,33,9,24,55,46,9,665,126,41,85,539,300,239,06,089,010704
06089010803,"Census Tract 108.03, Shasta County, California",1331,20,20,20,0,0,0,0,1311,453,353,100,858,663,195,06,089,010803
06089010804,"Census Tract 108.04, Shasta County, California",640,30,30,30,0,0,0,0,610,163,106,57,447,226,221,06,089,010804
06089010805,"Census Tract 108.05, Shasta County, California",1110,34,20,9,11,14,14,0,1076,548,429,119,528,382,146,06,089,010805
06089010807,"Census Tract 108.07, Shasta County, California",912,75,45,35,10,30,0,30,837,417,242,175,420,233,187,06,089,010807
06067008913,"Census Tract 89.13, Sacramento County, California",970,15,0,0,0,15,0,15,955,416,300,116,539,372,167,06,067,008913
06067009005,"Census Tract 90.05, Sacramento County, California",888,13,13,0,13,0,0,0,875,330,244,86,545,367,178,06,067,009005
06047002500,"Census Tract 25, Merced County, California",455,40,31,16,15,9,4,5,415,178,131,47,237,81,156,06,047,002500
06047002600,"Census Tract 26, Merced County, California",1351,80,29,22,7,51,18,33,1271,672,528,144,599,328,271,06,047,002600
06053000701,"Census Tract 7.01, Monterey County, California",1394,96,52,35,17,44,21,23,1298,495,268,227,803,330,473,06,053,000701
06051000101,"Census Tract 1.01, Mono County, California",485,20,7,7,0,13,0,13,465,206,194,12,259,240,19,06,051,000101
06051000102,"Census Tract 1.02, Mono County, California",311,45,45,21,24,0,0,0,266,106,63,43,160,158,2,06,051,000102
06053000501,"Census Tract 5.01, Monterey County, California",1146,15,15,0,15,0,0,0,1131,285,103,182,846,564,282,06,053,000501
06053000502,"Census Tract 5.02, Monterey County, California",855,56,25,25,0,31,12,19,799,263,166,97,536,311,225,06,053,000502
06053000702,"Census Tract 7.02, Monterey County, California",1549,122,12,0,12,110,61,49,1427,566,310,256,861,513,348,06,053,000702
06053001801,"Census Tract 18.01, Monterey County, California",863,20,16,16,0,4,0,4,843,384,259,125,459,173,286,06,053,001801
06053001802,"Census Tract 18.02, Monterey County, California",1522,80,28,14,14,52,20,32,1442,560,332,228,882,554,328,06,053,001802
06053010306,"Census Tract 103.06, Monterey County, California",222,14,14,0,14,0,0,0,208,121,55,66,87,74,13,06,053,010306
06053010506,"Census Tract 105.06, Monterey County, California",1160,83,67,55,12,16,0,16,1077,507,276,231,570,389,181,06,053,010506
06053010505,"Census Tract 105.05, Monterey County, California",1595,68,61,0,61,7,7,0,1527,604,297,307,923,653,270,06,053,010505
06053010607,"Census Tract 106.07, Monterey County, California",984,54,12,12,0,42,25,17,930,296,169,127,634,322,312,06,053,010607
06053010608,"Census Tract 106.08, Monterey County, California",705,51,46,35,11,5,5,0,654,274,190,84,380,228,152,06,053,010608
06053010804,"Census Tract 108.04, Monterey County, California",1306,84,24,0,24,60,27,33,1222,481,218,263,741,328,413,06,053,010804
06053011203,"Census Tract 112.03, Monterey County, California",1708,89,19,19,0,70,48,22,1619,496,298,198,1123,643,480,06,053,011203
06053011204,"Census Tract 112.04, Monterey County, California",973,11,11,0,11,0,0,0,962,417,306,111,545,270,275,06,053,011204
06053011303,"Census Tract 113.03, Monterey County, California",1159,26,13,0,13,13,13,0,1133,443,240,203,690,326,364,06,053,011303
06053011304,"Census Tract 113.04, Monterey County, California",1920,40,15,0,15,25,25,0,1880,865,335,530,1015,335,680,06,053,011304
06053011502,"Census Tract 115.02, Monterey County, California",393,0,0,0,0,0,0,0,393,234,187,47,159,145,14,06,053,011502
06037141304,"Census Tract 1413.04, Los Angeles County, California",953,27,16,16,0,11,0,11,926,343,284,59,583,525,58,06,037,141304
06037143604,"Census Tract 1436.04, Los Angeles County, California",1241,9,9,0,9,0,0,0,1232,419,333,86,813,690,123,06,037,143604
06037183103,"Census Tract 1831.03, Los Angeles County, California",1204,112,97,34,63,15,10,5,1092,405,331,74,687,526,161,06,037,183103
06037143603,"Census Tract 1436.03, Los Angeles County, California",764,30,30,10,20,0,0,0,734,241,216,25,493,374,119,06,037,143603
06037183221,"Census Tract 1832.21, Los Angeles County, California",1074,32,8,8,0,24,24,0,1042,395,253,142,647,521,126,06,037,183221
06037183104,"Census Tract 1831.04, Los Angeles County, California",500,19,7,7,0,12,12,0,481,148,111,37,333,269,64,06,037,183104
06037183222,"Census Tract 1832.22, Los Angeles County, California",729,22,22,11,11,0,0,0,707,330,305,25,377,250,127,06,037,183222
06037183401,"Census Tract 1834.01, Los Angeles County, California",542,8,8,8,0,0,0,0,534,161,106,55,373,289,84,06,037,183401
06037408722,"Census Tract 4087.22, Los Angeles County, California",1129,14,14,14,0,0,0,0,1115,406,237,169,709,435,274,06,037,408722
06037533202,"Census Tract 5332.02, Los Angeles County, California",861,8,8,0,8,0,0,0,853,302,172,130,551,377,174,06,037,533202
06037534404,"Census Tract 5344.04, Los Angeles County, California",1019,51,13,13,0,38,38,0,968,347,201,146,621,384,237,06,037,534404
06037541700,"Census Tract 5417, Los Angeles County, California",1690,60,8,8,0,52,52,0,1630,734,439,295,896,587,309,06,037,541700
06037543400,"Census Tract 5434, Los Angeles County, California",924,33,33,13,20,0,0,0,891,355,243,112,536,341,195,06,037,543400
06037143200,"Census Tract 1432, Los Angeles County, California",1402,11,11,0,11,0,0,0,1391,470,377,93,921,835,86,06,037,143200
06037128400,"Census Tract 1284, Los Angeles County, California",1167,52,52,52,0,0,0,0,1115,426,278,148,689,612,77,06,037,128400
06037294900,"Census Tract 2949, Los Angeles County, California",982,63,23,0,23,40,24,16,919,334,203,131,585,403,182,06,037,294900
06037300200,"Census Tract 3002, Los Angeles County, California",1077,33,33,8,25,0,0,0,1044,492,275,217,552,403,149,06,037,300200
06037218110,"Census Tract 2181.10, Los Angeles County, California",1041,0,0,0,0,0,0,0,1041,250,212,38,791,560,231,06,037,218110
06037219500,"Census Tract 2195, Los Angeles County, California",380,21,21,21,0,0,0,0,359,112,84,28,247,167,80,06,037,219500
06037226700,"Census Tract 2267, Los Angeles County, California",2165,99,15,15,0,84,45,39,2066,728,526,202,1338,690,648,06,037,226700
06037231100,"Census Tract 2311, Los Angeles County, California",739,54,7,7,0,47,24,23,685,206,136,70,479,208,271,06,037,231100
06037235201,"Census Tract 2352.01, Los Angeles County, California",647,40,9,9,0,31,17,14,607,126,102,24,481,356,125,06,037,235201
06037502402,"Census Tract 5024.02, Los Angeles County, California",845,52,32,18,14,20,13,7,793,353,268,85,440,334,106,06,037,502402
06037461502,"Census Tract 4615.02, Los Angeles County, California",1552,116,69,37,32,47,47,0,1436,551,416,135,885,625,260,06,037,461502
06037461901,"Census Tract 4619.01, Los Angeles County, California",1489,78,48,14,34,30,30,0,1411,402,270,132,1009,736,273,06,037,461901
06037461902,"Census Tract 4619.02, Los Angeles County, California",542,0,0,0,0,0,0,0,542,98,98,0,444,290,154,06,037,461902
06037462001,"Census Tract 4620.01, Los Angeles County, California",1083,103,51,9,42,52,24,28,980,337,197,140,643,459,184,06,037,462001
06037462002,"Census Tract 4620.02, Los Angeles County, California",1305,42,42,32,10,0,0,0,1263,318,208,110,945,533,412,06,037,462002
06037462201,"Census Tract 4622.01, Los Angeles County, California",985,6,6,0,6,0,0,0,979,390,329,61,589,381,208,06,037,462201
06037462202,"Census Tract 4622.02, Los Angeles County, California",966,70,70,16,54,0,0,0,896,325,201,124,571,367,204,06,037,462202
06037462301,"Census Tract 4623.01, Los Angeles County, California",1495,77,11,0,11,66,42,24,1418,507,436,71,911,722,189,06,037,462301
06037462302,"Census Tract 4623.02, Los Angeles County, California",933,44,44,30,14,0,0,0,889,409,328,81,480,431,49,06,037,462302
06037463601,"Census Tract 4636.01, Los Angeles County, California",1852,63,43,30,13,20,20,0,1789,667,436,231,1122,897,225,06,037,463601
06037463602,"Census Tract 4636.02, Los Angeles County, California",1640,167,93,72,21,74,74,0,1473,721,579,142,752,539,213,06,037,463602
06037480303,"Census Tract 4803.03, Los Angeles County, California",1018,46,27,11,16,19,0,19,972,326,215,111,646,510,136,06,037,480303
06037481605,"Census Tract 4816.05, Los Angeles County, California",747,45,33,33,0,12,12,0,702,271,217,54,431,328,103,06,037,481605
06037481606,"Census Tract 4816.06, Los Angeles County, California",1002,35,35,9,26,0,0,0,967,543,367,176,424,275,149,06,037,481606
06037500403,"Census Tract 5004.03, Los Angeles County, California",1169,13,0,0,0,13,0,13,1156,408,338,70,748,539,209,06,037,500403
06037500404,"Census Tract 5004.04, Los Angeles County, California",1134,6,6,6,0,0,0,0,1128,348,238,110,780,543,237,06,037,500404
06037501001,"Census Tract 5010.01, Los Angeles County, California",787,49,49,29,20,0,0,0,738,333,185,148,405,193,212,06,037,501001
06037501803,"Census Tract 5018.03, Los Angeles County, California",1209,77,61,19,42,16,9,7,1132,348,237,111,784,455,329,06,037,501803
06037501804,"Census Tract 5018.04, Los Angeles County, California",649,6,0,0,0,6,6,0,643,232,144,88,411,271,140,06,037,501804
06037480304,"Census Tract 4803.04, Los Angeles County, California",1388,26,20,13,7,6,0,6,1362,468,320,148,894,602,292,06,037,480304
06037501002,"Census Tract 5010.02, Los Angeles County, California",1320,84,47,47,0,37,7,30,1236,529,455,74,707,387,320,06,037,501002
06037502003,"Census Tract 5020.03, Los Angeles County, California",712,17,8,4,4,9,0,9,695,350,312,38,345,241,104,06,037,502003
06037502004,"Census Tract 5020.04, Los Angeles County, California",1105,7,7,3,4,0,0,0,1098,430,289,141,668,392,276,06,037,502004
06065031702,"Census Tract 317.02, Riverside County, California",537,14,14,14,0,0,0,0,523,234,134,100,289,171,118,06,065,031702
06065046403,"Census Tract 464.03, Riverside County, California",2036,197,43,25,18,154,18,136,1839,770,508,262,1069,709,360,06,065,046403
06065045110,"Census Tract 451.10, Riverside County, California",1249,52,42,26,16,10,10,0,1197,666,597,69,531,402,129,06,065,045110
06001425102,"Census Tract 4251.02, Alameda County, California",1446,18,18,9,9,0,0,0,1428,480,274,206,948,620,328,06,001,425102
06001425103,"Census Tract 4251.03, Alameda County, California",956,10,10,0,10,0,0,0,946,383,325,58,563,472,91,06,001,425103
06001430101,"Census Tract 4301.01, Alameda County, California",1353,115,92,76,16,23,23,0,1238,797,556,241,441,276,165,06,001,430101
06001430102,"Census Tract 4301.02, Alameda County, California",417,17,17,12,5,0,0,0,400,196,143,53,204,140,64,06,001,430102
06001425104,"Census Tract 4251.04, Alameda County, California",1140,42,42,30,12,0,0,0,1098,266,222,44,832,706,126,06,001,425104
06001428700,"Census Tract 4287, Alameda County, California",999,45,45,23,22,0,0,0,954,544,432,112,410,305,105,06,001,428700
06001432501,"Census Tract 4325.01, Alameda County, California",1273,31,31,11,20,0,0,0,1242,455,356,99,787,514,273,06,001,432501
06001442400,"Census Tract 4424, Alameda County, California",1815,42,42,20,22,0,0,0,1773,896,664,232,877,603,274,06,001,442400
06001444200,"Census Tract 4442, Alameda County, California",1565,66,47,31,16,19,9,10,1499,694,583,111,805,596,209,06,001,444200
06001450604,"Census Tract 4506.04, Alameda County, California",1188,22,22,22,0,0,0,0,1166,668,410,258,498,384,114,06,001,450604
06001450701,"Census Tract 4507.01, Alameda County, California",1708,104,104,56,48,0,0,0,1604,873,530,343,731,392,339,06,001,450701
06001435800,"Census Tract 4358, Alameda County, California",1361,84,84,84,0,0,0,0,1277,709,565,144,568,459,109,06,001,435800
06001435900,"Census Tract 4359, Alameda County, California",1359,79,79,73,6,0,0,0,1280,663,491,172,617,385,232,06,001,435900
06001436500,"Census Tract 4365, Alameda County, California",1753,176,59,11,48,117,50,67,1577,554,388,166,1023,753,270,06,001,436500
06001436700,"Census Tract 4367, Alameda County, California",988,9,9,7,2,0,0,0,979,394,299,95,585,486,99,06,001,436700
06053001600,"Census Tract 16, Monterey County, California",609,21,21,9,12,0,0,0,588,258,159,99,330,199,131,06,053,001600
06053010202,"Census Tract 102.02, Monterey County, California",911,19,19,0,19,0,0,0,892,362,308,54,530,315,215,06,053,010202
06053010603,"Census Tract 106.03, Monterey County, California",1862,39,20,0,20,19,19,0,1823,985,898,87,838,622,216,06,053,010603
06075021700,"Census Tract 217, San Francisco County, California",931,76,76,76,0,0,0,0,855,452,406,46,403,343,60,06,075,021700
06075022802,"Census Tract 228.02, San Francisco County, California",655,60,24,16,8,36,0,36,595,158,147,11,437,337,100,06,075,022802
06075022901,"Census Tract 229.01, San Francisco County, California",1416,87,77,41,36,10,10,0,1329,338,241,97,991,855,136,06,075,022901
06075022902,"Census Tract 229.02, San Francisco County, California",473,13,13,7,6,0,0,0,460,176,118,58,284,254,30,06,075,022902
06075022903,"Census Tract 229.03, San Francisco County, California",1062,74,48,20,28,26,26,0,988,334,232,102,654,562,92,06,075,022903
06075023003,"Census Tract 230.03, San Francisco County, California",741,27,27,0,27,0,0,0,714,327,283,44,387,277,110,06,075,023003
06075026403,"Census Tract 264.03, San Francisco County, California",889,9,9,9,0,0,0,0,880,366,280,86,514,396,118,06,075,026403
06075030201,"Census Tract 302.01, San Francisco County, California",1463,68,39,28,11,29,29,0,1395,604,461,143,791,729,62,06,075,030201
06075030302,"Census Tract 303.02, San Francisco County, California",948,48,48,48,0,0,0,0,900,346,285,61,554,478,76,06,075,030302
06075030400,"Census Tract 304, San Francisco County, California",1412,74,74,62,12,0,0,0,1338,624,437,187,714,560,154,06,075,030400
06037701304,"Census Tract 7013.04, Los Angeles County, California",1385,93,93,70,23,0,0,0,1292,540,315,225,752,618,134,06,037,701304
06037701402,"Census Tract 7014.02, Los Angeles County, California",1666,36,36,14,22,0,0,0,1630,489,411,78,1141,932,209,06,037,701402
06037701902,"Census Tract 7019.02, Los Angeles County, California",1271,0,0,0,0,0,0,0,1271,277,261,16,994,834,160,06,037,701902
06037702002,"Census Tract 7020.02, Los Angeles County, California",1734,96,59,43,16,37,37,0,1638,598,459,139,1040,870,170,06,037,702002
06037702102,"Census Tract 7021.02, Los Angeles County, California",1590,74,74,32,42,0,0,0,1516,338,278,60,1178,1020,158,06,037,702102
06037800203,"Census Tract 8002.03, Los Angeles County, California",1327,47,47,36,11,0,0,0,1280,681,425,256,599,405,194,06,037,800203
06037800204,"Census Tract 8002.04, Los Angeles County, California",826,88,88,57,31,0,0,0,738,329,183,146,409,293,116,06,037,800204
06037800327,"Census Tract 8003.27, Los Angeles County, California",1517,43,43,43,0,0,0,0,1474,590,386,204,884,552,332,06,037,800327
06037800328,"Census Tract 8003.28, Los Angeles County, California",677,34,9,9,0,25,25,0,643,239,165,74,404,397,7,06,037,800328
06037800329,"Census Tract 8003.29, Los Angeles County, California",1560,27,27,27,0,0,0,0,1533,923,672,251,610,416,194,06,037,800329
06077005210,"Census Tract 52.10, San Joaquin County, California",3311,84,68,30,38,16,0,16,3227,1741,1286,455,1486,1120,366,06,077,005210
06077005307,"Census Tract 53.07, San Joaquin County, California",811,23,18,4,14,5,5,0,788,383,275,108,405,283,122,06,077,005307
06077005308,"Census Tract 53.08, San Joaquin County, California",1158,109,47,21,26,62,62,0,1049,500,391,109,549,445,104,06,077,005308
06077005405,"Census Tract 54.05, San Joaquin County, California",831,26,26,0,26,0,0,0,805,472,340,132,333,213,120,06,077,005405
06077005406,"Census Tract 54.06, San Joaquin County, California",806,38,13,7,6,25,0,25,768,396,220,176,372,256,116,06,077,005406
06077005501,"Census Tract 55.01, San Joaquin County, California",360,20,20,8,12,0,0,0,340,192,158,34,148,79,69,06,077,005501
06077005207,"Census Tract 52.07, San Joaquin County, California",3680,93,93,93,0,0,0,0,3587,2101,1691,410,1486,1009,477,06,077,005207
06077005208,"Census Tract 52.08, San Joaquin County, California",1667,93,51,37,14,42,42,0,1574,729,498,231,845,452,393,06,077,005208
06077005502,"Census Tract 55.02, San Joaquin County, California",455,41,41,25,16,0,0,0,414,198,136,62,216,141,75,06,077,005502
06079010002,"Census Tract 100.02, San Luis Obispo County, California",1007,42,42,13,29,0,0,0,965,306,181,125,659,627,32,06,079,010002
06079010016,"Census Tract 100.16, San Luis Obispo County, California",1054,58,48,21,27,10,10,0,996,410,257,153,586,396,190,06,079,010016
06079010101,"Census Tract 101.01, San Luis Obispo County, California",339,21,17,16,1,4,0,4,318,156,102,54,162,110,52,06,079,010101
06079010503,"Census Tract 105.03, San Luis Obispo County, California",946,49,49,0,49,0,0,0,897,315,248,67,582,406,176,06,079,010503
06079010102,"Census Tract 101.02, San Luis Obispo County, California",1857,119,119,19,100,0,0,0,1738,754,463,291,984,676,308,06,079,010102
06079010204,"Census Tract 102.04, San Luis Obispo County, California",1561,25,25,25,0,0,0,0,1536,823,633,190,713,521,192,06,079,010204
06079010205,"Census Tract 102.05, San Luis Obispo County, California",1219,86,25,25,0,61,48,13,1133,509,462,47,624,520,104,06,079,010205
06065043821,"Census Tract 438.21, Riverside County, California",1163,126,110,75,35,16,16,0,1037,596,405,191,441,343,98,06,065,043821
06065043822,"Census Tract 438.22, Riverside County, California",800,30,30,20,10,0,0,0,770,346,217,129,424,295,129,06,065,043822
06065043823,"Census Tract 438.23, Riverside County, California",2384,227,187,116,71,40,40,0,2157,1301,1006,295,856,528,328,06,065,043823
06053010604,"Census Tract 106.04, Monterey County, California",1249,72,53,53,0,19,19,0,1177,564,418,146,613,416,197,06,053,010604
06053012401,"Census Tract 124.01, Monterey County, California",322,6,6,0,6,0,0,0,316,133,110,23,183,160,23,06,053,012401
06053014301,"Census Tract 143.01, Monterey County, California",845,29,29,19,10,0,0,0,816,378,289,89,438,394,44,06,053,014301
06053000104,"Census Tract 1.04, Monterey County, California",1046,42,38,29,9,4,4,0,1004,361,231,130,643,379,264,06,053,000104
06053000200,"Census Tract 2, Monterey County, California",1927,71,14,6,8,57,57,0,1856,633,530,103,1223,758,465,06,053,000200
06053001200,"Census Tract 12, Monterey County, California",621,41,40,8,32,1,0,1,580,260,181,79,320,258,62,06,053,001200
06053010400,"Census Tract 104, Monterey County, California",1576,56,38,19,19,18,9,9,1520,712,394,318,808,702,106,06,053,010400
06053000101,"Census Tract 1.01, Monterey County, California",588,31,16,16,0,15,0,15,557,166,106,60,391,216,175,06,053,000101
06053000400,"Census Tract 4, Monterey County, California",1944,89,14,0,14,75,41,34,1855,855,620,235,1000,531,469,06,053,000400
06053010606,"Census Tract 106.06, Monterey County, California",1432,76,53,21,32,23,23,0,1356,696,455,241,660,367,293,06,053,010606
06053012402,"Census Tract 124.02, Monterey County, California",417,28,16,16,0,12,0,12,389,216,130,86,173,143,30,06,053,012402
06053012800,"Census Tract 128, Monterey County, California",825,0,0,0,0,0,0,0,825,326,277,49,499,271,228,06,053,012800
06053013000,"Census Tract 130, Monterey County, California",853,15,15,0,15,0,0,0,838,277,214,63,561,464,97,06,053,013000
06053014102,"Census Tract 141.02, Monterey County, California",757,15,15,15,0,0,0,0,742,283,198,85,459,272,187,06,053,014102
06053000300,"Census Tract 3, Monterey County, California",1287,26,0,0,0,26,16,10,1261,406,302,104,855,517,338,06,053,000300
06053000600,"Census Tract 6, Monterey County, California",1830,58,22,14,8,36,7,29,1772,677,301,376,1095,573,522,06,053,000600
06053001300,"Census Tract 13, Monterey County, California",627,30,30,11,19,0,0,0,597,250,151,99,347,253,94,06,053,001300
06053011900,"Census Tract 119, Monterey County, California",738,0,0,0,0,0,0,0,738,268,156,112,470,254,216,06,053,011900
06053012000,"Census Tract 120, Monterey County, California",785,33,33,24,9,0,0,0,752,393,290,103,359,257,102,06,053,012000
06053013100,"Census Tract 131, Monterey County, California",449,117,117,36,81,0,0,0,332,303,136,167,29,26,3,06,053,013100
06053000900,"Census Tract 9, Monterey County, California",1361,76,35,35,0,41,0,41,1285,412,250,162,873,514,359,06,053,000900
06053010101,"Census Tract 101.01, Monterey County, California",1223,44,0,0,0,44,34,10,1179,522,323,199,657,403,254,06,053,010101
06053010501,"Census Tract 105.01, Monterey County, California",1225,52,52,35,17,0,0,0,1173,467,231,236,706,401,305,06,053,010501
06053011000,"Census Tract 110, Monterey County, California",895,46,46,46,0,0,0,0,849,444,319,125,405,240,165,06,053,011000
06077003410,"Census Tract 34.10, San Joaquin County, California",1730,126,75,35,40,51,44,7,1604,787,418,369,817,557,260,06,077,003410
06077004105,"Census Tract 41.05, San Joaquin County, California",842,29,20,12,8,9,0,9,813,355,258,97,458,372,86,06,077,004105
06077004106,"Census Tract 41.06, San Joaquin County, California",307,10,10,0,10,0,0,0,297,157,123,34,140,124,16,06,077,004106
06077004308,"Census Tract 43.08, San Joaquin County, California",1106,108,95,70,25,13,0,13,998,431,211,220,567,297,270,06,077,004308
06077004307,"Census Tract 43.07, San Joaquin County, California",937,59,52,17,35,7,7,0,878,352,286,66,526,393,133,06,077,004307
06077004403,"Census Tract 44.03, San Joaquin County, California",826,48,40,0,40,8,8,0,778,428,163,265,350,253,97,06,077,004403
06065044930,"Census Tract 449.30, Riverside County, California",758,0,0,0,0,0,0,0,758,393,243,150,365,329,36,06,065,044930
06065044931,"Census Tract 449.31, Riverside County, California",451,23,23,14,9,0,0,0,428,177,122,55,251,141,110,06,065,044931
06065044932,"Census Tract 449.32, Riverside County, California",744,55,53,36,17,2,0,2,689,415,358,57,274,140,134,06,065,044932
06059099232,"Census Tract 992.32, Orange County, California",1041,50,34,34,0,16,16,0,991,510,415,95,481,395,86,06,059,099232
06059099237,"Census Tract 992.37, Orange County, California",703,64,56,56,0,8,0,8,639,286,203,83,353,277,76,06,059,099237
06059099239,"Census Tract 992.39, Orange County, California",725,24,10,10,0,14,14,0,701,369,289,80,332,282,50,06,059,099239
06059099247,"Census Tract 992.47, Orange County, California",812,49,32,7,25,17,17,0,763,272,183,89,491,367,124,06,059,099247
06059021830,"Census Tract 218.30, Orange County, California",1185,25,25,25,0,0,0,0,1160,578,469,109,582,353,229,06,059,021830
06065044404,"Census Tract 444.04, Riverside County, California",283,21,21,10,11,0,0,0,262,68,51,17,194,145,49,06,065,044404
06065044405,"Census Tract 444.05, Riverside County, California",148,0,0,0,0,0,0,0,148,39,39,0,109,84,25,06,065,044405
06065044515,"Census Tract 445.15, Riverside County, California",714,52,52,0,52,0,0,0,662,351,219,132,311,142,169,06,065,044515
06065044516,"Census Tract 445.16, Riverside County, California",1306,22,22,22,0,0,0,0,1284,592,397,195,692,485,207,06,065,044516
06065043309,"Census Tract 433.09, Riverside County, California",650,73,40,27,13,33,33,0,577,221,174,47,356,214,142,06,065,043309
06065043311,"Census Tract 433.11, Riverside County, California",696,32,13,13,0,19,19,0,664,217,154,63,447,321,126,06,065,043311
06065043404,"Census Tract 434.04, Riverside County, California",584,34,34,0,34,0,0,0,550,184,84,100,366,277,89,06,065,043404
06065030700,"Census Tract 307, Riverside County, California",1331,50,30,0,30,20,20,0,1281,628,478,150,653,401,252,06,065,030700
06065031300,"Census Tract 313, Riverside County, California",682,17,11,0,11,6,6,0,665,245,161,84,420,302,118,06,065,031300
06085511701,"Census Tract 5117.01, Santa Clara County, California",702,0,0,0,0,0,0,0,702,390,212,178,312,170,142,06,085,511701
06085512005,"Census Tract 5120.05, Santa Clara County, California",1766,63,63,45,18,0,0,0,1703,782,447,335,921,749,172,06,085,512005
06085512100,"Census Tract 5121, Santa Clara County, California",270,0,0,0,0,0,0,0,270,138,67,71,132,64,68,06,085,512100
06101051000,"Census Tract 510, Sutter County, California",465,48,39,23,16,9,0,9,417,212,100,112,205,93,112,06,101,051000
06101051100,"Census Tract 511, Sutter County, California",561,43,33,9,24,10,2,8,518,256,153,103,262,154,108,06,101,051100
06101050102,"Census Tract 501.02, Sutter County, California",1010,106,77,0,77,29,0,29,904,404,283,121,500,209,291,06,101,050102
06101050503,"Census Tract 505.03, Sutter County, California",1497,188,159,55,104,29,29,0,1309,703,472,231,606,431,175,06,101,050503
06101050900,"Census Tract 509, Sutter County, California",333,25,17,8,9,8,3,5,308,149,92,57,159,78,81,06,101,050900
06101050603,"Census Tract 506.03, Sutter County, California",890,81,72,33,39,9,9,0,809,409,277,132,400,296,104,06,101,050603
06101050604,"Census Tract 506.04, Sutter County, California",836,48,48,0,48,0,0,0,788,436,331,105,352,265,87,06,101,050604
06101050202,"Census Tract 502.02, Sutter County, California",810,114,86,48,38,28,28,0,696,281,199,82,415,290,125,06,101,050202
06101050800,"Census Tract 508, Sutter County, California",683,11,11,11,0,0,0,0,672,428,338,90,244,88,156,06,101,050800
06101050504,"Census Tract 505.04, Sutter County, California",1711,137,137,98,39,0,0,0,1574,945,665,280,629,277,352,06,101,050504
06081604000,"Census Tract 6040, San Mateo County, California",792,89,62,62,0,27,27,0,703,429,289,140,274,189,85,06,081,604000
06081607300,"Census Tract 6073, San Mateo County, California",757,28,28,28,0,0,0,0,729,416,328,88,313,218,95,06,081,607300
06081608001,"Census Tract 6080.01, San Mateo County, California",890,54,54,11,43,0,0,0,836,564,311,253,272,256,16,06,081,608001
06081608200,"Census Tract 6082, San Mateo County, California",945,0,0,0,0,0,0,0,945,552,370,182,393,343,50,06,081,608200
06081608600,"Census Tract 6086, San Mateo County, California",1092,96,82,36,46,14,14,0,996,658,504,154,338,287,51,06,081,608600
06081609000,"Census Tract 6090, San Mateo County, California",499,21,21,11,10,0,0,0,478,330,259,71,148,83,65,06,081,609000
06081609900,"Census Tract 6099, San Mateo County, California",630,67,67,67,0,0,0,0,563,225,178,47,338,210,128,06,081,609900
06081610302,"Census Tract 6103.02, San Mateo County, California",832,44,44,31,13,0,0,0,788,295,196,99,493,325,168,06,081,610302
06081611400,"Census Tract 6114, San Mateo County, California",789,12,0,0,0,12,12,0,777,317,192,125,460,291,169,06,081,611400
06081612000,"Census Tract 6120, San Mateo County, California",1821,100,55,40,15,45,38,7,1721,671,530,141,1050,735,315,06,081,612000
06081613502,"Census Tract 6135.02, San Mateo County, California",1530,2,0,0,0,2,2,0,1528,906,579,327,622,430,192,06,081,613502
06081613800,"Census Tract 6138, San Mateo County, California",704,0,0,0,0,0,0,0,704,420,263,157,284,225,59,06,081,613800
06081602500,"Census Tract 6025, San Mateo County, California",1182,0,0,0,0,0,0,0,1182,565,471,94,617,431,186,06,081,602500
06081600900,"Census Tract 6009, San Mateo County, California",838,53,53,27,26,0,0,0,785,316,299,17,469,414,55,06,081,600900
06081601605,"Census Tract 6016.05, San Mateo County, California",1382,64,45,39,6,19,19,0,1318,632,540,92,686,558,128,06,081,601605
06081602700,"Census Tract 6027, San Mateo County, California",1656,39,32,21,11,7,7,0,1617,781,653,128,836,692,144,06,081,602700
06081602900,"Census Tract 6029, San Mateo County, California",905,39,26,26,0,13,13,0,866,371,319,52,495,330,165,06,081,602900
06081603300,"Census Tract 6033, San Mateo County, California",1321,98,98,98,0,0,0,0,1223,579,486,93,644,445,199,06,081,603300
06071000301,"Census Tract 3.01, San Bernardino County, California",2510,173,95,32,63,78,18,60,2337,1008,569,439,1329,961,368,06,071,000301
06071002502,"Census Tract 25.02, San Bernardino County, California",2463,128,46,36,10,82,30,52,2335,1076,531,545,1259,863,396,06,071,002502
06071004201,"Census Tract 42.01, San Bernardino County, California",1710,103,103,10,93,0,0,0,1607,554,341,213,1053,653,400,06,071,004201
06059011504,"Census Tract 115.04, Orange County, California",2952,99,99,78,21,0,0,0,2853,320,262,58,2533,1635,898,06,059,011504
06059011709,"Census Tract 117.09, Orange County, California",1153,80,70,41,29,10,0,10,1073,505,334,171,568,397,171,06,059,011709
06059011714,"Census Tract 117.14, Orange County, California",272,6,6,6,0,0,0,0,266,154,137,17,112,85,27,06,059,011714
06059021810,"Census Tract 218.10, Orange County, California",664,29,29,12,17,0,0,0,635,335,225,110,300,181,119,06,059,021810
06059021817,"Census Tract 218.17, Orange County, California",971,21,21,0,21,0,0,0,950,383,337,46,567,453,114,06,059,021817
06059021921,"Census Tract 219.21, Orange County, California",858,53,53,37,16,0,0,0,805,443,338,105,362,212,150,06,059,021921
06059032002,"Census Tract 320.02, Orange County, California",1614,37,37,23,14,0,0,0,1577,908,685,223,669,564,105,06,059,032002
06065044517,"Census Tract 445.17, Riverside County, California",315,37,14,14,0,23,0,23,278,139,105,34,139,117,22,06,065,044517
06065044518,"Census Tract 445.18, Riverside County, California",976,60,26,22,4,34,32,2,916,411,253,158,505,261,244,06,065,044518
06065044520,"Census Tract 445.20, Riverside County, California",298,37,0,0,0,37,37,0,261,130,49,81,131,39,92,06,065,044520
06065044521,"Census Tract 445.21, Riverside County, California",351,0,0,0,0,0,0,0,351,120,63,57,231,117,114,06,065,044521
06065044522,"Census Tract 445.22, Riverside County, California",515,11,6,6,0,5,5,0,504,233,185,48,271,171,100,06,065,044522
06065044605,"Census Tract 446.05, Riverside County, California",1209,107,87,21,66,20,0,20,1102,596,496,100,506,338,168,06,065,044605
06065044606,"Census Tract 446.06, Riverside County, California",388,62,0,0,0,62,60,2,326,136,128,8,190,101,89,06,065,044606
06065044917,"Census Tract 449.17, Riverside County, California",154,0,0,0,0,0,0,0,154,154,154,0,0,0,0,06,065,044917
06065044918,"Census Tract 449.18, Riverside County, California",262,0,0,0,0,0,0,0,262,113,39,74,149,62,87,06,065,044918
06065044919,"Census Tract 449.19, Riverside County, California",314,41,35,35,0,6,0,6,273,108,69,39,165,119,46,06,065,044919
06065044921,"Census Tract 449.21, Riverside County, California",198,0,0,0,0,0,0,0,198,152,133,19,46,30,16,06,065,044921
06065044922,"Census Tract 449.22, Riverside County, California",1148,84,84,75,9,0,0,0,1064,492,414,78,572,490,82,06,065,044922
06065044923,"Census Tract 449.23, Riverside County, California",1282,81,67,26,41,14,14,0,1201,454,293,161,747,455,292,06,065,044923
06065044924,"Census Tract 449.24, Riverside County, California",1146,129,64,21,43,65,0,65,1017,479,256,223,538,422,116,06,065,044924
06065044925,"Census Tract 449.25, Riverside County, California",903,56,45,36,9,11,4,7,847,343,253,90,504,320,184,06,065,044925
06065044926,"Census Tract 449.26, Riverside County, California",1378,103,59,51,8,44,21,23,1275,413,281,132,862,503,359,06,065,044926
06065044927,"Census Tract 449.27, Riverside County, California",620,43,0,0,0,43,43,0,577,139,65,74,438,337,101,06,065,044927
06065044928,"Census Tract 449.28, Riverside County, California",304,6,6,0,6,0,0,0,298,130,130,0,168,101,67,06,065,044928
06065044929,"Census Tract 449.29, Riverside County, California",427,46,17,17,0,29,29,0,381,142,124,18,239,150,89,06,065,044929
06079011002,"Census Tract 110.02, San Luis Obispo County, California",897,5,5,5,0,0,0,0,892,209,187,22,683,561,122,06,079,011002
06037407001,"Census Tract 4070.01, Los Angeles County, California",1836,132,89,43,46,43,33,10,1704,556,338,218,1148,662,486,06,037,407001
06037480804,"Census Tract 4808.04, Los Angeles County, California",1521,47,8,8,0,39,39,0,1474,629,382,247,845,659,186,06,037,480804
06037463101,"Census Tract 4631.01, Los Angeles County, California",518,23,16,16,0,7,7,0,495,240,197,43,255,187,68,06,037,463101
06037480102,"Census Tract 4801.02, Los Angeles County, California",1013,10,10,0,10,0,0,0,1003,506,378,128,497,273,224,06,037,480102
06037480302,"Census Tract 4803.02, Los Angeles County, California",977,70,62,44,18,8,0,8,907,366,239,127,541,401,140,06,037,480302
06037481001,"Census Tract 4810.01, Los Angeles County, California",785,27,27,20,7,0,0,0,758,288,244,44,470,411,59,06,037,481001
06037481500,"Census Tract 4815, Los Angeles County, California",900,43,43,0,43,0,0,0,857,416,263,153,441,325,116,06,037,481500
06037481604,"Census Tract 4816.04, Los Angeles County, California",861,15,15,7,8,0,0,0,846,431,313,118,415,266,149,06,037,481604
06037481711,"Census Tract 4817.11, Los Angeles County, California",853,49,16,16,0,33,33,0,804,351,218,133,453,247,206,06,037,481711
06037481901,"Census Tract 4819.01, Los Angeles County, California",1491,33,33,33,0,0,0,0,1458,618,537,81,840,513,327,06,037,481901
06037482101,"Census Tract 4821.01, Los Angeles County, California",992,18,18,9,9,0,0,0,974,395,275,120,579,410,169,06,037,482101
06037482201,"Census Tract 4822.01, Los Angeles County, California",897,31,31,28,3,0,0,0,866,308,207,101,558,227,331,06,037,482201
06037482202,"Census Tract 4822.02, Los Angeles County, California",1150,58,58,16,42,0,0,0,1092,532,402,130,560,330,230,06,037,482202
06037482503,"Census Tract 4825.03, Los Angeles County, California",1139,52,52,33,19,0,0,0,1087,392,233,159,695,453,242,06,037,482503
06037482701,"Census Tract 4827.01, Los Angeles County, California",983,26,26,14,12,0,0,0,957,442,403,39,515,340,175,06,037,482701
06037500402,"Census Tract 5004.02, Los Angeles County, California",1174,54,46,39,7,8,8,0,1120,440,307,133,680,463,217,06,037,500402
06071006201,"Census Tract 62.01, San Bernardino County, California",1113,44,32,7,25,12,12,0,1069,469,360,109,600,379,221,06,071,006201
06071007407,"Census Tract 74.07, San Bernardino County, California",823,71,15,0,15,56,49,7,752,247,154,93,505,308,197,06,071,007407
06071010415,"Census Tract 104.15, San Bernardino County, California",1298,46,46,11,35,0,0,0,1252,662,317,345,590,480,110,06,071,010415
06071011900,"Census Tract 119, San Bernardino County, California",499,102,69,69,0,33,13,20,397,225,159,66,172,131,41,06,071,011900
06071007302,"Census Tract 73.02, San Bernardino County, California",2187,3,0,0,0,3,0,3,2184,759,543,216,1425,728,697,06,071,007302
06019003809,"Census Tract 38.09, Fresno County, California",1467,24,18,0,18,6,0,6,1443,505,325,180,938,657,281,06,019,003809
06037535001,"Census Tract 5350.01, Los Angeles County, California",1007,83,59,36,23,24,24,0,924,394,240,154,530,363,167,06,037,535001
06037535002,"Census Tract 5350.02, Los Angeles County, California",855,14,0,0,0,14,0,14,841,282,162,120,559,369,190,06,037,535002
06037536103,"Census Tract 5361.03, Los Angeles County, California",1357,40,22,22,0,18,0,18,1317,488,420,68,829,567,262,06,037,536103
06037536104,"Census Tract 5361.04, Los Angeles County, California",939,90,39,31,8,51,39,12,849,244,130,114,605,382,223,06,037,536104
06037542103,"Census Tract 5421.03, Los Angeles County, California",1173,34,7,7,0,27,27,0,1139,379,211,168,760,387,373,06,037,542103
06037542104,"Census Tract 5421.04, Los Angeles County, California",1047,52,32,24,8,20,9,11,995,427,246,181,568,288,280,06,037,542104
06037542105,"Census Tract 5421.05, Los Angeles County, California",1186,19,13,0,13,6,0,6,1167,475,297,178,692,428,264,06,037,542105
06037542106,"Census Tract 5421.06, Los Angeles County, California",1048,20,11,5,6,9,0,9,1028,342,227,115,686,437,249,06,037,542106
06037543306,"Census Tract 5433.06, Los Angeles County, California",1862,106,88,88,0,18,0,18,1756,663,617,46,1093,878,215,06,037,543306
06037550201,"Census Tract 5502.01, Los Angeles County, California",729,42,42,34,8,0,0,0,687,268,160,108,419,324,95,06,037,550201
06037550202,"Census Tract 5502.02, Los Angeles County, California",1470,79,70,37,33,9,9,0,1391,570,357,213,821,467,354,06,037,550202
06037543905,"Census Tract 5439.05, Los Angeles County, California",1356,109,29,10,19,80,65,15,1247,412,180,232,835,581,254,06,037,543905
06037544001,"Census Tract 5440.01, Los Angeles County, California",1484,0,0,0,0,0,0,0,1484,410,315,95,1074,767,307,06,037,544001
06037544002,"Census Tract 5440.02, Los Angeles County, California",972,20,20,13,7,0,0,0,952,340,271,69,612,433,179,06,037,544002
06037550601,"Census Tract 5506.01, Los Angeles County, California",1535,73,46,36,10,27,27,0,1462,591,420,171,871,633,238,06,037,550601
06037550602,"Census Tract 5506.02, Los Angeles County, California",1122,11,0,0,0,11,11,0,1111,524,434,90,587,340,247,06,037,550602
06037550901,"Census Tract 5509.01, Los Angeles County, California",923,45,18,18,0,27,27,0,878,408,296,112,470,361,109,06,037,550901
06037550902,"Census Tract 5509.02, Los Angeles County, California",1536,98,50,17,33,48,48,0,1438,574,413,161,864,656,208,06,037,550902
06037551101,"Census Tract 5511.01, Los Angeles County, California",1231,115,70,41,29,45,0,45,1116,349,200,149,767,428,339,06,037,551101
06037551102,"Census Tract 5511.02, Los Angeles County, California",1619,132,41,31,10,91,18,73,1487,707,520,187,780,483,297,06,037,551102
06037551401,"Census Tract 5514.01, Los Angeles County, California",1106,42,0,0,0,42,42,0,1064,478,407,71,586,394,192,06,037,551401
06037551402,"Census Tract 5514.02, Los Angeles County, California",1120,98,58,14,44,40,40,0,1022,332,282,50,690,538,152,06,037,551402
06037551501,"Census Tract 5515.01, Los Angeles County, California",1229,36,19,11,8,17,7,10,1193,357,220,137,836,628,208,06,037,551501
06037551502,"Census Tract 5515.02, Los Angeles County, California",1152,23,13,13,0,10,10,0,1129,530,344,186,599,452,147,06,037,551502
06037552001,"Census Tract 5520.01, Los Angeles County, California",1127,36,29,14,15,7,0,7,1091,445,294,151,646,404,242,06,037,552001
06037552002,"Census Tract 5520.02, Los Angeles County, California",862,50,35,8,27,15,15,0,812,289,239,50,523,335,188,06,037,552002
06037552301,"Census Tract 5523.01, Los Angeles County, California",1071,15,12,12,0,3,0,3,1056,512,427,85,544,333,211,06,037,552301
06037552302,"Census Tract 5523.02, Los Angeles County, California",837,106,76,15,61,30,30,0,731,315,235,80,416,321,95,06,037,552302
06037553503,"Census Tract 5535.03, Los Angeles County, California",841,119,46,13,33,73,57,16,722,250,160,90,472,325,147,06,037,553503
06037553504,"Census Tract 5535.04, Los Angeles County, California",1621,66,8,8,0,58,58,0,1555,642,452,190,913,567,346,06,037,553504
06037554103,"Census Tract 5541.03, Los Angeles County, California",395,28,16,16,0,12,12,0,367,155,113,42,212,104,108,06,037,554103
06037554104,"Census Tract 5541.04, Los Angeles County, California",568,16,3,3,0,13,5,8,552,234,149,85,318,218,100,06,037,554104
06037554105,"Census Tract 5541.05, Los Angeles County, California",1322,23,20,0,20,3,0,3,1299,528,312,216,771,417,354,06,037,554105
06037554203,"Census Tract 5542.03, Los Angeles County, California",947,56,14,0,14,42,42,0,891,414,216,198,477,368,109,06,037,554203
06037554204,"Census Tract 5542.04, Los Angeles County, California",942,40,40,0,40,0,0,0,902,471,253,218,431,285,146,06,037,554204
06037554301,"Census Tract 5543.01, Los Angeles County, California",818,28,28,0,28,0,0,0,790,382,296,86,408,295,113,06,037,554301
06037502100,"Census Tract 5021, Los Angeles County, California",1036,113,8,8,0,105,78,27,923,360,218,142,563,451,112,06,037,502100
06037503302,"Census Tract 5033.02, Los Angeles County, California",1604,81,81,77,4,0,0,0,1523,747,479,268,776,402,374,06,037,503302
06037101210,"Census Tract 1012.10, Los Angeles County, California",1289,33,17,17,0,16,16,0,1256,623,454,169,633,454,179,06,037,101210
06037106010,"Census Tract 1060.10, Los Angeles County, California",643,8,8,0,8,0,0,0,635,224,138,86,411,229,182,06,037,106010
06037106020,"Census Tract 1060.20, Los Angeles County, California",1467,13,13,13,0,0,0,0,1454,670,555,115,784,498,286,06,037,106020
06037106111,"Census Tract 1061.11, Los Angeles County, California",1173,106,38,38,0,68,63,5,1067,440,346,94,627,419,208,06,037,106111
06037106114,"Census Tract 1061.14, Los Angeles County, California",1541,54,8,0,8,46,19,27,1487,505,299,206,982,677,305,06,037,106114
06037106642,"Census Tract 1066.42, Los Angeles County, California",591,18,18,6,12,0,0,0,573,311,260,51,262,187,75,06,037,106642
06071008200,"Census Tract 82, San Bernardino County, California",1183,76,76,55,21,0,0,0,1107,509,335,174,598,391,207,06,071,008200
06071009710,"Census Tract 97.10, San Bernardino County, California",1729,55,0,0,0,55,22,33,1674,659,449,210,1015,460,555,06,071,009710
06071010412,"Census Tract 104.12, San Bernardino County, California",1707,119,55,43,12,64,64,0,1588,968,687,281,620,445,175,06,071,010412
06085512017,"Census Tract 5120.17, Santa Clara County, California",1917,109,99,53,46,10,10,0,1808,749,475,274,1059,809,250,06,085,512017
06085512031,"Census Tract 5120.31, Santa Clara County, California",955,17,17,17,0,0,0,0,938,499,329,170,439,362,77,06,085,512031
06085512309,"Census Tract 5123.09, Santa Clara County, California",1362,30,30,0,30,0,0,0,1332,672,492,180,660,473,187,06,085,512309
06085500600,"Census Tract 5006, Santa Clara County, California",1409,60,60,26,34,0,0,0,1349,475,418,57,874,738,136,06,085,500600
06037431001,"Census Tract 4310.01, Los Angeles County, California",1919,47,47,18,29,0,0,0,1872,845,729,116,1027,733,294,06,037,431001
06037432202,"Census Tract 4322.02, Los Angeles County, California",913,100,92,70,22,8,8,0,813,302,178,124,511,322,189,06,037,432202
06037432602,"Census Tract 4326.02, Los Angeles County, California",1153,11,11,11,0,0,0,0,1142,464,354,110,678,443,235,06,037,432602
06037432802,"Census Tract 4328.02, Los Angeles County, California",1214,44,44,18,26,0,0,0,1170,558,351,207,612,445,167,06,037,432802
06037433601,"Census Tract 4336.01, Los Angeles County, California",1241,11,11,0,11,0,0,0,1230,470,258,212,760,545,215,06,037,433601
06037461600,"Census Tract 4616, Los Angeles County, California",1678,87,87,39,48,0,0,0,1591,592,301,291,999,747,252,06,037,461600
06037462800,"Census Tract 4628, Los Angeles County, California",796,46,46,46,0,0,0,0,750,227,155,72,523,465,58,06,037,462800
06037670500,"Census Tract 6705, Los Angeles County, California",231,12,12,4,8,0,0,0,219,93,40,53,126,38,88,06,037,670500
06037701202,"Census Tract 7012.02, Los Angeles County, California",1002,60,51,51,0,9,9,0,942,334,260,74,608,533,75,06,037,701202
06037702300,"Census Tract 7023, Los Angeles County, California",1739,40,40,18,22,0,0,0,1699,613,417,196,1086,1003,83,06,037,702300
06037703002,"Census Tract 7030.02, Los Angeles County, California",1460,91,66,15,51,25,25,0,1369,474,427,47,895,605,290,06,037,703002
06037800202,"Census Tract 8002.02, Los Angeles County, California",1093,14,14,14,0,0,0,0,1079,601,318,283,478,255,223,06,037,800202
06037900300,"Census Tract 9003, Los Angeles County, California",1364,46,42,11,31,4,4,0,1318,545,253,292,773,414,359,06,037,900300
06037910709,"Census Tract 9107.09, Los Angeles County, California",339,0,0,0,0,0,0,0,339,184,104,80,155,106,49,06,037,910709
06037572900,"Census Tract 5729, Los Angeles County, California",1340,80,9,9,0,71,43,28,1260,473,319,154,787,466,321,06,037,572900
06037573700,"Census Tract 5737, Los Angeles County, California",1064,51,51,33,18,0,0,0,1013,528,374,154,485,350,135,06,037,573700
06037574500,"Census Tract 5745, Los Angeles County, California",1459,130,130,130,0,0,0,0,1329,613,516,97,716,341,375,06,037,574500
06037533502,"Census Tract 5335.02, Los Angeles County, California",590,24,18,8,10,6,6,0,566,201,149,52,365,275,90,06,037,533502
06037533503,"Census Tract 5335.03, Los Angeles County, California",570,34,10,10,0,24,12,12,536,194,126,68,342,219,123,06,037,533503
06037533701,"Census Tract 5337.01, Los Angeles County, California",734,58,12,0,12,46,0,46,676,259,167,92,417,298,119,06,037,533701
06037534002,"Census Tract 5340.02, Los Angeles County, California",1171,28,26,10,16,2,2,0,1143,417,312,105,726,496,230,06,037,534002
06037534102,"Census Tract 5341.02, Los Angeles County, California",1854,156,33,0,33,123,58,65,1698,607,328,279,1091,626,465,06,037,534102
06037535605,"Census Tract 5356.05, Los Angeles County, California",1231,62,0,0,0,62,25,37,1169,520,375,145,649,393,256,06,037,535605
06037540203,"Census Tract 5402.03, Los Angeles County, California",1663,21,21,0,21,0,0,0,1642,530,321,209,1112,645,467,06,037,540203
06037541002,"Census Tract 5410.02, Los Angeles County, California",621,35,7,0,7,28,28,0,586,270,193,77,316,164,152,06,037,541002
06037541802,"Census Tract 5418.02, Los Angeles County, California",1310,58,58,0,58,0,0,0,1252,491,305,186,761,411,350,06,037,541802
06037543000,"Census Tract 5430, Los Angeles County, California",1117,13,0,0,0,13,13,0,1104,487,339,148,617,492,125,06,037,543000
06037113211,"Census Tract 1132.11, Los Angeles County, California",722,67,43,32,11,24,0,24,655,376,270,106,279,216,63,06,037,113211
06019003810,"Census Tract 38.10, Fresno County, California",1444,120,83,55,28,37,37,0,1324,561,482,79,763,588,175,06,019,003810
06019004213,"Census Tract 42.13, Fresno County, California",970,67,67,67,0,0,0,0,903,345,272,73,558,437,121,06,019,004213
06019004214,"Census Tract 42.14, Fresno County, California",826,1,0,0,0,1,0,1,825,393,328,65,432,260,172,06,019,004214
06037504101,"Census Tract 5041.01, Los Angeles County, California",1139,115,54,33,21,61,22,39,1024,414,299,115,610,417,193,06,037,504101
06037530005,"Census Tract 5300.05, Los Angeles County, California",767,25,9,9,0,16,0,16,742,217,161,56,525,293,232,06,037,530005
06037530204,"Census Tract 5302.04, Los Angeles County, California",1261,44,9,0,9,35,19,16,1217,395,278,117,822,451,371,06,037,530204
06037113234,"Census Tract 1132.34, Los Angeles County, California",978,81,43,18,25,38,23,15,897,451,324,127,446,319,127,06,037,113234
06037115201,"Census Tract 1152.01, Los Angeles County, California",1577,88,88,59,29,0,0,0,1489,447,400,47,1042,767,275,06,037,115201
06037408629,"Census Tract 4086.29, Los Angeles County, California",560,13,12,12,0,1,0,1,547,306,213,93,241,158,83,06,037,408629
06037430724,"Census Tract 4307.24, Los Angeles County, California",1221,87,44,0,44,43,24,19,1134,548,334,214,586,407,179,06,037,430724
06037431100,"Census Tract 4311, Los Angeles County, California",2006,98,98,53,45,0,0,0,1908,675,436,239,1233,888,345,06,037,431100
06037432300,"Census Tract 4323, Los Angeles County, California",1074,87,71,71,0,16,16,0,987,380,152,228,607,344,263,06,037,432300
06037432401,"Census Tract 4324.01, Los Angeles County, California",811,33,0,0,0,33,16,17,778,356,236,120,422,294,128,06,037,432401
06037433200,"Census Tract 4332, Los Angeles County, California",1453,15,0,0,0,15,15,0,1438,395,287,108,1043,710,333,06,037,433200
06037460100,"Census Tract 4601, Los Angeles County, California",933,20,20,0,20,0,0,0,913,445,378,67,468,380,88,06,037,460100
06037533402,"Census Tract 5334.02, Los Angeles County, California",1087,109,55,14,41,54,12,42,978,379,225,154,599,392,207,06,037,533402
06037531603,"Census Tract 5316.03, Los Angeles County, California",779,39,30,9,21,9,0,9,740,309,226,83,431,279,152,06,037,531603
06107004200,"Census Tract 42, Tulare County, California",1531,102,79,30,49,23,23,0,1429,834,406,428,595,310,285,06,107,004200
06107004300,"Census Tract 43, Tulare County, California",1759,114,69,30,39,45,23,22,1645,736,483,253,909,536,373,06,107,004300
06107000202,"Census Tract 2.02, Tulare County, California",582,42,3,3,0,39,0,39,540,295,186,109,245,33,212,06,107,000202
06107001004,"Census Tract 10.04, Tulare County, California",1765,49,11,11,0,38,7,31,1716,632,344,288,1084,561,523,06,107,001004
06037502005,"Census Tract 5020.05, Los Angeles County, California",1221,74,45,21,24,29,9,20,1147,395,305,90,752,514,238,06,037,502005
06037502801,"Census Tract 5028.01, Los Angeles County, California",1482,130,85,43,42,45,45,0,1352,556,392,164,796,638,158,06,037,502801
06037502802,"Census Tract 5028.02, Los Angeles County, California",834,33,13,0,13,20,12,8,801,325,232,93,476,329,147,06,037,502802
06037503103,"Census Tract 5031.03, Los Angeles County, California",1229,35,27,27,0,8,8,0,1194,631,369,262,563,412,151,06,037,503103
06037503104,"Census Tract 5031.04, Los Angeles County, California",617,34,34,27,7,0,0,0,583,330,174,156,253,182,71,06,037,503104
06037503105,"Census Tract 5031.05, Los Angeles County, California",1148,26,22,8,14,4,4,0,1122,485,315,170,637,369,268,06,037,503105
06037503106,"Census Tract 5031.06, Los Angeles County, California",1192,60,39,32,7,21,0,21,1132,367,205,162,765,435,330,06,037,503106
06037531503,"Census Tract 5315.03, Los Angeles County, California",735,51,0,0,0,51,47,4,684,357,173,184,327,301,26,06,037,531503
06037531504,"Census Tract 5315.04, Los Angeles County, California",1269,133,121,121,0,12,12,0,1136,394,267,127,742,547,195,06,037,531504
06037533001,"Census Tract 5330.01, Los Angeles County, California",1139,109,21,0,21,88,61,27,1030,465,301,164,565,314,251,06,037,533001
06037533002,"Census Tract 5330.02, Los Angeles County, California",645,44,33,22,11,11,0,11,601,221,121,100,380,262,118,06,037,533002
06037533805,"Census Tract 5338.05, Los Angeles County, California",1002,40,33,10,23,7,7,0,962,296,164,132,666,462,204,06,037,533805
06037533806,"Census Tract 5338.06, Los Angeles County, California",872,47,24,0,24,23,23,0,825,392,218,174,433,235,198,06,037,533806
06013336102,"Census Tract 3361.02, Contra Costa County, California",1874,150,150,65,85,0,0,0,1724,590,298,292,1134,766,368,06,013,336102
06013337100,"Census Tract 3371, Contra Costa County, California",777,69,69,25,44,0,0,0,708,232,163,69,476,447,29,06,013,337100
06013338301,"Census Tract 3383.01, Contra Costa County, California",604,8,8,8,0,0,0,0,596,362,216,146,234,185,49,06,013,338301
06013338201,"Census Tract 3382.01, Contra Costa County, California",568,29,29,19,10,0,0,0,539,283,195,88,256,150,106,06,013,338201
06013345202,"Census Tract 3452.02, Contra Costa County, California",1861,26,26,13,13,0,0,0,1835,1077,703,374,758,725,33,06,013,345202
06013352101,"Census Tract 3521.01, Contra Costa County, California",1135,4,4,4,0,0,0,0,1131,200,164,36,931,444,487,06,013,352101
06013352201,"Census Tract 3522.01, Contra Costa County, California",1356,86,86,12,74,0,0,0,1270,623,484,139,647,403,244,06,013,352201
06013353002,"Census Tract 3530.02, Contra Costa County, California",799,20,20,20,0,0,0,0,779,472,377,95,307,173,134,06,013,353002
06013359202,"Census Tract 3592.02, Contra Costa County, California",1300,53,45,45,0,8,0,8,1247,438,381,57,809,621,188,06,013,359202
06013360200,"Census Tract 3602, Contra Costa County, California",1153,7,7,7,0,0,0,0,1146,402,335,67,744,490,254,06,013,360200
06013361000,"Census Tract 3610, Contra Costa County, California",1182,80,63,49,14,17,0,17,1102,434,359,75,668,579,89,06,013,361000
06013362000,"Census Tract 3620, Contra Costa County, California",698,15,15,15,0,0,0,0,683,239,223,16,444,383,61,06,013,362000
06013364002,"Census Tract 3640.02, Contra Costa County, California",1287,48,37,30,7,11,11,0,1239,534,495,39,705,515,190,06,013,364002
06013380000,"Census Tract 3800, Contra Costa County, California",1422,30,30,0,30,0,0,0,1392,676,504,172,716,629,87,06,013,380000
06013385100,"Census Tract 3851, Contra Costa County, California",543,26,26,26,0,0,0,0,517,288,273,15,229,166,63,06,013,385100
06071008401,"Census Tract 84.01, San Bernardino County, California",3001,80,42,17,25,38,17,21,2921,803,545,258,2118,1372,746,06,071,008401
06071008703,"Census Tract 87.03, San Bernardino County, California",1181,48,48,48,0,0,0,0,1133,658,474,184,475,359,116,06,071,008703
06071007403,"Census Tract 74.03, San Bernardino County, California",1957,226,160,61,99,66,66,0,1731,496,440,56,1235,900,335,06,071,007403
06071006500,"Census Tract 65, San Bernardino County, California",1508,217,70,29,41,147,94,53,1291,393,133,260,898,413,485,06,071,006500
06071007106,"Census Tract 71.06, San Bernardino County, California",1136,30,30,30,0,0,0,0,1106,423,374,49,683,507,176,06,071,007106
06071007200,"Census Tract 72, San Bernardino County, California",1297,73,53,21,32,20,20,0,1224,455,239,216,769,521,248,06,071,007200
06071007601,"Census Tract 76.01, San Bernardino County, California",2087,108,57,30,27,51,16,35,1979,896,462,434,1083,648,435,06,071,007601
06071007800,"Census Tract 78, San Bernardino County, California",1733,69,51,21,30,18,18,0,1664,585,392,193,1079,796,283,06,071,007800
06071008100,"Census Tract 81, San Bernardino County, California",761,71,58,39,19,13,13,0,690,199,140,59,491,465,26,06,071,008100
06071008800,"Census Tract 88, San Bernardino County, California",1584,85,25,0,25,60,43,17,1499,629,334,295,870,676,194,06,071,008800
06071009800,"Census Tract 98, San Bernardino County, California",1279,106,21,11,10,85,0,85,1173,474,317,157,699,461,238,06,071,009800
06071010009,"Census Tract 100.09, San Bernardino County, California",878,55,36,10,26,19,19,0,823,352,228,124,471,322,149,06,071,010009
06071010010,"Census Tract 100.10, San Bernardino County, California",1506,112,70,43,27,42,19,23,1394,493,264,229,901,515,386,06,071,010010
06071010013,"Census Tract 100.13, San Bernardino County, California",1777,32,15,15,0,17,17,0,1745,683,415,268,1062,685,377,06,071,010013
06071010020,"Census Tract 100.20, San Bernardino County, California",1978,115,115,115,0,0,0,0,1863,544,246,298,1319,728,591,06,071,010020
06071010413,"Census Tract 104.13, San Bernardino County, California",1407,57,16,0,16,41,0,41,1350,622,405,217,728,494,234,06,071,010413
06071010416,"Census Tract 104.16, San Bernardino County, California",668,16,16,16,0,0,0,0,652,256,178,78,396,216,180,06,071,010416
06071010802,"Census Tract 108.02, San Bernardino County, California",773,16,0,0,0,16,0,16,757,476,209,267,281,199,82,06,071,010802
06071011600,"Census Tract 116, San Bernardino County, California",1597,72,28,0,28,44,44,0,1525,878,633,245,647,362,285,06,071,011600
06071940100,"Census Tract 9401, San Bernardino County, California",188,7,7,7,0,0,0,0,181,79,58,21,102,76,26,06,071,940100
06013390200,"Census Tract 3902, Contra Costa County, California",320,9,9,6,3,0,0,0,311,203,157,46,108,84,24,06,013,390200
06013307102,"Census Tract 3071.02, Contra Costa County, California",1266,110,31,14,17,79,47,32,1156,296,201,95,860,682,178,06,013,307102
06013318000,"Census Tract 3180, Contra Costa County, California",949,27,18,9,9,9,9,0,922,414,360,54,508,354,154,06,013,318000
06013354001,"Census Tract 3540.01, Contra Costa County, California",366,28,28,28,0,0,0,0,338,219,204,15,119,73,46,06,013,354001
06013354002,"Census Tract 3540.02, Contra Costa County, California",1284,31,31,16,15,0,0,0,1253,823,481,342,430,113,317,06,013,354002
06013355302,"Census Tract 3553.02, Contra Costa County, California",522,10,10,10,0,0,0,0,512,371,284,87,141,72,69,06,013,355302
06029001500,"Census Tract 15, Kern County, California",459,57,19,0,19,38,38,0,402,198,117,81,204,158,46,06,029,001500
06029001700,"Census Tract 17, Kern County, California",709,77,77,47,30,0,0,0,632,286,268,18,346,272,74,06,029,001700
06029001801,"Census Tract 18.01, Kern County, California",1526,73,73,39,34,0,0,0,1453,520,397,123,933,591,342,06,029,001801
06029003812,"Census Tract 38.12, Kern County, California",1029,70,70,63,7,0,0,0,959,535,373,162,424,286,138,06,029,003812
06029003000,"Census Tract 30, Kern County, California",1726,193,90,39,51,103,59,44,1533,667,410,257,866,419,447,06,029,003000
06029003112,"Census Tract 31.12, Kern County, California",1220,80,32,0,32,48,48,0,1140,419,284,135,721,452,269,06,029,003112
06029003304,"Census Tract 33.04, Kern County, California",477,51,35,13,22,16,6,10,426,222,118,104,204,139,65,06,029,003304
06029004800,"Census Tract 48, Kern County, California",2581,136,111,29,82,25,25,0,2445,1290,1008,282,1155,755,400,06,029,004800
06071000108,"Census Tract 1.08, San Bernardino County, California",1556,80,80,60,20,0,0,0,1476,750,506,244,726,404,322,06,071,000108
06041113000,"Census Tract 1130, Marin County, California",501,61,30,20,10,31,0,31,440,168,111,57,272,233,39,06,041,113000
06041122000,"Census Tract 1220, Marin County, California",0,0,0,0,0,0,0,0,0,0,0,0,0,0,0,06,041,122000
06041126100,"Census Tract 1261, Marin County, California",1186,15,15,6,9,0,0,0,1171,853,471,382,318,169,149,06,041,126100
06041105000,"Census Tract 1050, Marin County, California",1297,142,142,98,44,0,0,0,1155,742,457,285,413,227,186,06,041,105000
06041110100,"Census Tract 1101, Marin County, California",1328,76,76,0,76,0,0,0,1252,452,344,108,800,447,353,06,041,110100
06041121200,"Census Tract 1212, Marin County, California",1131,41,41,41,0,0,0,0,1090,607,481,126,483,365,118,06,041,121200
06041129000,"Census Tract 1290, Marin County, California",669,30,0,0,0,30,30,0,639,338,238,100,301,201,100,06,041,129000
06041132200,"Census Tract 1322, Marin County, California",204,7,7,0,7,0,0,0,197,128,81,47,69,55,14,06,041,132200
06041123000,"Census Tract 1230, Marin County, California",331,12,12,12,0,0,0,0,319,223,85,138,96,32,64,06,041,123000
06037504001,"Census Tract 5040.01, Los Angeles County, California",2346,76,76,46,30,0,0,0,2270,313,271,42,1957,917,1040,06,037,504001
06037530006,"Census Tract 5300.06, Los Angeles County, California",1200,34,21,13,8,13,13,0,1166,380,254,126,786,589,197,06,037,530006
06037530202,"Census Tract 5302.02, Los Angeles County, California",1206,49,39,16,23,10,0,10,1157,391,301,90,766,579,187,06,037,530202
06037530601,"Census Tract 5306.01, Los Angeles County, California",774,9,5,5,0,4,4,0,765,295,192,103,470,297,173,06,037,530601
06037531102,"Census Tract 5311.02, Los Angeles County, California",922,49,13,13,0,36,0,36,873,376,212,164,497,275,222,06,037,531102
06037531602,"Census Tract 5316.02, Los Angeles County, California",1158,71,39,39,0,32,0,32,1087,431,200,231,656,502,154,06,037,531602
06037531702,"Census Tract 5317.02, Los Angeles County, California",1324,124,44,18,26,80,0,80,1200,522,379,143,678,330,348,06,037,531702
06037531902,"Census Tract 5319.02, Los Angeles County, California",1080,10,0,0,0,10,0,10,1070,486,219,267,584,327,257,06,037,531902
06037532200,"Census Tract 5322, Los Angeles County, California",1644,8,0,0,0,8,0,8,1636,608,335,273,1028,739,289,06,037,532200
06037532303,"Census Tract 5323.03, Los Angeles County, California",907,35,25,13,12,10,10,0,872,324,218,106,548,468,80,06,037,532303
06037532700,"Census Tract 5327, Los Angeles County, California",881,69,37,10,27,32,21,11,812,309,228,81,503,306,197,06,037,532700
06037533103,"Census Tract 5331.03, Los Angeles County, California",857,40,19,0,19,21,0,21,817,300,197,103,517,277,240,06,037,533103
06037533203,"Census Tract 5332.03, Los Angeles County, California",483,14,0,0,0,14,4,10,469,190,99,91,279,192,87,06,037,533203
06037533602,"Census Tract 5336.02, Los Angeles County, California",1501,134,83,32,51,51,20,31,1367,548,311,237,819,686,133,06,037,533602
06037535400,"Census Tract 5354, Los Angeles County, California",962,40,27,5,22,13,0,13,922,333,193,140,589,263,326,06,037,535400
06037535607,"Census Tract 5356.07, Los Angeles County, California",1341,55,36,36,0,19,19,0,1286,520,364,156,766,358,408,06,037,535607
06037540101,"Census Tract 5401.01, Los Angeles County, California",1731,101,20,11,9,81,71,10,1630,638,441,197,992,722,270,06,037,540101
06071000118,"Census Tract 1.18, San Bernardino County, California",1103,49,28,7,21,21,21,0,1054,523,341,182,531,258,273,06,071,000118
06071000203,"Census Tract 2.03, San Bernardino County, California",1234,18,6,0,6,12,12,0,1216,310,271,39,906,649,257,06,071,000203
06071000403,"Census Tract 4.03, San Bernardino County, California",885,57,24,0,24,33,26,7,828,396,288,108,432,288,144,06,071,000403
06071000205,"Census Tract 2.05, San Bernardino County, California",1387,49,12,0,12,37,25,12,1338,407,277,130,931,706,225,06,071,000205
06071000207,"Census Tract 2.07, San Bernardino County, California",1219,48,0,0,0,48,17,31,1171,385,246,139,786,433,353,06,071,000207
06071000208,"Census Tract 2.08, San Bernardino County, California",1357,93,42,23,19,51,22,29,1264,582,474,108,682,450,232,06,071,000208
06071000404,"Census Tract 4.04, San Bernardino County, California",919,36,14,8,6,22,11,11,883,448,289,159,435,323,112,06,071,000404
06071000501,"Census Tract 5.01, San Bernardino County, California",1399,47,47,40,7,0,0,0,1352,719,590,129,633,449,184,06,071,000501
06071000503,"Census Tract 5.03, San Bernardino County, California",1149,10,10,10,0,0,0,0,1139,470,240,230,669,580,89,06,071,000503
06071000504,"Census Tract 5.04, San Bernardino County, California",918,17,7,7,0,10,10,0,901,369,298,71,532,426,106,06,071,000504
06071000603,"Census Tract 6.03, San Bernardino County, California",1269,106,44,44,0,62,33,29,1163,556,429,127,607,464,143,06,071,000603
06071000604,"Census Tract 6.04, San Bernardino County, California",1184,180,101,48,53,79,47,32,1004,493,372,121,511,315,196,06,071,000604
06029005401,"Census Tract 54.01, Kern County, California",1075,32,32,13,19,0,0,0,1043,550,407,143,493,213,280,06,029,005401
06029006201,"Census Tract 62.01, Kern County, California",703,51,19,11,8,32,0,32,652,271,189,82,381,240,141,06,029,006201
06029001901,"Census Tract 19.01, Kern County, California",845,26,15,7,8,11,0,11,819,388,268,120,431,309,122,06,029,001901
06029000506,"Census Tract 5.06, Kern County, California",584,86,68,0,68,18,18,0,498,231,152,79,267,188,79,06,029,000506
06029000903,"Census Tract 9.03, Kern County, California",864,97,97,87,10,0,0,0,767,287,193,94,480,325,155,06,029,000903
06029001103,"Census Tract 11.03, Kern County, California",1397,207,71,23,48,136,32,104,1190,507,249,258,683,424,259,06,029,001103
06029002812,"Census Tract 28.12, Kern County, California",1431,109,52,52,0,57,7,50,1322,485,393,92,837,614,223,06,029,002812
06029002815,"Census Tract 28.15, Kern County, California",1046,134,98,29,69,36,14,22,912,309,172,137,603,449,154,06,029,002815
06029003113,"Census Tract 31.13, Kern County, California",1060,118,70,43,27,48,0,48,942,404,209,195,538,391,147,06,029,003113
06029003123,"Census Tract 31.23, Kern County, California",5203,380,213,63,150,167,78,89,4823,2665,1827,838,2158,976,1182,06,029,003123
06029006100,"Census Tract 61, Kern County, California",1770,85,52,0,52,33,14,19,1685,885,453,432,800,503,297,06,029,006100
06029000505,"Census Tract 5.05, Kern County, California",822,39,25,12,13,14,0,14,783,290,260,30,493,313,180,06,029,000505
06041107000,"Census Tract 1070, Marin County, California",1268,54,18,18,0,36,0,36,1214,584,476,108,630,378,252,06,041,107000
06041111000,"Census Tract 1110, Marin County, California",1273,12,12,12,0,0,0,0,1261,382,248,134,879,690,189,06,041,111000
06041116000,"Census Tract 1160, Marin County, California",490,0,0,0,0,0,0,0,490,284,230,54,206,121,85,06,041,116000
06041124200,"Census Tract 1242, Marin County, California",1078,18,0,0,0,18,18,0,1060,722,449,273,338,146,192,06,041,124200
06041125000,"Census Tract 1250, Marin County, California",981,12,12,12,0,0,0,0,969,427,271,156,542,325,217,06,041,125000
06041127000,"Census Tract 1270, Marin County, California",988,46,46,46,0,0,0,0,942,503,394,109,439,272,167,06,041,127000
06041102100,"Census Tract 1021, Marin County, California",413,13,13,13,0,0,0,0,400,225,173,52,175,85,90,06,041,102100
06041106001,"Census Tract 1060.01, Marin County, California",895,49,49,49,0,0,0,0,846,320,247,73,526,452,74,06,041,106001
06041108100,"Census Tract 1081, Marin County, California",1170,27,26,14,12,1,0,1,1143,614,486,128,529,393,136,06,041,108100
06041108200,"Census Tract 1082, Marin County, California",1126,44,44,25,19,0,0,0,1082,542,454,88,540,400,140,06,041,108200
06041110200,"Census Tract 1102, Marin County, California",869,100,65,54,11,35,35,0,769,500,399,101,269,124,145,06,041,110200
06041128100,"Census Tract 1281, Marin County, California",1158,10,10,10,0,0,0,0,1148,591,514,77,557,438,119,06,041,128100
06041103100,"Census Tract 1031, Marin County, California",1181,46,31,31,0,15,15,0,1135,569,313,256,566,262,304,06,041,103100
06041104300,"Census Tract 1043, Marin County, California",282,46,6,6,0,40,17,23,236,103,70,33,133,93,40,06,041,104300
06071000804,"Census Tract 8.04, San Bernardino County, California",698,12,12,12,0,0,0,0,686,302,264,38,384,175,209,06,071,000804
06071001702,"Census Tract 17.02, San Bernardino County, California",1412,147,80,42,38,67,32,35,1265,597,425,172,668,509,159,06,071,001702
06107001703,"Census Tract 17.03, Tulare County, California",1467,84,84,53,31,0,0,0,1383,631,344,287,752,531,221,06,107,001703
06107001704,"Census Tract 17.04, Tulare County, California",1799,69,25,19,6,44,6,38,1730,735,588,147,995,703,292,06,107,001704
06107002303,"Census Tract 23.03, Tulare County, California",1450,124,61,0,61,63,0,63,1326,863,613,250,463,226,237,06,107,002303
06107002400,"Census Tract 24, Tulare County, California",3445,304,212,143,69,92,14,78,3141,1658,1007,651,1483,932,551,06,107,002400
06107002602,"Census Tract 26.02, Tulare County, California",1442,60,46,14,32,14,14,0,1382,625,454,171,757,339,418,06,107,002602
06107003100,"Census Tract 31, Tulare County, California",778,83,40,8,32,43,4,39,695,388,138,250,307,154,153,06,107,003100
06107003400,"Census Tract 34, Tulare County, California",1375,69,49,35,14,20,20,0,1306,547,362,185,759,440,319,06,107,003400
06107003601,"Census Tract 36.01, Tulare County, California",1679,80,66,29,37,14,0,14,1599,642,380,262,957,470,487,06,107,003601
06107000100,"Census Tract 1, Tulare County, California",696,26,7,0,7,19,19,0,670,287,224,63,383,278,105,06,107,000100
06107000201,"Census Tract 2.01, Tulare County, California",2011,195,80,0,80,115,115,0,1816,837,519,318,979,596,383,06,107,000201
06107000401,"Census Tract 4.01, Tulare County, California",1473,88,80,21,59,8,8,0,1385,644,443,201,741,407,334,06,107,000401
06107001005,"Census Tract 10.05, Tulare County, California",671,40,27,11,16,13,13,0,631,247,137,110,384,220,164,06,107,001005
06107001502,"Census Tract 15.02, Tulare County, California",1166,168,65,19,46,103,60,43,998,521,412,109,477,380,97,06,107,001502
06107002008,"Census Tract 20.08, Tulare County, California",675,45,14,14,0,31,31,0,630,241,141,100,389,146,243,06,107,002008
06107003700,"Census Tract 37, Tulare County, California",1506,162,112,55,57,50,0,50,1344,402,256,146,942,686,256,06,107,003700
06107003902,"Census Tract 39.02, Tulare County, California",1239,101,64,34,30,37,32,5,1138,473,285,188,665,448,217,06,107,003902
06107004102,"Census Tract 41.02, Tulare County, California",550,78,41,9,32,37,16,21,472,214,162,52,258,102,156,06,107,004102
06071000605,"Census Tract 6.05, San Bernardino County, California",1105,26,26,0,26,0,0,0,1079,490,305,185,589,482,107,06,071,000605
06071000606,"Census Tract 6.06, San Bernardino County, California",1221,121,84,52,32,37,37,0,1100,413,269,144,687,467,220,06,071,000606
06071000813,"Census Tract 8.13, San Bernardino County, California",594,0,0,0,0,0,0,0,594,266,210,56,328,229,99,06,071,000813
06071000815,"Census Tract 8.15, San Bernardino County, California",694,12,12,12,0,0,0,0,682,409,361,48,273,204,69,06,071,000815
06071000816,"Census Tract 8.16, San Bernardino County, California",845,8,8,8,0,0,0,0,837,428,325,103,409,294,115,06,071,000816
06071000817,"Census Tract 8.17, San Bernardino County, California",1026,54,54,47,7,0,0,0,972,394,283,111,578,323,255,06,071,000817
06071000814,"Census Tract 8.14, San Bernardino County, California",644,0,0,0,0,0,0,0,644,382,316,66,262,166,96,06,071,000814
06071000818,"Census Tract 8.18, San Bernardino County, California",1080,49,25,25,0,24,20,4,1031,459,447,12,572,338,234,06,071,000818
06071000819,"Census Tract 8.19, San Bernardino County, California",968,51,51,26,25,0,0,0,917,557,357,200,360,296,64,06,071,000819
06071000820,"Census Tract 8.20, San Bernardino County, California",691,67,43,16,27,24,0,24,624,285,218,67,339,160,179,06,071,000820
06071000821,"Census Tract 8.21, San Bernardino County, California",1159,84,38,23,15,46,8,38,1075,383,316,67,692,487,205,06,071,000821
06037431700,"Census Tract 4317, Los Angeles County, California",1220,43,43,43,0,0,0,0,1177,619,468,151,558,366,192,06,037,431700
06037432700,"Census Tract 4327, Los Angeles County, California",1577,48,48,31,17,0,0,0,1529,643,392,251,886,566,320,06,037,432700
06037433902,"Census Tract 4339.02, Los Angeles County, California",733,39,39,6,33,0,0,0,694,291,200,91,403,191,212,06,037,433902
06037434001,"Census Tract 4340.01, Los Angeles County, California",1078,30,0,0,0,30,14,16,1048,346,248,98,702,493,209,06,037,434001
06037460301,"Census Tract 4603.01, Los Angeles County, California",1071,89,51,39,12,38,38,0,982,429,293,136,553,383,170,06,037,460301
06037460800,"Census Tract 4608, Los Angeles County, California",378,16,16,16,0,0,0,0,362,232,120,112,130,49,81,06,037,460800
06037461200,"Census Tract 4612, Los Angeles County, California",873,0,0,0,0,0,0,0,873,486,386,100,387,282,105,06,037,461200
06037462700,"Census Tract 4627, Los Angeles County, California",1476,124,96,66,30,28,28,0,1352,591,556,35,761,629,132,06,037,462700
06037463200,"Census Tract 4632, Los Angeles County, California",811,0,0,0,0,0,0,0,811,451,278,173,360,237,123,06,037,463200
06037463800,"Census Tract 4638, Los Angeles County, California",649,37,20,12,8,17,17,0,612,434,368,66,178,151,27,06,037,463800
06037464000,"Census Tract 4640, Los Angeles County, California",1253,36,36,36,0,0,0,0,1217,540,379,161,677,555,122,06,037,464000
06037430501,"Census Tract 4305.01, Los Angeles County, California",562,14,14,14,0,0,0,0,548,295,234,61,253,159,94,06,037,430501
06037430801,"Census Tract 4308.01, Los Angeles County, California",1832,78,60,31,29,18,0,18,1754,867,577,290,887,523,364,06,037,430801
06037430803,"Census Tract 4308.03, Los Angeles County, California",1096,101,101,38,63,0,0,0,995,560,476,84,435,290,145,06,037,430803
06037431002,"Census Tract 4310.02, Los Angeles County, California",615,28,28,28,0,0,0,0,587,261,197,64,326,282,44,06,037,431002
06037431300,"Census Tract 4313, Los Angeles County, California",686,61,61,57,4,0,0,0,625,244,197,47,381,219,162,06,037,431300
06037432601,"Census Tract 4326.01, Los Angeles County, California",1562,50,39,39,0,11,11,0,1512,584,408,176,928,415,513,06,037,432601
06037433302,"Census Tract 4333.02, Los Angeles County, California",404,25,8,0,8,17,7,10,379,210,109,101,169,131,38,06,037,433302
06037433501,"Census Tract 4335.01, Los Angeles County, California",368,10,10,0,10,0,0,0,358,60,25,35,298,131,167,06,037,433501
06037460200,"Census Tract 4602, Los Angeles County, California",1277,0,0,0,0,0,0,0,1277,407,335,72,870,774,96,06,037,460200
06037101220,"Census Tract 1012.20, Los Angeles County, California",861,58,21,0,21,37,24,13,803,303,220,83,500,299,201,06,037,101220
06037103400,"Census Tract 1034, Los Angeles County, California",1530,0,0,0,0,0,0,0,1530,634,577,57,896,594,302,06,037,103400
06037104105,"Census Tract 1041.05, Los Angeles County, California",1599,86,78,53,25,8,0,8,1513,626,379,247,887,463,424,06,037,104105
06037540201,"Census Tract 5402.01, Los Angeles County, California",695,61,12,6,6,49,17,32,634,212,96,116,422,223,199,06,037,540201
06037218220,"Census Tract 2182.20, Los Angeles County, California",882,72,47,38,9,25,0,25,810,246,140,106,564,458,106,06,037,218220
06037222200,"Census Tract 2222, Los Angeles County, California",895,77,44,20,24,33,0,33,818,311,239,72,507,285,222,06,037,222200
06037228100,"Census Tract 2281, Los Angeles County, California",1361,102,33,19,14,69,69,0,1259,477,352,125,782,454,328,06,037,228100
06037232400,"Census Tract 2324, Los Angeles County, California",1945,120,23,23,0,97,87,10,1825,589,414,175,1236,834,402,06,037,232400
06037241300,"Census Tract 2413, Los Angeles County, California",664,76,20,12,8,56,44,12,588,188,101,87,400,271,129,06,037,241300
06037481103,"Census Tract 4811.03, Los Angeles County, California",1247,37,37,21,16,0,0,0,1210,434,325,109,776,532,244,06,037,481103
06037500100,"Census Tract 5001, Los Angeles County, California",694,81,8,0,8,73,0,73,613,297,249,48,316,192,124,06,037,500100
06037920038,"Census Tract 9200.38, Los Angeles County, California",1068,60,36,0,36,24,24,0,1008,362,264,98,646,461,185,06,037,920038
06107002700,"Census Tract 27, Tulare County, California",928,88,88,25,63,0,0,0,840,353,259,94,487,316,171,06,107,002700
06107002800,"Census Tract 28, Tulare County, California",878,51,29,5,24,22,22,0,827,366,182,184,461,273,188,06,107,002800
06107004101,"Census Tract 41.01, Tulare County, California",2284,125,73,73,0,52,12,40,2159,1263,784,479,896,388,508,06,107,004101
06107004500,"Census Tract 45, Tulare County, California",1404,83,83,60,23,0,0,0,1321,673,446,227,648,323,325,06,107,004500
06107000402,"Census Tract 4.02, Tulare County, California",1782,82,27,12,15,55,55,0,1700,815,549,266,885,406,479,06,107,000402
06107000501,"Census Tract 5.01, Tulare County, California",1658,81,27,27,0,54,15,39,1577,645,301,344,932,496,436,06,107,000501
06107000502,"Census Tract 5.02, Tulare County, California",1095,76,22,0,22,54,25,29,1019,499,335,164,520,272,248,06,107,000502
06107001100,"Census Tract 11, Tulare County, California",1781,227,74,23,51,153,52,101,1554,619,444,175,935,450,485,06,107,001100
06107001301,"Census Tract 13.01, Tulare County, California",2312,131,94,76,18,37,16,21,2181,733,534,199,1448,567,881,06,107,001301
06107001400,"Census Tract 14, Tulare County, California",1185,113,77,77,0,36,30,6,1072,507,302,205,565,364,201,06,107,001400
06107001800,"Census Tract 18, Tulare County, California",1202,92,9,0,9,83,52,31,1110,342,231,111,768,618,150,06,107,001800
06107001902,"Census Tract 19.02, Tulare County, California",999,16,16,12,4,0,0,0,983,372,273,99,611,467,144,06,107,001902
06071000823,"Census Tract 8.23, San Bernardino County, California",1862,244,37,37,0,207,153,54,1618,410,268,142,1208,854,354,06,071,000823
06071000824,"Census Tract 8.24, San Bernardino County, California",1473,49,0,0,0,49,49,0,1424,478,386,92,946,675,271,06,071,000824
06071000825,"Census Tract 8.25, San Bernardino County, California",1091,61,29,16,13,32,27,5,1030,416,217,199,614,459,155,06,071,000825
06037570301,"Census Tract 5703.01, Los Angeles County, California",1877,105,56,0,56,49,49,0,1772,681,439,242,1091,769,322,06,037,570301
06037604100,"Census Tract 6041, Los Angeles County, California",1605,98,35,15,20,63,47,16,1507,813,438,375,694,517,177,06,037,604100
06037573800,"Census Tract 5738, Los Angeles County, California",1134,41,41,41,0,0,0,0,1093,540,448,92,553,364,189,06,037,573800
06037576801,"Census Tract 5768.01, Los Angeles County, California",1288,57,30,14,16,27,27,0,1231,227,116,111,1004,820,184,06,037,576801
06037601212,"Census Tract 6012.12, Los Angeles County, California",1866,159,118,76,42,41,41,0,1707,709,465,244,998,819,179,06,037,601212
06037650702,"Census Tract 6507.02, Los Angeles County, California",932,59,59,59,0,0,0,0,873,418,255,163,455,258,197,06,037,650702
06037106604,"Census Tract 1066.04, Los Angeles County, California",1080,89,58,14,44,31,4,27,991,487,337,150,504,369,135,06,037,106604
06037113321,"Census Tract 1133.21, Los Angeles County, California",1698,19,19,19,0,0,0,0,1679,434,261,173,1245,959,286,06,037,113321
06037541100,"Census Tract 5411, Los Angeles County, California",849,73,0,0,0,73,37,36,776,306,190,116,470,277,193,06,037,541100
06037542800,"Census Tract 5428, Los Angeles County, California",776,29,12,0,12,17,17,0,747,285,192,93,462,337,125,06,037,542800
06037550300,"Census Tract 5503, Los Angeles County, California",2441,109,52,43,9,57,19,38,2332,774,555,219,1558,1133,425,06,037,550300
06037553802,"Census Tract 5538.02, Los Angeles County, California",1571,93,53,9,44,40,40,0,1478,631,372,259,847,535,312,06,037,553802
06037555102,"Census Tract 5551.02, Los Angeles County, California",1580,86,39,19,20,47,29,18,1494,470,330,140,1024,610,414,06,037,555102
06037275603,"Census Tract 2756.03, Los Angeles County, California",680,0,0,0,0,0,0,0,680,259,169,90,421,335,86,06,037,275603
06037278001,"Census Tract 2780.01, Los Angeles County, California",602,7,7,7,0,0,0,0,595,349,277,72,246,225,21,06,037,278001
06037278102,"Census Tract 2781.02, Los Angeles County, California",786,22,22,10,12,0,0,0,764,339,298,41,425,404,21,06,037,278102
06037293306,"Census Tract 2933.06, Los Angeles County, California",508,15,15,11,4,0,0,0,493,258,179,79,235,186,49,06,037,293306
06037293307,"Census Tract 2933.07, Los Angeles County, California",699,23,23,14,9,0,0,0,676,264,177,87,412,295,117,06,037,293307
06037294301,"Census Tract 2943.01, Los Angeles County, California",600,9,9,9,0,0,0,0,591,300,177,123,291,192,99,06,037,294301
06037294701,"Census Tract 2947.01, Los Angeles County, California",792,42,16,5,11,26,26,0,750,258,115,143,492,367,125,06,037,294701
06037294302,"Census Tract 2943.02, Los Angeles County, California",1117,90,40,11,29,50,15,35,1027,423,252,171,604,380,224,06,037,294302
06037294421,"Census Tract 2944.21, Los Angeles County, California",776,0,0,0,0,0,0,0,776,320,213,107,456,360,96,06,037,294421
06037295103,"Census Tract 2951.03, Los Angeles County, California",1217,79,79,79,0,0,0,0,1138,422,322,100,716,589,127,06,037,295103
06037296401,"Census Tract 2964.01, Los Angeles County, California",710,0,0,0,0,0,0,0,710,328,223,105,382,282,100,06,037,296401
06037296402,"Census Tract 2964.02, Los Angeles County, California",836,0,0,0,0,0,0,0,836,329,200,129,507,407,100,06,037,296402
06037296901,"Census Tract 2969.01, Los Angeles County, California",1167,64,0,0,0,64,64,0,1103,388,311,77,715,512,203,06,037,296901
06037296902,"Census Tract 2969.02, Los Angeles County, California",1004,72,18,18,0,54,45,9,932,451,302,149,481,371,110,06,037,296902
06037297201,"Census Tract 2972.01, Los Angeles County, California",895,49,49,49,0,0,0,0,846,420,254,166,426,321,105,06,037,297201
06037480002,"Census Tract 4800.02, Los Angeles County, California",753,27,15,8,7,12,0,12,726,297,228,69,429,276,153,06,037,480002
06037500700,"Census Tract 5007, Los Angeles County, California",1785,86,19,0,19,67,51,16,1699,651,429,222,1048,688,360,06,037,500700
06037670405,"Census Tract 6704.05, Los Angeles County, California",471,0,0,0,0,0,0,0,471,319,204,115,152,81,71,06,037,670405
06037601302,"Census Tract 6013.02, Los Angeles County, California",2362,259,112,29,83,147,59,88,2103,578,443,135,1525,1390,135,06,037,601302
06037602404,"Census Tract 6024.04, Los Angeles County, California",1396,47,23,23,0,24,8,16,1349,446,296,150,903,667,236,06,037,602404
06061021128,"Census Tract 211.28, Placer County, California",821,20,20,20,0,0,0,0,801,337,237,100,464,394,70,06,061,021128
06061021129,"Census Tract 211.29, Placer County, California",776,8,8,8,0,0,0,0,768,380,272,108,388,345,43,06,061,021129
06061021130,"Census Tract 211.30, Placer County, California",779,29,29,29,0,0,0,0,750,302,180,122,448,396,52,06,061,021130
06061021131,"Census Tract 211.31, Placer County, California",1354,53,44,0,44,9,9,0,1301,671,507,164,630,470,160,06,061,021131
06061021203,"Census Tract 212.03, Placer County, California",1580,68,16,0,16,52,52,0,1512,876,700,176,636,489,147,06,061,021203
06061021204,"Census Tract 212.04, Placer County, California",432,6,6,6,0,0,0,0,426,206,111,95,220,134,86,06,061,021204
06061021309,"Census Tract 213.09, Placer County, California",3812,91,91,24,67,0,0,0,3721,1958,1476,482,1763,1254,509,06,061,021309
06059032061,"Census Tract 320.61, Orange County, California",920,54,54,0,54,0,0,0,866,436,246,190,430,337,93,06,059,032061
06059062648,"Census Tract 626.48, Orange County, California",0,0,0,0,0,0,0,0,0,0,0,0,0,0,0,06,059,062648
06059062649,"Census Tract 626.49, Orange County, California",440,16,0,0,0,16,16,0,424,181,113,68,243,205,38,06,059,062649
06059087505,"Census Tract 875.05, Orange County, California",1417,90,58,0,58,32,16,16,1327,504,337,167,823,455,368,06,059,087505
06059980000,"Census Tract 9800, Orange County, California",16,0,0,0,0,0,0,0,16,0,0,0,16,8,8,06,059,980000
06059990100,"Census Tract 9901, Orange County, California",0,0,0,0,0,0,0,0,0,0,0,0,0,0,0,06,059,990100
06061020401,"Census Tract 204.01, Placer County, California",576,11,11,11,0,0,0,0,565,198,176,22,367,274,93,06,061,020401
06061020402,"Census Tract 204.02, Placer County, California",651,36,7,0,7,29,29,0,615,289,217,72,326,271,55,06,061,020402
06037297202,"Census Tract 2972.02, Los Angeles County, California",993,28,0,0,0,28,28,0,965,401,243,158,564,460,104,06,037,297202
06037301206,"Census Tract 3012.06, Los Angeles County, California",1158,27,27,10,17,0,0,0,1131,607,430,177,524,277,247,06,037,301206
06037297601,"Census Tract 2976.01, Los Angeles County, California",604,50,44,44,0,6,0,6,554,315,131,184,239,184,55,06,037,297601
06037297602,"Census Tract 2976.02, Los Angeles County, California",892,14,0,0,0,14,0,14,878,380,314,66,498,345,153,06,037,297602
06037300301,"Census Tract 3003.01, Los Angeles County, California",1345,0,0,0,0,0,0,0,1345,668,567,101,677,491,186,06,037,300301
06037301205,"Census Tract 3012.05, Los Angeles County, California",475,7,7,0,7,0,0,0,468,264,225,39,204,159,45,06,037,301205
06037301801,"Census Tract 3018.01, Los Angeles County, California",1452,52,36,29,7,16,16,0,1400,739,582,157,661,570,91,06,037,301801
06037301802,"Census Tract 3018.02, Los Angeles County, California",1091,77,67,62,5,10,10,0,1014,551,382,169,463,317,146,06,037,301802
06037302003,"Census Tract 3020.03, Los Angeles County, California",862,8,8,8,0,0,0,0,854,339,228,111,515,415,100,06,037,302003
06037302004,"Census Tract 3020.04, Los Angeles County, California",1040,69,69,21,48,0,0,0,971,397,327,70,574,403,171,06,037,302004
06037302401,"Census Tract 3024.01, Los Angeles County, California",2113,117,84,11,73,33,33,0,1996,956,755,201,1040,650,390,06,037,302401
06037302503,"Census Tract 3025.03, Los Angeles County, California",1135,135,100,63,37,35,10,25,1000,324,242,82,676,501,175,06,037,302503
06061021322,"Census Tract 213.22, Placer County, California",3978,246,199,181,18,47,47,0,3732,2402,1899,503,1330,837,493,06,061,021322
06061021403,"Census Tract 214.03, Placer County, California",1813,112,12,0,12,100,33,67,1701,938,658,280,763,683,80,06,061,021403
06061021603,"Census Tract 216.03, Placer County, California",822,41,41,0,41,0,0,0,781,227,162,65,554,411,143,06,061,021603
06061021604,"Census Tract 216.04, Placer County, California",589,25,0,0,0,25,25,0,564,296,256,40,268,180,88,06,061,021604
06073010401,"Census Tract 104.01, San Diego County, California",560,27,4,4,0,23,9,14,533,192,164,28,341,261,80,06,073,010401
06073010900,"Census Tract 109, San Diego County, California",373,7,7,7,0,0,0,0,366,204,120,84,162,103,59,06,073,010900
06073013306,"Census Tract 133.06, San Diego County, California",1367,0,0,0,0,0,0,0,1367,539,354,185,828,526,302,06,073,013306
06073013505,"Census Tract 135.05, San Diego County, California",1262,39,39,28,11,0,0,0,1223,469,390,79,754,596,158,06,073,013505
06073013701,"Census Tract 137.01, San Diego County, California",484,28,0,0,0,28,0,28,456,192,170,22,264,201,63,06,073,013701
06073013908,"Census Tract 139.08, San Diego County, California",976,17,0,0,0,17,17,0,959,501,388,113,458,350,108,06,073,013908
06073016608,"Census Tract 166.08, San Diego County, California",475,47,22,0,22,25,17,8,428,305,231,74,123,90,33,06,073,016608
06073016804,"Census Tract 168.04, San Diego County, California",1837,95,77,32,45,18,0,18,1742,686,536,150,1056,706,350,06,073,016804
06073017009,"Census Tract 170.09, San Diego County, California",1011,59,59,36,23,0,0,0,952,459,291,168,493,367,126,06,073,017009
06073017015,"Census Tract 170.15, San Diego County, California",1834,161,77,47,30,84,84,0,1673,787,507,280,886,594,292,06,073,017015
06073010800,"Census Tract 108, San Diego County, California",503,13,13,13,0,0,0,0,490,309,178,131,181,128,53,06,073,010800
06073011700,"Census Tract 117, San Diego County, California",1245,35,35,20,15,0,0,0,1210,514,298,216,696,377,319,06,073,011700
06073012102,"Census Tract 121.02, San Diego County, California",940,42,22,6,16,20,18,2,898,371,239,132,527,353,174,06,073,012102
06073012303,"Census Tract 123.03, San Diego County, California",838,8,8,0,8,0,0,0,830,293,234,59,537,401,136,06,073,012303
06073012600,"Census Tract 126, San Diego County, California",1149,90,54,42,12,36,19,17,1059,481,362,119,578,436,142,06,073,012600
06073013103,"Census Tract 131.03, San Diego County, California",655,52,52,30,22,0,0,0,603,300,212,88,303,250,53,06,073,013103
06073013311,"Census Tract 133.11, San Diego County, California",3008,246,246,192,54,0,0,0,2762,1645,1211,434,1117,778,339,06,073,013311
06073013412,"Census Tract 134.12, San Diego County, California",987,46,44,22,22,2,0,2,941,412,294,118,529,459,70,06,073,013412
06073013414,"Census Tract 134.14, San Diego County, California",1605,55,36,20,16,19,19,0,1550,707,646,61,843,563,280,06,073,013414
06013327000,"Census Tract 3270, Contra Costa County, California",1688,180,48,15,33,132,132,0,1508,678,452,226,830,525,305,06,013,327000
06013328000,"Census Tract 3280, Contra Costa County, California",461,0,0,0,0,0,0,0,461,157,115,42,304,223,81,06,013,328000
06013329000,"Census Tract 3290, Contra Costa County, California",1719,36,36,13,23,0,0,0,1683,669,429,240,1014,852,162,06,013,329000
06013332000,"Census Tract 3320, Contra Costa County, California",2024,125,125,78,47,0,0,0,1899,773,589,184,1126,921,205,06,013,332000
06029004401,"Census Tract 44.01, Kern County, California",1989,15,0,0,0,15,15,0,1974,1045,670,375,929,573,356,06,029,004401
06029005403,"Census Tract 54.03, Kern County, California",2282,80,65,16,49,15,15,0,2202,1206,796,410,996,760,236,06,029,005403
06029005404,"Census Tract 54.04, Kern County, California",1468,100,100,52,48,0,0,0,1368,761,494,267,607,502,105,06,029,005404
06029006202,"Census Tract 62.02, Kern County, California",2163,141,107,26,81,34,29,5,2022,1080,694,386,942,412,530,06,029,006202
06061020501,"Census Tract 205.01, Placer County, California",414,5,5,5,0,0,0,0,409,199,133,66,210,147,63,06,061,020501
06061020502,"Census Tract 205.02, Placer County, California",748,37,37,27,10,0,0,0,711,381,271,110,330,204,126,06,061,020502
06061020710,"Census Tract 207.10, Placer County, California",819,29,19,19,0,10,10,0,790,337,257,80,453,348,105,06,061,020710
06061020711,"Census Tract 207.11, Placer County, California",1045,18,18,18,0,0,0,0,1027,523,380,143,504,356,148,06,061,020711
06061020712,"Census Tract 207.12, Placer County, California",823,96,63,15,48,33,33,0,727,370,308,62,357,205,152,06,061,020712
06061020713,"Census Tract 207.13, Placer County, California",646,27,0,0,0,27,0,27,619,308,291,17,311,146,165,06,061,020713
06061020714,"Census Tract 207.14, Placer County, California",855,70,60,47,13,10,10,0,785,352,250,102,433,232,201,06,061,020714
06061020715,"Census Tract 207.15, Placer County, California",676,31,26,13,13,5,0,5,645,263,195,68,382,224,158,06,061,020715
06061020717,"Census Tract 207.17, Placer County, California",879,43,33,25,8,10,0,10,836,348,292,56,488,383,105,06,061,020717
06061020805,"Census Tract 208.05, Placer County, California",1198,27,27,27,0,0,0,0,1171,476,378,98,695,482,213,06,061,020805
06061020806,"Census Tract 208.06, Placer County, California",937,27,27,27,0,0,0,0,910,464,338,126,446,356,90,06,061,020806
06061020908,"Census Tract 209.08, Placer County, California",1682,115,97,80,17,18,18,0,1567,754,519,235,813,531,282,06,061,020908
06061021034,"Census Tract 210.34, Placer County, California",1200,31,11,11,0,20,20,0,1169,695,500,195,474,318,156,06,061,021034
06019000100,"Census Tract 1, Fresno County, California",439,23,0,0,0,23,0,23,416,70,8,62,346,72,274,06,019,000100
06019000200,"Census Tract 2, Fresno County, California",659,78,42,22,20,36,15,21,581,218,122,96,363,170,193,06,019,000200
06019002702,"Census Tract 27.02, Fresno County, California",1240,55,0,0,0,55,33,22,1185,511,281,230,674,255,419,06,019,002702
06019003001,"Census Tract 30.01, Fresno County, California",813,39,8,0,8,31,8,23,774,309,188,121,465,284,181,06,019,003001
06019003400,"Census Tract 34, Fresno County, California",1098,94,11,11,0,83,49,34,1004,414,261,153,590,345,245,06,019,003400
06019004207,"Census Tract 42.07, Fresno County, California",2698,198,168,90,78,30,10,20,2500,1637,1159,478,863,546,317,06,019,004207
06019004211,"Census Tract 42.11, Fresno County, California",1664,39,39,39,0,0,0,0,1625,716,529,187,909,826,83,06,019,004211
06019004504,"Census Tract 45.04, Fresno County, California",1112,57,0,0,0,57,0,57,1055,494,362,132,561,506,55,06,019,004504
06019003202,"Census Tract 32.02, Fresno County, California",1365,139,67,37,30,72,0,72,1226,245,115,130,981,473,508,06,019,003202
06019003500,"Census Tract 35, Fresno County, California",1061,167,44,20,24,123,32,91,894,234,141,93,660,406,254,06,019,003500
06019003805,"Census Tract 38.05, Fresno County, California",1700,102,62,62,0,40,40,0,1598,640,346,294,958,640,318,06,019,003805
06019004210,"Census Tract 42.10, Fresno County, California",1073,53,6,6,0,47,39,8,1020,310,168,142,710,606,104,06,019,004210
06019004303,"Census Tract 43.03, Fresno County, California",737,84,69,42,27,15,15,0,653,237,164,73,416,195,221,06,019,004303
06019004503,"Census Tract 45.03, Fresno County, California",1086,16,16,16,0,0,0,0,1070,436,365,71,634,457,177,06,019,004503
06019006100,"Census Tract 61, Fresno County, California",1767,189,79,79,0,110,36,74,1578,786,541,245,792,374,418,06,019,006100
06019000400,"Census Tract 4, Fresno County, California",1471,104,55,4,51,49,49,0,1367,464,239,225,903,422,481,06,019,000400
06019000700,"Census Tract 7, Fresno County, California",795,72,0,0,0,72,30,42,723,202,125,77,521,347,174,06,019,000700
06019001100,"Census Tract 11, Fresno County, California",608,40,4,0,4,36,6,30,568,217,122,95,351,266,85,06,019,001100
06019001202,"Census Tract 12.02, Fresno County, California",1171,99,50,17,33,49,45,4,1072,503,326,177,569,363,206,06,019,001202
06019001700,"Census Tract 17, Fresno County, California",1385,103,57,37,20,46,20,26,1282,577,453,124,705,432,273,06,019,001700
06019001201,"Census Tract 12.01, Fresno County, California",1143,141,61,0,61,80,59,21,1002,427,266,161,575,391,184,06,019,001201
06019002300,"Census Tract 23, Fresno County, California",916,59,44,15,29,15,0,15,857,208,132,76,649,415,234,06,019,002300
06019003803,"Census Tract 38.03, Fresno County, California",2223,77,67,56,11,10,0,10,2146,1079,818,261,1067,616,451,06,019,003803
06019004100,"Census Tract 41, Fresno County, California",790,35,26,14,12,9,0,9,755,373,267,106,382,188,194,06,019,004100
06029001201,"Census Tract 12.01, Kern County, California",713,44,28,0,28,16,0,16,669,261,124,137,408,166,242,06,029,001201
06029003115,"Census Tract 31.15, Kern County, California",1240,32,0,0,0,32,29,3,1208,589,326,263,619,282,337,06,029,003115
06059075403,"Census Tract 754.03, Orange County, California",1973,63,54,47,7,9,9,0,1910,872,700,172,1038,866,172,06,059,075403
06059042107,"Census Tract 421.07, Orange County, California",971,6,6,6,0,0,0,0,965,398,254,144,567,459,108,06,059,042107
06059001101,"Census Tract 11.01, Orange County, California",1241,71,61,15,46,10,10,0,1170,471,346,125,699,524,175,06,059,001101
06059001601,"Census Tract 16.01, Orange County, California",1616,60,60,28,32,0,0,0,1556,794,481,313,762,570,192,06,059,001601
06061021035,"Census Tract 210.35, Placer County, California",2027,78,78,78,0,0,0,0,1949,863,777,86,1086,806,280,06,061,021035
06061021037,"Census Tract 210.37, Placer County, California",443,25,5,5,0,20,0,20,418,177,102,75,241,189,52,06,061,021037
06061021038,"Census Tract 210.38, Placer County, California",1821,15,15,0,15,0,0,0,1806,740,536,204,1066,608,458,06,061,021038
06061021039,"Census Tract 210.39, Placer County, California",41,0,0,0,0,0,0,0,41,27,27,0,14,14,0,06,061,021039
06061021040,"Census Tract 210.40, Placer County, California",14,0,0,0,0,0,0,0,14,14,0,14,0,0,0,06,061,021040
06061021044,"Census Tract 210.44, Placer County, California",1549,62,62,39,23,0,0,0,1487,813,594,219,674,514,160,06,061,021044
06037208802,"Census Tract 2088.02, Los Angeles County, California",937,69,28,13,15,41,24,17,868,244,164,80,624,517,107,06,037,208802
06037209103,"Census Tract 2091.03, Los Angeles County, California",1027,103,63,10,53,40,11,29,924,209,94,115,715,418,297,06,037,209103
06037209104,"Census Tract 2091.04, Los Angeles County, California",694,27,6,0,6,21,0,21,667,246,176,70,421,321,100,06,037,209104
06037211121,"Census Tract 2111.21, Los Angeles County, California",675,43,29,24,5,14,14,0,632,203,126,77,429,295,134,06,037,211121
06037211122,"Census Tract 2111.22, Los Angeles County, California",850,85,27,0,27,58,58,0,765,302,151,151,463,274,189,06,037,211122
06037211201,"Census Tract 2112.01, Los Angeles County, California",818,32,6,6,0,26,21,5,786,144,84,60,642,465,177,06,037,211201
06037211202,"Census Tract 2112.02, Los Angeles County, California",591,0,0,0,0,0,0,0,591,199,122,77,392,325,67,06,037,211202
06037211703,"Census Tract 2117.03, Los Angeles County, California",1333,58,21,0,21,37,20,17,1275,394,307,87,881,792,89,06,037,211703
06037211704,"Census Tract 2117.04, Los Angeles County, California",880,28,28,28,0,0,0,0,852,268,237,31,584,535,49,06,037,211704
06037211803,"Census Tract 2118.03, Los Angeles County, California",1172,36,27,19,8,9,9,0,1136,483,325,158,653,471,182,06,037,211803
06037211804,"Census Tract 2118.04, Los Angeles County, California",963,15,15,0,15,0,0,0,948,353,182,171,595,290,305,06,037,211804
06037211921,"Census Tract 2119.21, Los Angeles County, California",690,14,14,0,14,0,0,0,676,303,158,145,373,287,86,06,037,211921
06037211922,"Census Tract 2119.22, Los Angeles County, California",1077,101,69,54,15,32,32,0,976,387,316,71,589,411,178,06,037,211922
06037212101,"Census Tract 2121.01, Los Angeles County, California",951,23,14,0,14,9,9,0,928,274,214,60,654,477,177,06,037,212101
06037212102,"Census Tract 2121.02, Los Angeles County, California",510,75,45,21,24,30,30,0,435,127,78,49,308,256,52,06,037,212102
06037212501,"Census Tract 2125.01, Los Angeles County, California",634,15,15,0,15,0,0,0,619,171,135,36,448,364,84,06,037,212501
06085508001,"Census Tract 5080.01, Santa Clara County, California",1780,47,47,36,11,0,0,0,1733,1130,560,570,603,463,140,06,085,508001
06085510001,"Census Tract 5100.01, Santa Clara County, California",1199,68,68,38,30,0,0,0,1131,646,570,76,485,260,225,06,085,510001
06085506000,"Census Tract 5060, Santa Clara County, California",1146,83,54,54,0,29,29,0,1063,608,441,167,455,366,89,06,085,506000
06085510400,"Census Tract 5104, Santa Clara County, California",707,7,7,7,0,0,0,0,700,461,311,150,239,153,86,06,085,510400
06085508303,"Census Tract 5083.03, Santa Clara County, California",454,23,23,19,4,0,0,0,431,270,227,43,161,65,96,06,085,508303
06085511905,"Census Tract 5119.05, Santa Clara County, California",701,54,54,37,17,0,0,0,647,377,280,97,270,171,99,06,085,511905
06085512308,"Census Tract 5123.08, Santa Clara County, California",1913,80,80,14,66,0,0,0,1833,932,574,358,901,613,288,06,085,512308
06019004212,"Census Tract 42.12, Fresno County, California",3285,242,213,22,191,29,29,0,3043,1325,784,541,1718,1485,233,06,019,004212
06019004704,"Census Tract 47.04, Fresno County, California",1261,132,105,36,69,27,24,3,1129,366,236,130,763,537,226,06,019,004704
06019002400,"Census Tract 24, Fresno County, California",1278,31,16,16,0,15,8,7,1247,359,291,68,888,476,412,06,019,002400
06019002601,"Census Tract 26.01, Fresno County, California",1261,166,92,37,55,74,64,10,1095,271,115,156,824,479,345,06,019,002601
06019003804,"Census Tract 38.04, Fresno County, California",1781,26,26,19,7,0,0,0,1755,453,370,83,1302,1016,286,06,019,003804
06019004208,"Census Tract 42.08, Fresno County, California",1326,124,124,64,60,0,0,0,1202,604,531,73,598,343,255,06,019,004208
06089012101,"Census Tract 121.01, Shasta County, California",1089,124,76,52,24,48,21,27,965,551,403,148,414,319,95,06,089,012101
06089012102,"Census Tract 121.02, Shasta County, California",329,19,13,0,13,6,6,0,310,145,97,48,165,124,41,06,089,012102
06089012603,"Census Tract 126.03, Shasta County, California",511,0,0,0,0,0,0,0,511,316,236,80,195,128,67,06,089,012603
06089012604,"Census Tract 126.04, Shasta County, California",218,10,10,2,8,0,0,0,208,134,85,49,74,30,44,06,089,012604
06095250604,"Census Tract 2506.04, Solano County, California",891,30,24,24,0,6,6,0,861,285,248,37,576,395,181,06,095,250604
06095250103,"Census Tract 2501.03, Solano County, California",1165,68,37,37,0,31,17,14,1097,356,301,55,741,378,363,06,095,250103
06095250104,"Census Tract 2501.04, Solano County, California",445,19,0,0,0,19,13,6,426,193,136,57,233,147,86,06,095,250104
06095250105,"Census Tract 2501.05, Solano County, California",1718,24,9,9,0,15,15,0,1694,815,701,114,879,649,230,06,095,250105
06073007701,"Census Tract 77.01, San Diego County, California",1233,0,0,0,0,0,0,0,1233,408,325,83,825,819,6,06,073,007701
06073007702,"Census Tract 77.02, San Diego County, California",1347,15,15,15,0,0,0,0,1332,428,316,112,904,806,98,06,073,007702
06073007907,"Census Tract 79.07, San Diego County, California",1547,43,30,30,0,13,13,0,1504,152,99,53,1352,1285,67,06,073,007907
06073000201,"Census Tract 2.01, San Diego County, California",485,56,56,0,56,0,0,0,429,157,142,15,272,215,57,06,073,000201
06073007905,"Census Tract 79.05, San Diego County, California",1004,25,0,0,0,25,0,25,979,84,84,0,895,787,108,06,073,007905
06073002711,"Census Tract 27.11, San Diego County, California",828,129,103,53,50,26,14,12,699,456,262,194,243,196,47,06,073,002711
06073003304,"Census Tract 33.04, San Diego County, California",1196,68,45,31,14,23,14,9,1128,364,278,86,764,486,278,06,073,003304
06073007908,"Census Tract 79.08, San Diego County, California",1457,21,21,21,0,0,0,0,1436,220,163,57,1216,1098,118,06,073,007908
06073007910,"Census Tract 79.10, San Diego County, California",942,18,18,18,0,0,0,0,924,165,134,31,759,540,219,06,073,007910
06073008363,"Census Tract 83.63, San Diego County, California",1865,67,67,40,27,0,0,0,1798,502,202,300,1296,914,382,06,073,008363
06073008364,"Census Tract 83.64, San Diego County, California",2127,188,188,40,148,0,0,0,1939,568,345,223,1371,1114,257,06,073,008364
06073008003,"Census Tract 80.03, San Diego County, California",1168,21,21,21,0,0,0,0,1147,356,264,92,791,770,21,06,073,008003
06073008006,"Census Tract 80.06, San Diego County, California",1052,58,58,58,0,0,0,0,994,288,251,37,706,618,88,06,073,008006
06073008361,"Census Tract 83.61, San Diego County, California",944,19,19,19,0,0,0,0,925,161,147,14,764,458,306,06,073,008361
06073008362,"Census Tract 83.62, San Diego County, California",758,31,31,31,0,0,0,0,727,336,230,106,391,354,37,06,073,008362
06073008365,"Census Tract 83.65, San Diego County, California",569,31,25,25,0,6,6,0,538,367,266,101,171,104,67,06,073,008365
06073008366,"Census Tract 83.66, San Diego County, California",1564,29,29,11,18,0,0,0,1535,1059,843,216,476,215,261,06,073,008366
06073009305,"Census Tract 93.05, San Diego County, California",1456,48,33,33,0,15,15,0,1408,808,642,166,600,526,74,06,073,009305
06073009306,"Census Tract 93.06, San Diego County, California",1411,162,145,111,34,17,17,0,1249,501,386,115,748,558,190,06,073,009306
06073009510,"Census Tract 95.10, San Diego County, California",1283,172,172,74,98,0,0,0,1111,995,454,541,116,24,92,06,073,009510
06073009511,"Census Tract 95.11, San Diego County, California",1114,107,91,43,48,16,0,16,1007,817,361,456,190,59,131,06,073,009511
06073012501,"Census Tract 125.01, San Diego County, California",717,30,7,7,0,23,7,16,687,280,233,47,407,283,124,06,073,012501
06073012502,"Census Tract 125.02, San Diego County, California",1091,122,87,27,60,35,21,14,969,441,292,149,528,360,168,06,073,012502
06073014805,"Census Tract 148.05, San Diego County, California",1539,76,76,8,68,0,0,0,1463,579,415,164,884,769,115,06,073,014805
06073014806,"Census Tract 148.06, San Diego County, California",695,54,13,0,13,41,19,22,641,310,243,67,331,246,85,06,073,014806
06073014902,"Census Tract 149.02, San Diego County, California",856,33,25,25,0,8,0,8,823,292,202,90,531,434,97,06,073,014902
06037603301,"Census Tract 6033.01, Los Angeles County, California",894,65,58,41,17,7,7,0,829,386,284,102,443,322,121,06,037,603301
06037603302,"Census Tract 6033.02, Los Angeles County, California",952,10,10,0,10,0,0,0,942,331,296,35,611,300,311,06,037,603302
06037603702,"Census Tract 6037.02, Los Angeles County, California",1172,0,0,0,0,0,0,0,1172,396,283,113,776,613,163,06,037,603702
06085503211,"Census Tract 5032.11, Santa Clara County, California",941,52,52,52,0,0,0,0,889,455,384,71,434,409,25,06,085,503211
06085503326,"Census Tract 5033.26, Santa Clara County, California",1919,79,71,60,11,8,8,0,1840,1011,805,206,829,493,336,06,085,503326
06085504417,"Census Tract 5044.17, Santa Clara County, California",45,0,0,0,0,0,0,0,45,30,26,4,15,15,0,06,085,504417
06085503115,"Census Tract 5031.15, Santa Clara County, California",1848,127,63,46,17,64,64,0,1721,873,665,208,848,663,185,06,085,503115
06085503509,"Census Tract 5035.09, Santa Clara County, California",983,44,36,17,19,8,0,8,939,457,312,145,482,348,134,06,085,503509
06085504320,"Census Tract 5043.20, Santa Clara County, California",641,47,47,41,6,0,0,0,594,336,229,107,258,192,66,06,085,504320
06085505500,"Census Tract 5055, Santa Clara County, California",997,53,41,13,28,12,12,0,944,555,413,142,389,310,79,06,085,505500
06085507905,"Census Tract 5079.05, Santa Clara County, California",1721,57,57,10,47,0,0,0,1664,1161,849,312,503,247,256,06,085,507905
06085511000,"Census Tract 5110, Santa Clara County, California",1689,63,48,0,48,15,15,0,1626,874,620,254,752,552,200,06,085,511000
06041104102,"Census Tract 1041.02, Marin County, California",1459,133,133,72,61,0,0,0,1326,534,349,185,792,594,198,06,041,104102
06041104200,"Census Tract 1042, Marin County, California",1115,91,44,0,44,47,47,0,1024,481,391,90,543,431,112,06,041,104200
06041106002,"Census Tract 1060.02, Marin County, California",1115,98,98,82,16,0,0,0,1017,561,463,98,456,252,204,06,041,106002
06041118100,"Census Tract 1181, Marin County, California",380,0,0,0,0,0,0,0,380,206,131,75,174,85,89,06,041,118100
06041121100,"Census Tract 1211, Marin County, California",1026,41,23,18,5,18,18,0,985,443,341,102,542,419,123,06,041,121100
06041132100,"Census Tract 1321, Marin County, California",233,8,8,8,0,0,0,0,225,62,59,3,163,152,11,06,041,132100
06095250106,"Census Tract 2501.06, Solano County, California",963,100,68,63,5,32,32,0,863,376,335,41,487,329,158,06,095,250106
06095250605,"Census Tract 2506.05, Solano County, California",770,72,45,45,0,27,27,0,698,337,243,94,361,262,99,06,095,250605
06095250801,"Census Tract 2508.01, Solano County, California",1011,46,34,34,0,12,12,0,965,274,222,52,691,450,241,06,095,250801
06095252310,"Census Tract 2523.10, Solano County, California",501,24,24,17,7,0,0,0,477,201,171,30,276,166,110,06,095,252310
06095252311,"Census Tract 2523.11, Solano County, California",876,95,95,87,8,0,0,0,781,432,314,118,349,275,74,06,095,252311
06095252312,"Census Tract 2523.12, Solano County, California",1021,53,53,42,11,0,0,0,968,548,421,127,420,271,149,06,095,252312
06037620102,"Census Tract 6201.02, Los Angeles County, California",946,108,71,57,14,37,6,31,838,363,311,52,475,381,94,06,037,620102
06037620521,"Census Tract 6205.21, Los Angeles County, California",1013,39,31,31,0,8,8,0,974,416,337,79,558,489,69,06,037,620521
06037620602,"Census Tract 6206.02, Los Angeles County, California",1067,97,97,83,14,0,0,0,970,550,375,175,420,314,106,06,037,620602
06037650701,"Census Tract 6507.01, Los Angeles County, California",488,18,13,6,7,5,5,0,470,295,213,82,175,125,50,06,037,650701
06037651302,"Census Tract 6513.02, Los Angeles County, California",1185,75,75,63,12,0,0,0,1110,453,302,151,657,496,161,06,037,651302
06037670002,"Census Tract 6700.02, Los Angeles County, California",923,27,27,0,27,0,0,0,896,469,331,138,427,270,157,06,037,670002
06075023300,"Census Tract 233, San Francisco County, California",815,19,19,11,8,0,0,0,796,330,243,87,466,310,156,06,075,023300
06075025300,"Census Tract 253, San Francisco County, California",1252,63,55,43,12,8,8,0,1189,528,423,105,661,586,75,06,075,025300
06075025401,"Census Tract 254.01, San Francisco County, California",1197,20,10,10,0,10,10,0,1177,394,311,83,783,518,265,06,075,025401
06075026301,"Census Tract 263.01, San Francisco County, California",1257,16,8,0,8,8,8,0,1241,456,376,80,785,635,150,06,075,026301
06075026302,"Census Tract 263.02, San Francisco County, California",1202,0,0,0,0,0,0,0,1202,458,354,104,744,605,139,06,075,026302
06075026303,"Census Tract 263.03, San Francisco County, California",1064,50,42,34,8,8,0,8,1014,515,449,66,499,330,169,06,075,026303
06075030500,"Census Tract 305, San Francisco County, California",521,0,0,0,0,0,0,0,521,254,197,57,267,206,61,06,075,030500
06075031100,"Census Tract 311, San Francisco County, California",1847,44,44,44,0,0,0,0,1803,746,593,153,1057,862,195,06,075,031100
06067004701,"Census Tract 47.01, Sacramento County, California",907,115,48,39,9,67,29,38,792,418,357,61,374,155,219,06,067,004701
06067004702,"Census Tract 47.02, Sacramento County, California",1241,177,51,10,41,126,104,22,1064,439,135,304,625,443,182,06,067,004702
06067003203,"Census Tract 32.03, Sacramento County, California",619,46,46,17,29,0,0,0,573,243,138,105,330,213,117,06,067,003203
06067005204,"Census Tract 52.04, Sacramento County, California",919,65,57,57,0,8,8,0,854,443,292,151,411,332,79,06,067,005204
06067005301,"Census Tract 53.01, Sacramento County, California",401,33,0,0,0,33,26,7,368,98,67,31,270,193,77,06,067,005301
06067005509,"Census Tract 55.09, Sacramento County, California",674,39,23,8,15,16,16,0,635,141,110,31,494,409,85,06,067,005509
06067005510,"Census Tract 55.10, Sacramento County, California",1665,175,122,13,109,53,53,0,1490,462,402,60,1028,863,165,06,067,005510
06067005903,"Census Tract 59.03, Sacramento County, California",832,46,29,29,0,17,17,0,786,222,133,89,564,298,266,06,067,005903
06067005904,"Census Tract 59.04, Sacramento County, California",1071,29,19,0,19,10,10,0,1042,562,334,228,480,358,122,06,067,005904
06067005205,"Census Tract 52.05, Sacramento County, California",593,10,10,0,10,0,0,0,583,91,80,11,492,342,150,06,067,005205
06067007015,"Census Tract 70.15, Sacramento County, California",1351,64,35,24,11,29,29,0,1287,755,614,141,532,381,151,06,067,007015
06067007016,"Census Tract 70.16, Sacramento County, California",1631,181,121,37,84,60,32,28,1450,705,522,183,745,482,263,06,067,007016
06067007017,"Census Tract 70.17, Sacramento County, California",910,32,32,21,11,0,0,0,878,444,310,134,434,322,112,06,067,007017
06067007018,"Census Tract 70.18, Sacramento County, California",1630,180,180,102,78,0,0,0,1450,935,638,297,515,443,72,06,067,007018
06037232300,"Census Tract 2323, Los Angeles County, California",1185,122,90,48,42,32,18,14,1063,334,222,112,729,414,315,06,037,232300
06037235100,"Census Tract 2351, Los Angeles County, California",1004,114,102,80,22,12,12,0,890,325,290,35,565,515,50,06,037,235100
06037237710,"Census Tract 2377.10, Los Angeles County, California",1296,124,62,16,46,62,62,0,1172,339,192,147,833,440,393,06,037,237710
06037238100,"Census Tract 2381, Los Angeles County, California",973,11,11,0,11,0,0,0,962,248,198,50,714,482,232,06,037,238100
06037240020,"Census Tract 2400.20, Los Angeles County, California",1462,49,25,10,15,24,16,8,1413,476,334,142,937,653,284,06,037,240020
06037241110,"Census Tract 2411.10, Los Angeles County, California",890,44,30,13,17,14,0,14,846,290,191,99,556,297,259,06,037,241110
06087100400,"Census Tract 1004, Santa Cruz County, California",5661,10,10,0,10,0,0,0,5651,190,154,36,5461,1915,3546,06,087,100400
06087101000,"Census Tract 1010, Santa Cruz County, California",2674,100,53,53,0,47,0,47,2574,552,332,220,2022,1713,309,06,087,101000
06079010703,"Census Tract 107.03, San Luis Obispo County, California",694,41,41,41,0,0,0,0,653,351,332,19,302,166,136,06,079,010703
06079010901,"Census Tract 109.01, San Luis Obispo County, California",4601,0,0,0,0,0,0,0,4601,45,45,0,4556,1505,3051,06,079,010901
06079012502,"Census Tract 125.02, San Luis Obispo County, California",1286,101,91,45,46,10,10,0,1185,566,467,99,619,480,139,06,079,012502
06079012402,"Census Tract 124.02, San Luis Obispo County, California",2272,42,42,42,0,0,0,0,2230,930,742,188,1300,767,533,06,079,012402
06019007003,"Census Tract 70.03, Fresno County, California",2070,77,77,0,77,0,0,0,1993,914,684,230,1079,756,323,06,019,007003
06019007300,"Census Tract 73, Fresno County, California",946,113,97,51,46,16,10,6,833,403,189,214,430,204,226,06,019,007300
06019000300,"Census Tract 3, Fresno County, California",798,64,26,0,26,38,29,9,734,204,117,87,530,234,296,06,019,000300
06019000800,"Census Tract 8, Fresno County, California",270,0,0,0,0,0,0,0,270,125,66,59,145,75,70,06,019,000800
06019001301,"Census Tract 13.01, Fresno County, California",1284,57,21,0,21,36,17,19,1227,566,282,284,661,334,327,06,019,001301
06019001500,"Census Tract 15, Fresno County, California",558,62,42,7,35,20,10,10,496,252,105,147,244,151,93,06,019,001500
06019001600,"Census Tract 16, Fresno County, California",1284,75,44,13,31,31,7,24,1209,480,309,171,729,360,369,06,019,001600
06019001900,"Census Tract 19, Fresno County, California",539,8,4,4,0,4,4,0,531,231,145,86,300,174,126,06,019,001900
06019002100,"Census Tract 21, Fresno County, California",1325,170,27,27,0,143,66,77,1155,428,390,38,727,625,102,06,019,002100
06019002501,"Census Tract 25.01, Fresno County, California",1323,188,50,17,33,138,71,67,1135,389,190,199,746,484,262,06,019,002501
06019002701,"Census Tract 27.01, Fresno County, California",1034,57,23,0,23,34,34,0,977,408,195,213,569,328,241,06,019,002701
06019003201,"Census Tract 32.01, Fresno County, California",1274,148,80,52,28,68,0,68,1126,317,211,106,809,570,239,06,019,003201
06073017021,"Census Tract 170.21, San Diego County, California",698,0,0,0,0,0,0,0,698,303,149,154,395,273,122,06,073,017021
06073017034,"Census Tract 170.34, San Diego County, California",1124,88,88,59,29,0,0,0,1036,730,564,166,306,240,66,06,073,017034
06073017041,"Census Tract 170.41, San Diego County, California",1423,88,88,28,60,0,0,0,1335,789,557,232,546,532,14,06,073,017041
06037221500,"Census Tract 2215, Los Angeles County, California",1037,45,16,0,16,29,9,20,992,283,185,98,709,525,184,06,037,221500
06037221710,"Census Tract 2217.10, Los Angeles County, California",825,28,5,5,0,23,14,9,797,164,118,46,633,385,248,06,037,221710
06037226410,"Census Tract 2264.10, Los Angeles County, California",963,68,37,20,17,31,31,0,895,250,143,107,645,450,195,06,037,226410
06037228600,"Census Tract 2286, Los Angeles County, California",1398,49,15,0,15,34,0,34,1349,463,245,218,886,460,426,06,037,228600
06037232110,"Census Tract 2321.10, Los Angeles County, California",687,47,27,16,11,20,0,20,640,187,89,98,453,200,253,06,037,232110
06037232200,"Census Tract 2322, Los Angeles County, California",766,49,34,8,26,15,0,15,717,220,197,23,497,296,201,06,037,232200
06037234800,"Census Tract 2348, Los Angeles County, California",918,0,0,0,0,0,0,0,918,326,216,110,592,459,133,06,037,234800
06037236000,"Census Tract 2360, Los Angeles County, California",891,0,0,0,0,0,0,0,891,347,223,124,544,364,180,06,037,236000
06037238200,"Census Tract 2382, Los Angeles County, California",1140,115,46,25,21,69,0,69,1025,345,197,148,680,436,244,06,037,238200
06037239330,"Census Tract 2393.30, Los Angeles County, California",757,28,5,5,0,23,8,15,729,325,152,173,404,259,145,06,037,239330
06037240200,"Census Tract 2402, Los Angeles County, California",1369,56,34,0,34,22,8,14,1313,481,258,223,832,526,306,06,037,240200
06037132900,"Census Tract 1329, Los Angeles County, California",788,36,36,36,0,0,0,0,752,384,198,186,368,286,82,06,037,132900
06037133100,"Census Tract 1331, Los Angeles County, California",1207,22,22,0,22,0,0,0,1185,483,254,229,702,586,116,06,037,133100
06037134104,"Census Tract 1341.04, Los Angeles County, California",1271,63,53,33,20,10,0,10,1208,515,432,83,693,526,167,06,037,134104
06037212305,"Census Tract 2123.05, Los Angeles County, California",800,29,11,11,0,18,7,11,771,257,148,109,514,441,73,06,037,212305
06037212620,"Census Tract 2126.20, Los Angeles County, California",1163,32,32,9,23,0,0,0,1131,335,260,75,796,586,210,06,037,212620
06037213320,"Census Tract 2133.20, Los Angeles County, California",463,29,6,0,6,23,0,23,434,175,146,29,259,244,15,06,037,213320
06037214700,"Census Tract 2147, Los Angeles County, California",739,0,0,0,0,0,0,0,739,183,150,33,556,482,74,06,037,214700
06037216800,"Census Tract 2168, Los Angeles County, California",749,58,47,37,10,11,11,0,691,261,151,110,430,355,75,06,037,216800
06037217200,"Census Tract 2172, Los Angeles County, California",1001,26,26,26,0,0,0,0,975,357,294,63,618,519,99,06,037,217200
06037221810,"Census Tract 2218.10, Los Angeles County, California",794,15,0,0,0,15,0,15,779,149,105,44,630,377,253,06,037,221810
06037222100,"Census Tract 2221, Los Angeles County, California",1034,56,27,0,27,29,14,15,978,324,213,111,654,370,284,06,037,222100
06037224700,"Census Tract 2247, Los Angeles County, California",3271,9,9,0,9,0,0,0,3262,38,30,8,3224,1425,1799,06,037,224700
06065045302,"Census Tract 453.02, Riverside County, California",1181,68,0,0,0,68,25,43,1113,392,237,155,721,479,242,06,065,045302
06065045706,"Census Tract 457.06, Riverside County, California",1402,66,43,0,43,23,23,0,1336,370,273,97,966,692,274,06,065,045706
06065046101,"Census Tract 461.01, Riverside County, California",568,26,14,14,0,12,0,12,542,321,206,115,221,80,141,06,065,046101
06065046200,"Census Tract 462, Riverside County, California",839,78,32,0,32,46,46,0,761,262,202,60,499,264,235,06,065,046200
06065044000,"Census Tract 440, Riverside County, California",414,25,10,10,0,15,0,15,389,129,69,60,260,170,90,06,065,044000
06065040904,"Census Tract 409.04, Riverside County, California",989,100,60,27,33,40,40,0,889,408,279,129,481,233,248,06,065,040904
06065040606,"Census Tract 406.06, Riverside County, California",904,62,62,27,35,0,0,0,842,365,166,199,477,235,242,06,065,040606
06065040703,"Census Tract 407.03, Riverside County, California",570,9,0,0,0,9,0,9,561,348,268,80,213,143,70,06,065,040703
06065041407,"Census Tract 414.07, Riverside County, California",1293,87,39,7,32,48,18,30,1206,559,383,176,647,445,202,06,065,041407
06071009904,"Census Tract 99.04, San Bernardino County, California",3395,226,120,66,54,106,106,0,3169,1224,601,623,1945,1400,545,06,071,009904
06071009905,"Census Tract 99.05, San Bernardino County, California",2068,224,138,96,42,86,74,12,1844,668,493,175,1176,682,494,06,071,009905
06037106407,"Census Tract 1064.07, Los Angeles County, California",803,30,1,1,0,29,29,0,773,346,267,79,427,306,121,06,037,106407
06037106408,"Census Tract 1064.08, Los Angeles County, California",1138,69,40,28,12,29,29,0,1069,394,242,152,675,431,244,06,037,106408
06037106645,"Census Tract 1066.45, Los Angeles County, California",674,91,20,9,11,71,54,17,583,339,236,103,244,119,125,06,037,106645
06037106646,"Census Tract 1066.46, Los Angeles County, California",696,28,10,10,0,18,0,18,668,333,265,68,335,191,144,06,037,106646
06037106648,"Census Tract 1066.48, Los Angeles County, California",1154,62,17,5,12,45,19,26,1092,501,259,242,591,397,194,06,037,106648
06037106649,"Census Tract 1066.49, Los Angeles County, California",709,23,15,8,7,8,8,0,686,292,183,109,394,283,111,06,037,106649
06037108201,"Census Tract 1082.01, Los Angeles County, California",1134,31,31,22,9,0,0,0,1103,711,459,252,392,173,219,06,037,108201
06037108202,"Census Tract 1082.02, Los Angeles County, California",1539,197,142,102,40,55,55,0,1342,855,688,167,487,320,167,06,037,108202
06037109603,"Census Tract 1096.03, Los Angeles County, California",1009,14,14,14,0,0,0,0,995,435,302,133,560,321,239,06,037,109603
06037109604,"Census Tract 1096.04, Los Angeles County, California",726,39,32,32,0,7,7,0,687,342,279,63,345,306,39,06,037,109604
06037111205,"Census Tract 1112.05, Los Angeles County, California",868,6,6,6,0,0,0,0,862,376,237,139,486,355,131,06,037,111205
06037111206,"Census Tract 1112.06, Los Angeles County, California",912,28,21,0,21,7,7,0,884,443,329,114,441,193,248,06,037,111206
06037113101,"Census Tract 1131.01, Los Angeles County, California",664,25,25,25,0,0,0,0,639,305,228,77,334,238,96,06,037,113101
06037113102,"Census Tract 1131.02, Los Angeles County, California",434,39,39,32,7,0,0,0,395,186,111,75,209,138,71,06,037,113102
06087120600,"Census Tract 1206, Santa Cruz County, California",1115,36,10,10,0,26,0,26,1079,453,322,131,626,505,121,06,087,120600
06087121403,"Census Tract 1214.03, Santa Cruz County, California",929,39,24,24,0,15,0,15,890,282,234,48,608,429,179,06,087,121403
06087121700,"Census Tract 1217, Santa Cruz County, California",1726,166,107,32,75,59,4,55,1560,740,652,88,820,633,187,06,087,121700
06087122001,"Census Tract 1220.01, Santa Cruz County, California",1098,54,54,47,7,0,0,0,1044,462,342,120,582,355,227,06,087,122001
06087122400,"Census Tract 1224, Santa Cruz County, California",1557,18,18,0,18,0,0,0,1539,660,429,231,879,647,232,06,087,122400
06087110501,"Census Tract 1105.01, Santa Cruz County, California",2178,161,50,37,13,111,89,22,2017,887,561,326,1130,638,492,06,087,110501
06087100700,"Census Tract 1007, Santa Cruz County, California",670,0,0,0,0,0,0,0,670,174,129,45,496,280,216,06,087,100700
06087120301,"Census Tract 1203.01, Santa Cruz County, California",1179,125,9,9,0,116,116,0,1054,439,331,108,615,500,115,06,087,120301
06087120700,"Census Tract 1207, Santa Cruz County, California",880,61,61,61,0,0,0,0,819,408,330,78,411,278,133,06,087,120700
06087122002,"Census Tract 1220.02, Santa Cruz County, California",647,11,11,11,0,0,0,0,636,233,117,116,403,267,136,06,087,122002
06087122003,"Census Tract 1220.03, Santa Cruz County, California",1637,66,66,0,66,0,0,0,1571,694,589,105,877,655,222,06,087,122003
06087100300,"Census Tract 1003, Santa Cruz County, California",742,0,0,0,0,0,0,0,742,256,148,108,486,342,144,06,087,100300
06087100500,"Census Tract 1005, Santa Cruz County, California",2378,105,105,85,20,0,0,0,2273,200,192,8,2073,1243,830,06,087,100500
06087110400,"Census Tract 1104, Santa Cruz County, California",1957,136,38,18,20,98,35,63,1821,826,627,199,995,694,301,06,087,110400
06087110700,"Census Tract 1107, Santa Cruz County, California",712,34,24,24,0,10,7,3,678,196,144,52,482,360,122,06,087,110700
06087121800,"Census Tract 1218, Santa Cruz County, California",1004,39,0,0,0,39,39,0,965,455,405,50,510,210,300,06,087,121800
06087122201,"Census Tract 1222.01, Santa Cruz County, California",1185,0,0,0,0,0,0,0,1185,366,299,67,819,627,192,06,087,122201
06087123100,"Census Tract 1231, Santa Cruz County, California",697,16,9,9,0,7,7,0,681,359,304,55,322,176,146,06,087,123100
06037141400,"Census Tract 1414, Los Angeles County, California",940,24,24,24,0,0,0,0,916,398,357,41,518,303,215,06,037,141400
06037141500,"Census Tract 1415, Los Angeles County, California",512,20,20,20,0,0,0,0,492,284,238,46,208,91,117,06,037,141500
06037123304,"Census Tract 1233.04, Los Angeles County, California",1104,0,0,0,0,0,0,0,1104,516,400,116,588,380,208,06,037,123304
06037296600,"Census Tract 2966, Los Angeles County, California",1259,51,30,30,0,21,0,21,1208,444,303,141,764,606,158,06,037,296600
06037297500,"Census Tract 2975, Los Angeles County, California",1089,28,12,12,0,16,16,0,1061,564,405,159,497,403,94,06,037,297500
06037300400,"Census Tract 3004, Los Angeles County, California",1665,68,31,0,31,37,0,37,1597,877,675,202,720,464,256,06,037,300400
06037265510,"Census Tract 2655.10, Los Angeles County, California",2345,48,48,9,39,0,0,0,2297,293,116,177,2004,958,1046,06,037,265510
06087100900,"Census Tract 1009, Santa Cruz County, California",1096,19,0,0,0,19,19,0,1077,393,277,116,684,551,133,06,087,100900
06073019806,"Census Tract 198.06, San Diego County, California",2927,307,162,74,88,145,145,0,2620,1301,1038,263,1319,833,486,06,073,019806
06073019701,"Census Tract 197.01, San Diego County, California",1863,60,60,47,13,0,0,0,1803,858,719,139,945,694,251,06,073,019701
06059076205,"Census Tract 762.05, Orange County, California",2888,97,70,60,10,27,27,0,2791,452,339,113,2339,1036,1303,06,059,076205
06059086802,"Census Tract 868.02, Orange County, California",1672,113,61,13,48,52,52,0,1559,644,496,148,915,591,324,06,059,086802
06059088203,"Census Tract 882.03, Orange County, California",1114,7,7,7,0,0,0,0,1107,447,234,213,660,429,231,06,059,088203
06059088302,"Census Tract 883.02, Orange County, California",1546,30,12,12,0,18,18,0,1516,658,558,100,858,656,202,06,059,088302
06059088701,"Census Tract 887.01, Orange County, California",1568,119,92,23,69,27,13,14,1449,759,479,280,690,467,223,06,059,088701
06059075303,"Census Tract 753.03, Orange County, California",677,75,54,44,10,21,11,10,602,244,176,68,358,302,56,06,059,075303
06059074806,"Census Tract 748.06, Orange County, California",1299,102,52,19,33,50,44,6,1197,494,256,238,703,443,260,06,059,074806
06059075003,"Census Tract 750.03, Orange County, California",1969,110,51,14,37,59,7,52,1859,853,485,368,1006,668,338,06,059,075003
06059075401,"Census Tract 754.01, Orange County, California",970,20,20,20,0,0,0,0,950,485,427,58,465,384,81,06,059,075401
06059075404,"Census Tract 754.04, Orange County, California",1598,70,58,30,28,12,12,0,1528,681,554,127,847,622,225,06,059,075404
06059075514,"Census Tract 755.14, Orange County, California",1105,31,26,16,10,5,5,0,1074,380,269,111,694,575,119,06,059,075514
06059075606,"Census Tract 756.06, Orange County, California",1222,36,36,22,14,0,0,0,1186,730,541,189,456,307,149,06,059,075606
06059086301,"Census Tract 863.01, Orange County, California",1637,109,52,26,26,57,57,0,1528,719,497,222,809,639,170,06,059,086301
06059086303,"Census Tract 863.03, Orange County, California",2248,11,11,11,0,0,0,0,2237,876,556,320,1361,1125,236,06,059,086303
06059086406,"Census Tract 864.06, Orange County, California",1110,74,50,23,27,24,0,24,1036,496,359,137,540,445,95,06,059,086406
06037113235,"Census Tract 1132.35, Los Angeles County, California",385,17,17,13,4,0,0,0,368,201,154,47,167,138,29,06,037,113235
06037113237,"Census Tract 1132.37, Los Angeles County, California",806,81,12,0,12,69,17,52,725,281,250,31,444,349,95,06,037,113237
06037115103,"Census Tract 1151.03, Los Angeles County, California",1991,13,6,0,6,7,0,7,1978,41,33,8,1937,976,961,06,037,115103
06037115104,"Census Tract 1151.04, Los Angeles County, California",1517,0,0,0,0,0,0,0,1517,386,265,121,1131,854,277,06,037,115104
06037117201,"Census Tract 1172.01, Los Angeles County, California",1233,66,46,27,19,20,20,0,1167,460,215,245,707,462,245,06,037,117201
06037115403,"Census Tract 1154.03, Los Angeles County, California",892,69,58,58,0,11,0,11,823,400,222,178,423,296,127,06,037,115403
06037115404,"Census Tract 1154.04, Los Angeles County, California",793,75,75,66,9,0,0,0,718,193,102,91,525,413,112,06,037,115404
06037117101,"Census Tract 1171.01, Los Angeles County, California",1358,115,42,32,10,73,73,0,1243,618,465,153,625,282,343,06,037,117101
06037117102,"Census Tract 1171.02, Los Angeles County, California",609,25,25,7,18,0,0,0,584,259,135,124,325,252,73,06,037,117102
06037117407,"Census Tract 1174.07, Los Angeles County, California",1102,31,9,4,5,22,14,8,1071,483,237,246,588,401,187,06,037,117407
06037117408,"Census Tract 1174.08, Los Angeles County, California",898,74,29,29,0,45,19,26,824,291,222,69,533,379,154,06,037,117408
06037117202,"Census Tract 1172.02, Los Angeles County, California",536,50,34,27,7,16,0,16,486,244,240,4,242,126,116,06,037,117202
06037119001,"Census Tract 1190.01, Los Angeles County, California",1160,29,19,16,3,10,10,0,1131,452,257,195,679,503,176,06,037,119001
06037119002,"Census Tract 1190.02, Los Angeles County, California",2001,127,60,47,13,67,49,18,1874,806,580,226,1068,791,277,06,037,119002
06037119201,"Census Tract 1192.01, Los Angeles County, California",1043,61,45,24,21,16,0,16,982,426,263,163,556,362,194,06,037,119201
06037119202,"Census Tract 1192.02, Los Angeles County, California",1213,23,23,23,0,0,0,0,1190,488,293,195,702,470,232,06,037,119202
06037119341,"Census Tract 1193.41, Los Angeles County, California",763,13,3,3,0,10,10,0,750,271,193,78,479,375,104,06,037,119341
06037119342,"Census Tract 1193.42, Los Angeles County, California",822,25,5,0,5,20,20,0,797,355,252,103,442,283,159,06,037,119342
06059062622,"Census Tract 626.22, Orange County, California",116,0,0,0,0,0,0,0,116,100,31,69,16,16,0,06,059,062622
06059062634,"Census Tract 626.34, Orange County, California",1175,34,34,34,0,0,0,0,1141,594,417,177,547,373,174,06,059,062634
06059062637,"Census Tract 626.37, Orange County, California",1154,0,0,0,0,0,0,0,1154,588,386,202,566,497,69,06,059,062637
06059062638,"Census Tract 626.38, Orange County, California",1900,218,218,189,29,0,0,0,1682,916,680,236,766,661,105,06,059,062638
06059062639,"Census Tract 626.39, Orange County, California",1948,63,34,34,0,29,29,0,1885,1141,765,376,744,649,95,06,059,062639
06059062630,"Census Tract 626.30, Orange County, California",311,6,6,6,0,0,0,0,305,114,62,52,191,129,62,06,059,062630
06059052520,"Census Tract 525.20, Orange County, California",729,46,46,23,23,0,0,0,683,417,183,234,266,179,87,06,059,052520
06059052527,"Census Tract 525.27, Orange County, California",2449,246,228,81,147,18,18,0,2203,1155,825,330,1048,732,316,06,059,052527
06059052528,"Census Tract 525.28, Orange County, California",856,0,0,0,0,0,0,0,856,458,249,209,398,306,92,06,059,052528
06059062642,"Census Tract 626.42, Orange County, California",269,0,0,0,0,0,0,0,269,168,47,121,101,30,71,06,059,062642
06059063006,"Census Tract 630.06, Orange County, California",344,0,0,0,0,0,0,0,344,149,111,38,195,167,28,06,059,063006
06059063202,"Census Tract 632.02, Orange County, California",979,40,40,21,19,0,0,0,939,455,262,193,484,424,60,06,059,063202
06059063604,"Census Tract 636.04, Orange County, California",1033,93,52,52,0,41,6,35,940,424,287,137,516,438,78,06,059,063604
06059063904,"Census Tract 639.04, Orange County, California",1162,64,58,52,6,6,6,0,1098,478,305,173,620,493,127,06,059,063904
06059074006,"Census Tract 740.06, Orange County, California",1671,85,52,34,18,33,33,0,1586,583,468,115,1003,818,185,06,059,074006
06059075603,"Census Tract 756.03, Orange County, California",963,31,22,12,10,9,5,4,932,539,394,145,393,350,43,06,059,075603
06059075816,"Census Tract 758.16, Orange County, California",799,66,23,14,9,43,43,0,733,346,231,115,387,259,128,06,059,075816
06059086402,"Census Tract 864.02, Orange County, California",1282,40,24,24,0,16,16,0,1242,431,308,123,811,583,228,06,059,086402
06059087405,"Census Tract 874.05, Orange County, California",1751,117,84,26,58,33,33,0,1634,664,496,168,970,655,315,06,059,087405
06059087503,"Census Tract 875.03, Orange County, California",1512,147,120,84,36,27,19,8,1365,637,422,215,728,589,139,06,059,087503
06059087805,"Census Tract 878.05, Orange County, California",1968,134,110,68,42,24,0,24,1834,811,575,236,1023,585,438,06,059,087805
06059087902,"Census Tract 879.02, Orange County, California",1361,62,47,37,10,15,15,0,1299,582,402,180,717,449,268,06,059,087902
06059088101,"Census Tract 881.01, Orange County, California",490,37,37,34,3,0,0,0,453,219,154,65,234,152,82,06,059,088101
06059088105,"Census Tract 881.05, Orange County, California",1003,68,68,24,44,0,0,0,935,476,406,70,459,300,159,06,059,088105
06059089107,"Census Tract 891.07, Orange County, California",1522,72,72,16,56,0,0,0,1450,551,371,180,899,726,173,06,059,089107
06059087103,"Census Tract 871.03, Orange County, California",2093,101,66,50,16,35,14,21,1992,1007,555,452,985,574,411,06,059,087103
06059087601,"Census Tract 876.01, Orange County, California",1406,0,0,0,0,0,0,0,1406,506,322,184,900,750,150,06,059,087601
06059087802,"Census Tract 878.02, Orange County, California",1651,60,36,36,0,24,24,0,1591,715,456,259,876,501,375,06,059,087802
06059088502,"Census Tract 885.02, Orange County, California",1270,66,32,0,32,34,9,25,1204,481,360,121,723,498,225,06,059,088502
06059088702,"Census Tract 887.02, Orange County, California",1446,30,19,0,19,11,11,0,1416,762,511,251,654,410,244,06,059,088702
06059089102,"Census Tract 891.02, Orange County, California",1655,70,55,45,10,15,15,0,1585,715,536,179,870,585,285,06,059,089102
06059089104,"Census Tract 891.04, Orange County, California",1610,82,48,9,39,34,18,16,1528,704,483,221,824,541,283,06,059,089104
06059089106,"Census Tract 891.06, Orange County, California",1068,81,81,59,22,0,0,0,987,456,280,176,531,355,176,06,059,089106
06059099202,"Census Tract 992.02, Orange County, California",2458,206,126,95,31,80,46,34,2252,870,642,228,1382,788,594,06,059,099202
06059099212,"Census Tract 992.12, Orange County, California",1456,63,9,9,0,54,26,28,1393,440,347,93,953,649,304,06,059,099212
06059099223,"Census Tract 992.23, Orange County, California",1107,21,21,21,0,0,0,0,1086,469,331,138,617,429,188,06,059,099223
06059099227,"Census Tract 992.27, Orange County, California",1552,81,58,26,32,23,23,0,1471,524,349,175,947,676,271,06,059,099227
06059099230,"Census Tract 992.30, Orange County, California",1129,10,10,10,0,0,0,0,1119,622,391,231,497,269,228,06,059,099230
06059099244,"Census Tract 992.44, Orange County, California",361,0,0,0,0,0,0,0,361,204,152,52,157,133,24,06,059,099244
06059099416,"Census Tract 994.16, Orange County, California",1355,41,16,0,16,25,25,0,1314,645,424,221,669,620,49,06,059,099416
06059099506,"Census Tract 995.06, Orange County, California",192,5,0,0,0,5,5,0,187,81,67,14,106,101,5,06,059,099506
06065044701,"Census Tract 447.01, Riverside County, California",531,10,0,0,0,10,0,10,521,254,140,114,267,176,91,06,065,044701
06065044702,"Census Tract 447.02, Riverside County, California",445,24,17,0,17,7,7,0,421,148,101,47,273,191,82,06,065,044702
06065044904,"Census Tract 449.04, Riverside County, California",1041,91,41,27,14,50,0,50,950,419,277,142,531,273,258,06,065,044904
06065045207,"Census Tract 452.07, Riverside County, California",1593,88,53,25,28,35,28,7,1505,488,354,134,1017,823,194,06,065,045207
06067009007,"Census Tract 90.07, Sacramento County, California",767,59,55,55,0,4,0,4,708,236,192,44,472,391,81,06,067,009007
06067009110,"Census Tract 91.10, Sacramento County, California",634,57,34,34,0,23,12,11,577,142,94,48,435,331,104,06,067,009110
06067009314,"Census Tract 93.14, Sacramento County, California",1596,73,73,73,0,0,0,0,1523,675,487,188,848,496,352,06,067,009314
06067009404,"Census Tract 94.04, Sacramento County, California",951,34,11,11,0,23,23,0,917,653,420,233,264,151,113,06,067,009404
06067009501,"Census Tract 95.01, Sacramento County, California",543,44,30,10,20,14,10,4,499,273,173,100,226,126,100,06,067,009501
06067009606,"Census Tract 96.06, Sacramento County, California",1921,191,133,17,116,58,58,0,1730,618,425,193,1112,620,492,06,067,009606
06067009608,"Census Tract 96.08, Sacramento County, California",2045,59,36,0,36,23,23,0,1986,1004,607,397,982,567,415,06,067,009608
06067009615,"Census Tract 96.15, Sacramento County, California",1919,21,21,0,21,0,0,0,1898,1000,787,213,898,569,329,06,067,009615
06067003502,"Census Tract 35.02, Sacramento County, California",686,28,15,15,0,13,0,13,658,218,149,69,440,309,131,06,067,003502
06067004201,"Census Tract 42.01, Sacramento County, California",1274,79,47,35,12,32,32,0,1195,453,280,173,742,423,319,06,067,004201
06067004401,"Census Tract 44.01, Sacramento County, California",746,30,11,11,0,19,19,0,716,260,184,76,456,222,234,06,067,004401
06067004602,"Census Tract 46.02, Sacramento County, California",1297,94,57,11,46,37,30,7,1203,585,370,215,618,346,272,06,067,004602
06067005201,"Census Tract 52.01, Sacramento County, California",1601,10,10,0,10,0,0,0,1591,73,64,9,1518,757,761,06,067,005201
06067005508,"Census Tract 55.08, Sacramento County, California",1068,20,20,11,9,0,0,0,1048,190,158,32,858,715,143,06,067,005508
06067005605,"Census Tract 56.05, Sacramento County, California",1062,45,36,0,36,9,9,0,1017,370,212,158,647,429,218,06,067,005605
06067005901,"Census Tract 59.01, Sacramento County, California",1118,112,79,41,38,33,33,0,1006,553,394,159,453,220,233,06,067,005901
06067001500,"Census Tract 15, Sacramento County, California",1044,122,104,86,18,18,18,0,922,375,341,34,547,422,125,06,067,001500
06067009312,"Census Tract 93.12, Sacramento County, California",1882,66,66,66,0,0,0,0,1816,1000,763,237,816,654,162,06,067,009312
06067009316,"Census Tract 93.16, Sacramento County, California",1124,36,6,6,0,30,21,9,1088,545,429,116,543,295,248,06,067,009316
06067009503,"Census Tract 95.03, Sacramento County, California",623,7,0,0,0,7,0,7,616,229,149,80,387,281,106,06,067,009503
06067009601,"Census Tract 96.01, Sacramento County, California",1803,225,133,45,88,92,35,57,1578,625,496,129,953,779,174,06,067,009601
06067009612,"Census Tract 96.12, Sacramento County, California",1558,103,23,23,0,80,80,0,1455,690,547,143,765,546,219,06,067,009612
06067005804,"Census Tract 58.04, Sacramento County, California",487,13,13,13,0,0,0,0,474,239,171,68,235,174,61,06,067,005804
06059099204,"Census Tract 992.04, Orange County, California",895,41,29,29,0,12,0,12,854,451,324,127,403,273,130,06,059,099204
06059099214,"Census Tract 992.14, Orange County, California",638,10,10,10,0,0,0,0,628,411,353,58,217,130,87,06,059,099214
06059086306,"Census Tract 863.06, Orange County, California",1202,162,105,8,97,57,18,39,1040,483,373,110,557,297,260,06,059,086306
06059086407,"Census Tract 864.07, Orange County, California",1937,62,16,16,0,46,46,0,1875,792,571,221,1083,817,266,06,059,086407
06059086501,"Census Tract 865.01, Orange County, California",1270,14,3,3,0,11,0,11,1256,529,328,201,727,510,217,06,059,086501
06059087001,"Census Tract 870.01, Orange County, California",1334,44,44,17,27,0,0,0,1290,630,410,220,660,352,308,06,059,087001
06059087102,"Census Tract 871.02, Orange County, California",1993,136,83,18,65,53,23,30,1857,606,400,206,1251,900,351,06,059,087102
06059087106,"Census Tract 871.06, Orange County, California",1133,49,49,27,22,0,0,0,1084,485,358,127,599,355,244,06,059,087106
06059087300,"Census Tract 873, Orange County, California",3214,149,93,30,63,56,0,56,3065,1119,658,461,1946,1465,481,06,059,087300
06059087703,"Census Tract 877.03, Orange County, California",1663,77,77,24,53,0,0,0,1586,716,454,262,870,628,242,06,059,087703
06023001200,"Census Tract 12, Humboldt County, California",1581,82,82,72,10,0,0,0,1499,172,102,70,1327,875,452,06,023,001200
06023011200,"Census Tract 112, Humboldt County, California",615,52,52,46,6,0,0,0,563,201,150,51,362,251,111,06,023,011200
06023010700,"Census Tract 107, Humboldt County, California",1633,35,35,17,18,0,0,0,1598,751,406,345,847,705,142,06,023,010700
06023000400,"Census Tract 4, Humboldt County, California",1159,50,29,0,29,21,17,4,1109,382,346,36,727,261,466,06,023,000400
06023010502,"Census Tract 105.02, Humboldt County, California",1287,42,8,8,0,34,18,16,1245,768,563,205,477,378,99,06,023,010502
06057000102,"Census Tract 1.02, Nevada County, California",1253,92,62,62,0,30,30,0,1161,600,408,192,561,380,181,06,057,000102
06037602801,"Census Tract 6028.01, Los Angeles County, California",988,67,26,26,0,41,28,13,921,306,217,89,615,443,172,06,037,602801
06037602802,"Census Tract 6028.02, Los Angeles County, California",1132,42,42,20,22,0,0,0,1090,392,298,94,698,512,186,06,037,602802
06037603005,"Census Tract 6030.05, Los Angeles County, California",1622,83,52,27,25,31,31,0,1539,600,351,249,939,674,265,06,037,603005
06037603006,"Census Tract 6030.06, Los Angeles County, California",355,9,9,9,0,0,0,0,346,175,132,43,171,131,40,06,037,603006
06013378000,"Census Tract 3780, Contra Costa County, California",644,37,37,37,0,0,0,0,607,205,184,21,402,335,67,06,013,378000
06013313103,"Census Tract 3131.03, Contra Costa County, California",2092,210,153,66,87,57,25,32,1882,987,714,273,895,719,176,06,013,313103
06013334004,"Census Tract 3340.04, Contra Costa County, California",1880,83,83,38,45,0,0,0,1797,711,468,243,1086,815,271,06,013,334004
06013363000,"Census Tract 3630, Contra Costa County, California",1574,34,17,17,0,17,17,0,1540,796,589,207,744,563,181,06,013,363000
06013309000,"Census Tract 3090, Contra Costa County, California",829,28,19,19,0,9,9,0,801,260,146,114,541,439,102,06,013,309000
06013376000,"Census Tract 3760, Contra Costa County, California",1597,124,95,41,54,29,29,0,1473,628,422,206,845,642,203,06,013,376000
06027000100,"Census Tract 1, Inyo County, California",469,0,0,0,0,0,0,0,469,290,245,45,179,67,112,06,027,000100
06027000400,"Census Tract 4, Inyo County, California",1282,48,22,22,0,26,17,9,1234,336,306,30,898,673,225,06,027,000400
06027000500,"Census Tract 5, Inyo County, California",394,25,22,0,22,3,1,2,369,152,96,56,217,185,32,06,027,000500
06027000300,"Census Tract 3, Inyo County, California",325,15,15,9,6,0,0,0,310,172,144,28,138,104,34,06,027,000300
06027000200,"Census Tract 2, Inyo County, California",243,20,20,0,20,0,0,0,223,129,99,30,94,84,10,06,027,000200
06035040600,"Census Tract 406, Lassen County, California",483,26,24,24,0,2,2,0,457,260,145,115,197,159,38,06,035,040600
06035040302,"Census Tract 403.02, Lassen County, California",741,37,31,16,15,6,6,0,704,438,289,149,266,206,60,06,035,040302
06035040400,"Census Tract 404, Lassen County, California",159,56,40,25,15,16,13,3,103,61,58,3,42,9,33,06,035,040400
06035040200,"Census Tract 402, Lassen County, California",403,48,23,23,0,25,0,25,355,282,182,100,73,39,34,06,035,040200
06035040100,"Census Tract 401, Lassen County, California",239,28,28,8,20,0,0,0,211,154,98,56,57,31,26,06,035,040100
06035040500,"Census Tract 405, Lassen County, California",488,20,20,20,0,0,0,0,468,360,256,104,108,71,37,06,035,040500
06099000602,"Census Tract 6.02, Stanislaus County, California",758,49,26,16,10,23,17,6,709,311,210,101,398,211,187,06,099,000602
06099000801,"Census Tract 8.01, Stanislaus County, California",1458,53,41,0,41,12,12,0,1405,463,272,191,942,807,135,06,099,000801
06099000907,"Census Tract 9.07, Stanislaus County, California",590,25,25,11,14,0,0,0,565,305,224,81,260,201,59,06,099,000907
06037702400,"Census Tract 7024, Los Angeles County, California",1222,10,0,0,0,10,0,10,1212,554,335,219,658,529,129,06,037,702400
06037702502,"Census Tract 7025.02, Los Angeles County, California",896,23,23,23,0,0,0,0,873,360,257,103,513,486,27,06,037,702502
06037800102,"Census Tract 8001.02, Los Angeles County, California",1442,56,56,31,25,0,0,0,1386,678,429,249,708,438,270,06,037,800102
06113010608,"Census Tract 106.08, Yolo County, California",2368,51,51,51,0,0,0,0,2317,550,376,174,1767,784,983,06,113,010608
06067006002,"Census Tract 60.02, Sacramento County, California",1092,75,34,34,0,41,0,41,1017,500,405,95,517,483,34,06,067,006002
06067006202,"Census Tract 62.02, Sacramento County, California",694,3,0,0,0,3,0,3,691,265,174,91,426,275,151,06,067,006202
06067006702,"Census Tract 67.02, Sacramento County, California",1803,122,89,65,24,33,23,10,1681,678,446,232,1003,755,248,06,067,006702
06067001600,"Census Tract 16, Sacramento County, California",1783,101,101,61,40,0,0,0,1682,579,463,116,1103,842,261,06,067,001600
06067002300,"Census Tract 23, Sacramento County, California",778,24,16,16,0,8,8,0,754,359,293,66,395,354,41,06,067,002300
06067003102,"Census Tract 31.02, Sacramento County, California",904,65,36,36,0,29,0,29,839,305,184,121,534,327,207,06,067,003102
06067003501,"Census Tract 35.01, Sacramento County, California",646,29,22,0,22,7,7,0,617,221,204,17,396,329,67,06,067,003501
06067003700,"Census Tract 37, Sacramento County, California",1051,116,75,11,64,41,30,11,935,423,342,81,512,286,226,06,067,003700
06081606000,"Census Tract 6060, San Mateo County, California",1267,71,71,53,18,0,0,0,1196,495,365,130,701,570,131,06,081,606000
06081606700,"Census Tract 6067, San Mateo County, California",476,7,7,7,0,0,0,0,469,266,188,78,203,151,52,06,081,606700
06081607000,"Census Tract 6070, San Mateo County, California",936,35,34,34,0,1,1,0,901,454,394,60,447,408,39,06,081,607000
06081607100,"Census Tract 6071, San Mateo County, California",737,52,46,32,14,6,6,0,685,418,331,87,267,190,77,06,081,607100
06081607500,"Census Tract 6075, San Mateo County, California",1506,80,71,52,19,9,0,9,1426,874,672,202,552,484,68,06,081,607500
06081607701,"Census Tract 6077.01, San Mateo County, California",1168,37,37,9,28,0,0,0,1131,332,282,50,799,574,225,06,081,607701
06081607800,"Census Tract 6078, San Mateo County, California",717,42,31,26,5,11,11,0,675,410,365,45,265,201,64,06,081,607800
06081608002,"Census Tract 6080.02, San Mateo County, California",815,58,49,37,12,9,9,0,757,506,381,125,251,185,66,06,081,608002
06081608013,"Census Tract 6080.13, San Mateo County, California",956,20,20,11,9,0,0,0,936,504,355,149,432,263,169,06,081,608013
06081609602,"Census Tract 6096.02, San Mateo County, California",330,22,22,14,8,0,0,0,308,156,124,32,152,119,33,06,081,609602
06029003813,"Census Tract 38.13, Kern County, California",1895,111,111,92,19,0,0,0,1784,1079,781,298,705,597,108,06,029,003813
06059062619,"Census Tract 626.19, Orange County, California",549,15,15,15,0,0,0,0,534,273,168,105,261,174,87,06,059,062619
06059062621,"Census Tract 626.21, Orange County, California",3197,170,170,131,39,0,0,0,3027,1657,1089,568,1370,1185,185,06,059,062621
06037503902,"Census Tract 5039.02, Los Angeles County, California",1116,9,9,9,0,0,0,0,1107,589,513,76,518,317,201,06,037,503902
06037531701,"Census Tract 5317.01, Los Angeles County, California",1455,62,53,26,27,9,0,9,1393,648,407,241,745,464,281,06,037,531701
06037301900,"Census Tract 3019, Los Angeles County, California",1932,128,128,89,39,0,0,0,1804,764,632,132,1040,659,381,06,037,301900
06037400603,"Census Tract 4006.03, Los Angeles County, California",1205,63,63,63,0,0,0,0,1142,532,410,122,610,517,93,06,037,400603
06037403402,"Census Tract 4034.02, Los Angeles County, California",922,14,9,9,0,5,0,5,908,372,267,105,536,370,166,06,037,403402
06037404401,"Census Tract 4044.01, Los Angeles County, California",970,61,54,23,31,7,0,7,909,512,290,222,397,260,137,06,037,404401
06037407102,"Census Tract 4071.02, Los Angeles County, California",1250,105,65,39,26,40,31,9,1145,478,428,50,667,456,211,06,037,407102
06037201110,"Census Tract 2011.10, Los Angeles County, California",560,28,14,14,0,14,14,0,532,212,156,56,320,250,70,06,037,201110
06037209810,"Census Tract 2098.10, Los Angeles County, California",571,58,32,32,0,26,11,15,513,161,109,52,352,274,78,06,037,209810
06037212410,"Census Tract 2124.10, Los Angeles County, California",1131,38,38,18,20,0,0,0,1093,353,232,121,740,527,213,06,037,212410
06037910501,"Census Tract 9105.01, Los Angeles County, California",1205,66,0,0,0,66,19,47,1139,333,192,141,806,453,353,06,037,910501
06037920106,"Census Tract 9201.06, Los Angeles County, California",870,45,14,5,9,31,31,0,825,351,272,79,474,344,130,06,037,920106
06037401001,"Census Tract 4010.01, Los Angeles County, California",543,0,0,0,0,0,0,0,543,238,203,35,305,233,72,06,037,401001
06037292000,"Census Tract 2920, Los Angeles County, California",1832,62,7,7,0,55,37,18,1770,684,361,323,1086,859,227,06,037,292000
06081604101,"Census Tract 6041.01, San Mateo County, California",2144,92,45,45,0,47,36,11,2052,903,747,156,1149,859,290,06,081,604101
06081604200,"Census Tract 6042, San Mateo County, California",1264,96,90,73,17,6,0,6,1168,390,219,171,778,641,137,06,081,604200
06037620701,"Census Tract 6207.01, Los Angeles County, California",1915,92,92,42,50,0,0,0,1823,940,741,199,883,847,36,06,037,620701
06037621102,"Census Tract 6211.02, Los Angeles County, California",799,13,0,0,0,13,13,0,786,455,357,98,331,227,104,06,037,621102
06037621301,"Census Tract 6213.01, Los Angeles County, California",1695,76,76,46,30,0,0,0,1619,837,667,170,782,608,174,06,037,621301
06037650200,"Census Tract 6502, Los Angeles County, California",1408,32,32,5,27,0,0,0,1376,612,491,121,764,539,225,06,037,650200
06037650300,"Census Tract 6503, Los Angeles County, California",1665,54,54,16,38,0,0,0,1611,629,345,284,982,614,368,06,037,650300
06037670001,"Census Tract 6700.01, Los Angeles County, California",783,8,8,8,0,0,0,0,775,355,285,70,420,296,124,06,037,670001
06113011205,"Census Tract 112.05, Yolo County, California",2165,72,72,17,55,0,0,0,2093,1082,748,334,1011,610,401,06,113,011205
06113010508,"Census Tract 105.08, Yolo County, California",816,11,11,11,0,0,0,0,805,237,150,87,568,213,355,06,113,010508
06113010607,"Census Tract 106.07, Yolo County, California",936,26,26,26,0,0,0,0,910,499,381,118,411,273,138,06,113,010607
06113010704,"Census Tract 107.04, Yolo County, California",900,0,0,0,0,0,0,0,900,154,121,33,746,400,346,06,113,010704
06071002018,"Census Tract 20.18, San Bernardino County, California",1294,84,84,44,40,0,0,0,1210,480,392,88,730,417,313,06,071,002018
06071002019,"Census Tract 20.19, San Bernardino County, California",1372,85,52,7,45,33,33,0,1287,543,374,169,744,527,217,06,071,002019
06101050402,"Census Tract 504.02, Sutter County, California",832,60,32,10,22,28,28,0,772,482,349,133,290,174,116,06,101,050402
06101050403,"Census Tract 504.03, Sutter County, California",871,17,17,10,7,0,0,0,854,445,321,124,409,300,109,06,101,050403
06101050702,"Census Tract 507.02, Sutter County, California",1321,28,9,7,2,19,0,19,1293,710,404,306,583,358,225,06,101,050702
06105000101,"Census Tract 1.01, Trinity County, California",384,13,13,4,9,0,0,0,371,191,126,65,180,119,61,06,105,000101
06105000102,"Census Tract 1.02, Trinity County, California",896,20,0,0,0,20,0,20,876,438,355,83,438,277,161,06,105,000102
06107002203,"Census Tract 22.03, Tulare County, California",1429,69,18,0,18,51,30,21,1360,553,352,201,807,492,315,06,107,002203
06107003501,"Census Tract 35.01, Tulare County, California",569,71,44,26,18,27,0,27,498,272,224,48,226,69,157,06,107,003501
06107002204,"Census Tract 22.04, Tulare County, California",1444,96,87,29,58,9,0,9,1348,530,174,356,818,506,312,06,107,002204
06107003502,"Census Tract 35.02, Tulare County, California",2859,162,126,85,41,36,0,36,2697,1150,756,394,1547,935,612,06,107,003502
06109985202,"Census Tract 9852.02, Tuolumne County, California",0,0,0,0,0,0,0,0,0,0,0,0,0,0,0,06,109,985202
06111002905,"Census Tract 29.05, Ventura County, California",1271,21,21,21,0,0,0,0,1250,610,435,175,640,437,203,06,111,002905
06111000303,"Census Tract 3.03, Ventura County, California",1237,49,49,21,28,0,0,0,1188,546,360,186,642,354,288,06,111,000303
06111000702,"Census Tract 7.02, Ventura County, California",721,42,36,12,24,6,0,6,679,321,251,70,358,250,108,06,111,000702
06111000304,"Census Tract 3.04, Ventura County, California",1038,106,38,10,28,68,7,61,932,410,358,52,522,417,105,06,111,000304
06111000701,"Census Tract 7.01, Ventura County, California",2205,179,99,30,69,80,37,43,2026,806,591,215,1220,873,347,06,111,000701
06037701302,"Census Tract 7013.02, Los Angeles County, California",1781,52,52,20,32,0,0,0,1729,463,333,130,1266,1191,75,06,037,701302
06037701602,"Census Tract 7016.02, Los Angeles County, California",990,57,49,49,0,8,0,8,933,302,233,69,631,499,132,06,037,701602
06037701802,"Census Tract 7018.02, Los Angeles County, California",1255,24,24,11,13,0,0,0,1231,343,236,107,888,556,332,06,037,701802
06037702202,"Census Tract 7022.02, Los Angeles County, California",857,49,49,41,8,0,0,0,808,398,292,106,410,340,70,06,037,702202
06083002101,"Census Tract 21.01, Santa Barbara County, California",1084,43,37,4,33,6,6,0,1041,448,234,214,593,385,208,06,083,002101
06083002404,"Census Tract 24.04, Santa Barbara County, California",2122,103,79,39,40,24,7,17,2019,881,579,302,1138,855,283,06,083,002404
06073018904,"Census Tract 189.04, San Diego County, California",1220,193,125,39,86,68,49,19,1027,464,232,232,563,380,183,06,073,018904
06073019105,"Census Tract 191.05, San Diego County, California",830,17,17,0,17,0,0,0,813,455,287,168,358,174,184,06,073,019105
06073019207,"Census Tract 192.07, San Diego County, California",2332,45,16,16,0,29,29,0,2287,797,445,352,1490,1138,352,06,073,019207
06073000300,"Census Tract 3, San Diego County, California",1240,40,40,19,21,0,0,0,1200,211,172,39,989,949,40,06,073,000300
06073000800,"Census Tract 8, San Diego County, California",1543,98,98,98,0,0,0,0,1445,431,330,101,1014,973,41,06,073,000800
06073002201,"Census Tract 22.01, San Diego County, California",771,12,12,0,12,0,0,0,759,336,287,49,423,228,195,06,073,002201
06073009802,"Census Tract 98.02, San Diego County, California",1606,48,48,31,17,0,0,0,1558,567,417,150,991,627,364,06,073,009802
06073017033,"Census Tract 170.33, San Diego County, California",1179,53,41,36,5,12,12,0,1126,687,570,117,439,263,176,06,073,017033
06073017304,"Census Tract 173.04, San Diego County, California",1580,140,103,103,0,37,0,37,1440,431,332,99,1009,931,78,06,073,017304
06073018608,"Census Tract 186.08, San Diego County, California",680,28,28,28,0,0,0,0,652,394,324,70,258,164,94,06,073,018608
06073017010,"Census Tract 170.10, San Diego County, California",719,42,32,4,28,10,10,0,677,496,365,131,181,119,62,06,073,017010
06073021202,"Census Tract 212.02, San Diego County, California",717,4,3,2,1,1,1,0,713,333,243,90,380,295,85,06,073,021202
06073019302,"Census Tract 193.02, San Diego County, California",1741,228,228,74,154,0,0,0,1513,818,488,330,695,548,147,06,073,019302
06073020103,"Census Tract 201.03, San Diego County, California",2095,179,179,114,65,0,0,0,1916,1074,900,174,842,408,434,06,073,020103
06073020801,"Census Tract 208.01, San Diego County, California",892,72,49,13,36,23,16,7,820,409,282,127,411,301,110,06,073,020801
06073002801,"Census Tract 28.01, San Diego County, California",1288,17,6,6,0,11,11,0,1271,135,112,23,1136,599,537,06,073,002801
06059032014,"Census Tract 320.14, Orange County, California",965,33,0,0,0,33,33,0,932,344,251,93,588,399,189,06,059,032014
06059032037,"Census Tract 320.37, Orange County, California",388,0,0,0,0,0,0,0,388,185,114,71,203,103,100,06,059,032037
06059032044,"Census Tract 320.44, Orange County, California",1066,29,29,13,16,0,0,0,1037,575,332,243,462,339,123,06,059,032044
06001423400,"Census Tract 4234, Alameda County, California",1508,12,0,0,0,12,12,0,1496,605,521,84,891,768,123,06,001,423400
06001423901,"Census Tract 4239.01, Alameda County, California",632,12,12,12,0,0,0,0,620,156,148,8,464,392,72,06,001,423901
06001423902,"Census Tract 4239.02, Alameda County, California",406,12,12,6,6,0,0,0,394,165,149,16,229,195,34,06,001,423902
06001427200,"Census Tract 4272, Alameda County, California",923,14,7,7,0,7,0,7,909,532,441,91,377,303,74,06,001,427200
06001428500,"Census Tract 4285, Alameda County, California",847,29,26,26,0,3,0,3,818,342,247,95,476,382,94,06,001,428500
06001430400,"Census Tract 4304, Alameda County, California",471,11,11,11,0,0,0,0,460,256,183,73,204,136,68,06,001,430400
06001431100,"Census Tract 4311, Alameda County, California",901,71,53,53,0,18,0,18,830,354,297,57,476,374,102,06,001,431100
06001433500,"Census Tract 4335, Alameda County, California",1025,68,50,33,17,18,18,0,957,464,373,91,493,407,86,06,001,433500
06001433900,"Census Tract 4339, Alameda County, California",2342,39,0,0,0,39,0,39,2303,679,301,378,1624,1132,492,06,001,433900
06017030803,"Census Tract 308.03, El Dorado County, California",1316,48,48,31,17,0,0,0,1268,508,412,96,760,403,357,06,017,030803
06017031200,"Census Tract 312, El Dorado County, California",1059,66,57,27,30,9,0,9,993,484,309,175,509,263,246,06,017,031200
06017031301,"Census Tract 313.01, El Dorado County, California",607,40,0,0,0,40,31,9,567,313,240,73,254,192,62,06,017,031301
06017031404,"Census Tract 314.04, El Dorado County, California",379,36,29,29,0,7,7,0,343,151,101,50,192,99,93,06,017,031404
06017030502,"Census Tract 305.02, El Dorado County, California",470,37,37,37,0,0,0,0,433,241,154,87,192,121,71,06,017,030502
06017031100,"Census Tract 311, El Dorado County, California",1191,21,21,0,21,0,0,0,1170,459,415,44,711,452,259,06,017,031100
06017030801,"Census Tract 308.01, El Dorado County, California",1065,53,53,43,10,0,0,0,1012,421,274,147,591,388,203,06,017,030801
06017031406,"Census Tract 314.06, El Dorado County, California",1122,80,61,17,44,19,0,19,1042,459,372,87,583,211,372,06,017,031406
06017031503,"Census Tract 315.03, El Dorado County, California",444,19,19,19,0,0,0,0,425,222,205,17,203,134,69,06,017,031503
06017030602,"Census Tract 306.02, El Dorado County, California",1086,45,16,16,0,29,0,29,1041,692,480,212,349,175,174,06,017,030602
06017030603,"Census Tract 306.03, El Dorado County, California",609,7,0,0,0,7,7,0,602,279,162,117,323,153,170,06,017,030603
06017030804,"Census Tract 308.04, El Dorado County, California",1160,35,35,9,26,0,0,0,1125,444,294,150,681,407,274,06,017,030804
06017031405,"Census Tract 314.05, El Dorado County, California",521,12,12,12,0,0,0,0,509,183,167,16,326,206,120,06,017,031405
06017031504,"Census Tract 315.04, El Dorado County, California",978,120,55,5,50,65,65,0,858,330,191,139,528,349,179,06,017,031504
06017030601,"Census Tract 306.01, El Dorado County, California",931,69,0,0,0,69,69,0,862,488,329,159,374,206,168,06,017,030601
06017030902,"Census Tract 309.02, El Dorado County, California",837,14,9,4,5,5,2,3,823,479,316,163,344,227,117,06,017,030902
06017031302,"Census Tract 313.02, El Dorado County, California",978,148,33,33,0,115,0,115,830,487,234,253,343,232,111,06,017,031302
06017030200,"Census Tract 302, El Dorado County, California",1054,66,66,58,8,0,0,0,988,444,359,85,544,457,87,06,017,030200
06017030701,"Census Tract 307.01, El Dorado County, California",1232,51,51,38,13,0,0,0,1181,689,479,210,492,262,230,06,017,030701
06017030901,"Census Tract 309.01, El Dorado County, California",546,48,27,27,0,21,21,0,498,266,223,43,232,182,50,06,017,030901
06037403319,"Census Tract 4033.19, Los Angeles County, California",1186,54,46,22,24,8,0,8,1132,490,267,223,642,343,299,06,037,403319
06037403408,"Census Tract 4034.08, Los Angeles County, California",1152,21,21,0,21,0,0,0,1131,636,479,157,495,292,203,06,037,403408
06037404902,"Census Tract 4049.02, Los Angeles County, California",1029,38,21,21,0,17,5,12,991,447,325,122,544,317,227,06,037,404902
06037405203,"Census Tract 4052.03, Los Angeles County, California",848,5,5,5,0,0,0,0,843,321,246,75,522,380,142,06,037,405203
06037405400,"Census Tract 4054, Los Angeles County, California",1127,110,59,55,4,51,22,29,1017,411,285,126,606,422,184,06,037,405400
06037406102,"Census Tract 4061.02, Los Angeles County, California",1523,62,49,25,24,13,13,0,1461,685,577,108,776,582,194,06,037,406102
06037406500,"Census Tract 4065, Los Angeles County, California",1273,38,38,28,10,0,0,0,1235,561,365,196,674,498,176,06,037,406500
06037407900,"Census Tract 4079, Los Angeles County, California",1579,102,34,34,0,68,68,0,1477,550,390,160,927,737,190,06,037,407900
06037408628,"Census Tract 4086.28, Los Angeles County, California",1038,57,50,6,44,7,0,7,981,477,333,144,504,400,104,06,037,408628
06037408705,"Census Tract 4087.05, Los Angeles County, California",1197,46,46,21,25,0,0,0,1151,558,435,123,593,466,127,06,037,408705
06037408800,"Census Tract 4088, Los Angeles County, California",1387,55,14,0,14,41,7,34,1332,420,261,159,912,522,390,06,037,408800
06037123204,"Census Tract 1232.04, Los Angeles County, California",751,29,12,0,12,17,0,17,722,295,195,100,427,308,119,06,037,123204
06037108103,"Census Tract 1081.03, Los Angeles County, California",594,47,47,35,12,0,0,0,547,256,175,81,291,171,120,06,037,108103
06037242300,"Census Tract 2423, Los Angeles County, California",1522,200,42,0,42,158,41,117,1322,314,168,146,1008,495,513,06,037,242300
06037407701,"Census Tract 4077.01, Los Angeles County, California",1172,21,0,0,0,21,0,21,1151,396,301,95,755,552,203,06,037,407701
06037406200,"Census Tract 4062, Los Angeles County, California",1285,72,38,0,38,34,34,0,1213,567,438,129,646,384,262,06,037,406200
06081609601,"Census Tract 6096.01, San Mateo County, California",632,27,27,0,27,0,0,0,605,400,295,105,205,175,30,06,081,609601
06081609800,"Census Tract 6098, San Mateo County, California",920,77,77,67,10,0,0,0,843,432,372,60,411,284,127,06,081,609800
06081610800,"Census Tract 6108, San Mateo County, California",1283,97,75,33,42,22,22,0,1186,503,362,141,683,531,152,06,081,610800
06081610900,"Census Tract 6109, San Mateo County, California",2104,68,61,49,12,7,7,0,2036,796,587,209,1240,1078,162,06,081,610900
06081611800,"Census Tract 6118, San Mateo County, California",1235,74,23,23,0,51,51,0,1161,452,336,116,709,487,222,06,081,611800
06081612600,"Census Tract 6126, San Mateo County, California",1185,78,78,56,22,0,0,0,1107,618,557,61,489,446,43,06,081,612600
06081613200,"Census Tract 6132, San Mateo County, California",1011,19,19,19,0,0,0,0,992,645,425,220,347,143,204,06,081,613200
06081613400,"Census Tract 6134, San Mateo County, California",617,11,11,0,11,0,0,0,606,365,231,134,241,162,79,06,081,613400
06081613700,"Census Tract 6137, San Mateo County, California",2004,86,86,86,0,0,0,0,1918,768,601,167,1150,789,361,06,081,613700
06081608300,"Census Tract 6083, San Mateo County, California",741,84,56,46,10,28,0,28,657,446,301,145,211,188,23,06,081,608300
06081609300,"Census Tract 6093, San Mateo County, California",837,83,56,49,7,27,27,0,754,425,351,74,329,173,156,06,081,609300
06081612700,"Census Tract 6127, San Mateo County, California",438,7,1,1,0,6,0,6,431,227,118,109,204,115,89,06,081,612700
06081612900,"Census Tract 6129, San Mateo County, California",1160,55,43,18,25,12,12,0,1105,581,454,127,524,329,195,06,081,612900
06081613300,"Census Tract 6133, San Mateo County, California",477,13,13,5,8,0,0,0,464,274,126,148,190,107,83,06,081,613300
06081613600,"Census Tract 6136, San Mateo County, California",1029,68,68,0,68,0,0,0,961,556,420,136,405,296,109,06,081,613600
06075032802,"Census Tract 328.02, San Francisco County, California",1245,49,40,40,0,9,9,0,1196,471,425,46,725,572,153,06,075,032802
06075032901,"Census Tract 329.01, San Francisco County, California",1414,64,64,64,0,0,0,0,1350,548,408,140,802,594,208,06,075,032901
06075032902,"Census Tract 329.02, San Francisco County, California",919,40,40,25,15,0,0,0,879,407,328,79,472,322,150,06,075,032902
06075033203,"Census Tract 332.03, San Francisco County, California",1305,21,10,10,0,11,11,0,1284,388,322,66,896,477,419,06,075,033203
06075033204,"Census Tract 332.04, San Francisco County, California",1516,7,7,0,7,0,0,0,1509,404,233,171,1105,736,369,06,075,033204
06075042601,"Census Tract 426.01, San Francisco County, California",949,45,45,36,9,0,0,0,904,325,276,49,579,484,95,06,075,042601
06075042602,"Census Tract 426.02, San Francisco County, California",765,73,73,41,32,0,0,0,692,379,316,63,313,228,85,06,075,042602
06075047801,"Census Tract 478.01, San Francisco County, California",955,67,54,33,21,13,13,0,888,397,346,51,491,366,125,06,075,047801
06075047802,"Census Tract 478.02, San Francisco County, California",1075,31,31,11,20,0,0,0,1044,370,312,58,674,446,228,06,075,047802
06075061100,"Census Tract 611, San Francisco County, California",823,79,62,29,33,17,17,0,744,420,320,100,324,215,109,06,075,061100
06075061200,"Census Tract 612, San Francisco County, California",1013,17,0,0,0,17,0,17,996,247,215,32,749,500,249,06,075,061200
06075061400,"Census Tract 614, San Francisco County, California",1703,86,86,35,51,0,0,0,1617,527,445,82,1090,852,238,06,075,061400
06075980200,"Census Tract 9802, San Francisco County, California",34,0,0,0,0,0,0,0,34,10,5,5,24,19,5,06,075,980200
06075980300,"Census Tract 9803, San Francisco County, California",20,0,0,0,0,0,0,0,20,0,0,0,20,15,5,06,075,980300
06075980401,"Census Tract 9804.01, San Francisco County, California",0,0,0,0,0,0,0,0,0,0,0,0,0,0,0,06,075,980401
06075980501,"Census Tract 9805.01, San Francisco County, California",134,17,0,0,0,17,17,0,117,32,27,5,85,48,37,06,075,980501
06075980600,"Census Tract 9806, San Francisco County, California",118,5,5,5,0,0,0,0,113,31,31,0,82,30,52,06,075,980600
06075980900,"Census Tract 9809, San Francisco County, California",78,9,4,4,0,5,5,0,69,28,28,0,41,41,0,06,075,980900
06075990100,"Census Tract 9901, San Francisco County, California",0,0,0,0,0,0,0,0,0,0,0,0,0,0,0,06,075,990100
06077000801,"Census Tract 8.01, San Joaquin County, California",1663,176,111,43,68,65,41,24,1487,707,365,342,780,424,356,06,077,000801
06077002201,"Census Tract 22.01, San Joaquin County, California",738,31,0,0,0,31,11,20,707,271,119,152,436,226,210,06,077,002201
06077002202,"Census Tract 22.02, San Joaquin County, California",1375,81,16,0,16,65,53,12,1294,677,490,187,617,374,243,06,077,002202
06077002401,"Census Tract 24.01, San Joaquin County, California",1155,60,36,26,10,24,24,0,1095,352,205,147,743,418,325,06,077,002401
06077002402,"Census Tract 24.02, San Joaquin County, California",367,12,12,0,12,0,0,0,355,175,80,95,180,98,82,06,077,002402
06077002503,"Census Tract 25.03, San Joaquin County, California",550,13,13,4,9,0,0,0,537,157,78,79,380,180,200,06,077,002503
06037461300,"Census Tract 4613, Los Angeles County, California",1800,71,17,17,0,54,54,0,1729,802,519,283,927,760,167,06,037,461300
06037575802,"Census Tract 5758.02, Los Angeles County, California",1608,126,40,40,0,86,56,30,1482,434,302,132,1048,740,308,06,037,575802
06037183610,"Census Tract 1836.10, Los Angeles County, California",873,44,16,0,16,28,7,21,829,312,236,76,517,394,123,06,037,183610
06037574602,"Census Tract 5746.02, Los Angeles County, California",201,0,0,0,0,0,0,0,201,70,63,7,131,61,70,06,037,574602
06037575402,"Census Tract 5754.02, Los Angeles County, California",1004,45,21,6,15,24,19,5,959,341,200,141,618,405,213,06,037,575402
06037576602,"Census Tract 5766.02, Los Angeles County, California",1158,75,38,38,0,37,37,0,1083,324,282,42,759,690,69,06,037,576602
06085504316,"Census Tract 5043.16, Santa Clara County, California",1182,43,43,22,21,0,0,0,1139,619,517,102,520,403,117,06,085,504316
06085504321,"Census Tract 5043.21, Santa Clara County, California",1382,149,115,73,42,34,7,27,1233,627,440,187,606,510,96,06,085,504321
06085504505,"Census Tract 5045.05, Santa Clara County, California",2043,145,79,57,22,66,55,11,1898,1178,828,350,720,513,207,06,085,504505
06085504803,"Census Tract 5048.03, Santa Clara County, California",1566,261,179,124,55,82,82,0,1305,882,765,117,423,286,137,06,085,504803
06085505203,"Census Tract 5052.03, Santa Clara County, California",2328,62,62,40,22,0,0,0,2266,382,319,63,1884,864,1020,06,085,505203
06085505403,"Census Tract 5054.03, Santa Clara County, California",2350,16,13,0,13,3,3,0,2334,1204,745,459,1130,929,201,06,085,505403
06085506102,"Census Tract 5061.02, Santa Clara County, California",977,24,24,24,0,0,0,0,953,668,405,263,285,228,57,06,085,506102
06085507600,"Census Tract 5076, Santa Clara County, California",1044,26,26,26,0,0,0,0,1018,681,402,279,337,218,119,06,085,507600
06085507701,"Census Tract 5077.01, Santa Clara County, California",781,54,30,5,25,24,24,0,727,434,303,131,293,216,77,06,085,507701
06085507808,"Census Tract 5078.08, Santa Clara County, California",1116,57,57,51,6,0,0,0,1059,773,514,259,286,189,97,06,085,507808
06037270100,"Census Tract 2701, Los Angeles County, California",1208,53,53,40,13,0,0,0,1155,370,216,154,785,722,63,06,037,270100
06037276000,"Census Tract 2760, Los Angeles County, California",1040,63,63,43,20,0,0,0,977,437,405,32,540,440,100,06,037,276000
06037291210,"Census Tract 2912.10, Los Angeles County, California",1401,37,30,15,15,7,7,0,1364,514,330,184,850,705,145,06,037,291210
06037293202,"Census Tract 2932.02, Los Angeles County, California",1742,151,109,32,77,42,42,0,1591,754,472,282,837,558,279,06,037,293202
06037576402,"Census Tract 5764.02, Los Angeles County, California",1313,102,90,10,80,12,0,12,1211,409,236,173,802,564,238,06,037,576402
06037576700,"Census Tract 5767, Los Angeles County, California",1094,56,44,25,19,12,12,0,1038,346,322,24,692,626,66,06,037,576700
06037430101,"Census Tract 4301.01, Los Angeles County, California",1020,27,27,27,0,0,0,0,993,398,259,139,595,477,118,06,037,430101
06037430200,"Census Tract 4302, Los Angeles County, California",230,6,6,0,6,0,0,0,224,88,46,42,136,84,52,06,037,430200
06037430400,"Census Tract 4304, Los Angeles County, California",948,7,7,7,0,0,0,0,941,566,361,205,375,239,136,06,037,430400
06037431400,"Census Tract 4314, Los Angeles County, California",1035,29,21,21,0,8,8,0,1006,566,394,172,440,218,222,06,037,431400
06037533603,"Census Tract 5336.03, Los Angeles County, California",1815,107,30,0,30,77,27,50,1708,690,354,336,1018,589,429,06,037,533603
06037533902,"Census Tract 5339.02, Los Angeles County, California",1109,50,0,0,0,50,28,22,1059,385,210,175,674,353,321,06,037,533902
06037534203,"Census Tract 5342.03, Los Angeles County, California",830,60,35,32,3,25,12,13,770,297,205,92,473,298,175,06,037,534203
06037534405,"Census Tract 5344.05, Los Angeles County, California",1015,72,45,6,39,27,13,14,943,341,187,154,602,391,211,06,037,534405
06037534501,"Census Tract 5345.01, Los Angeles County, California",1270,36,25,16,9,11,11,0,1234,369,266,103,865,596,269,06,037,534501
06037534700,"Census Tract 5347, Los Angeles County, California",1105,20,11,11,0,9,4,5,1085,306,225,81,779,572,207,06,037,534700
06037535501,"Census Tract 5355.01, Los Angeles County, California",993,90,41,22,19,49,17,32,903,367,254,113,536,329,207,06,037,535501
06037535804,"Census Tract 5358.04, Los Angeles County, California",1716,60,19,10,9,41,41,0,1656,428,318,110,1228,758,470,06,037,535804
06037540202,"Census Tract 5402.02, Los Angeles County, California",1761,98,61,37,24,37,25,12,1663,511,265,246,1152,734,418,06,037,540202
06037540300,"Census Tract 5403, Los Angeles County, California",1282,124,61,53,8,63,21,42,1158,624,420,204,534,348,186,06,037,540300
06037540501,"Census Tract 5405.01, Los Angeles County, California",3050,217,108,35,73,109,0,109,2833,824,505,319,2009,450,1559,06,037,540501
06037541001,"Census Tract 5410.01, Los Angeles County, California",349,9,5,5,0,4,4,0,340,115,98,17,225,120,105,06,037,541001
06037542502,"Census Tract 5425.02, Los Angeles County, California",1459,121,67,21,46,54,44,10,1338,434,302,132,904,521,383,06,037,542502
06037542601,"Census Tract 5426.01, Los Angeles County, California",816,21,4,4,0,17,0,17,795,270,131,139,525,313,212,06,037,542601
06037542602,"Census Tract 5426.02, Los Angeles County, California",1728,66,50,22,28,16,0,16,1662,584,313,271,1078,630,448,06,037,542602
06037543322,"Census Tract 5433.22, Los Angeles County, California",1578,64,0,0,0,64,31,33,1514,545,530,15,969,802,167,06,037,543322
06037543503,"Census Tract 5435.03, Los Angeles County, California",1139,112,56,21,35,56,56,0,1027,436,393,43,591,454,137,06,037,543503
06029003900,"Census Tract 39, Kern County, California",293,0,0,0,0,0,0,0,293,184,136,48,109,38,71,06,029,003900
06029004301,"Census Tract 43.01, Kern County, California",2237,136,66,21,45,70,12,58,2101,1088,702,386,1013,586,427,06,029,004301
06029004601,"Census Tract 46.01, Kern County, California",8,0,0,0,0,0,0,0,8,0,0,0,8,0,8,06,029,004601
06029004901,"Census Tract 49.01, Kern County, California",1177,29,29,7,22,0,0,0,1148,525,364,161,623,343,280,06,029,004901
06029005103,"Census Tract 51.03, Kern County, California",474,0,0,0,0,0,0,0,474,79,60,19,395,178,217,06,029,005103
06029006002,"Census Tract 60.02, Kern County, California",0,0,0,0,0,0,0,0,0,0,0,0,0,0,0,06,029,006002
06029006301,"Census Tract 63.01, Kern County, California",1011,78,46,39,7,32,25,7,933,349,226,123,584,334,250,06,029,006301
06029006401,"Census Tract 64.01, Kern County, California",1846,100,77,7,70,23,23,0,1746,645,373,272,1101,654,447,06,029,006401
06029005900,"Census Tract 59, Kern County, California",813,75,8,0,8,67,41,26,738,259,154,105,479,301,178,06,029,005900
06029006003,"Census Tract 60.03, Kern County, California",1494,189,107,107,0,82,68,14,1305,688,403,285,617,290,327,06,029,006003
06029006004,"Census Tract 60.04, Kern County, California",156,0,0,0,0,0,0,0,156,97,31,66,59,30,29,06,029,006004
06029000102,"Census Tract 1.02, Kern County, California",729,29,18,0,18,11,0,11,700,292,240,52,408,278,130,06,029,000102
06029000902,"Census Tract 9.02, Kern County, California",891,91,91,42,49,0,0,0,800,251,148,103,549,246,303,06,029,000902
06029000909,"Census Tract 9.09, Kern County, California",458,23,23,20,3,0,0,0,435,245,180,65,190,110,80,06,029,000909
06029001102,"Census Tract 11.02, Kern County, California",1565,236,169,65,104,67,44,23,1329,579,323,256,750,443,307,06,029,001102
06029002500,"Census Tract 25, Kern County, California",2062,170,80,42,38,90,90,0,1892,643,400,243,1249,937,312,06,029,002500
06029002806,"Census Tract 28.06, Kern County, California",814,43,43,43,0,0,0,0,771,232,144,88,539,336,203,06,029,002806
06059087803,"Census Tract 878.03, Orange County, California",1646,88,58,58,0,30,0,30,1558,723,537,186,835,439,396,06,059,087803
06059088104,"Census Tract 881.04, Orange County, California",1188,116,50,16,34,66,40,26,1072,449,307,142,623,450,173,06,059,088104
06059088403,"Census Tract 884.03, Orange County, California",2022,53,53,25,28,0,0,0,1969,742,545,197,1227,950,277,06,059,088403
06059088602,"Census Tract 886.02, Orange County, California",1217,21,0,0,0,21,21,0,1196,548,394,154,648,391,257,06,059,088602
06059088801,"Census Tract 888.01, Orange County, California",2080,102,67,67,0,35,19,16,1978,779,642,137,1199,856,343,06,059,088801
06059088802,"Census Tract 888.02, Orange County, California",1137,13,13,7,6,0,0,0,1124,496,367,129,628,381,247,06,059,088802
06059089003,"Census Tract 890.03, Orange County, California",1056,54,46,17,29,8,8,0,1002,379,245,134,623,349,274,06,059,089003
06059089004,"Census Tract 890.04, Orange County, California",1695,108,76,45,31,32,32,0,1587,520,348,172,1067,772,295,06,059,089004
06059089105,"Census Tract 891.05, Orange County, California",1665,85,36,28,8,49,33,16,1580,698,480,218,882,511,371,06,059,089105
06059099222,"Census Tract 992.22, Orange County, California",1087,45,45,45,0,0,0,0,1042,516,310,206,526,429,97,06,059,099222
06059099229,"Census Tract 992.29, Orange County, California",1188,21,21,0,21,0,0,0,1167,473,338,135,694,553,141,06,059,099229
06059099246,"Census Tract 992.46, Orange County, California",725,65,65,26,39,0,0,0,660,342,241,101,318,151,167,06,059,099246
06059099251,"Census Tract 992.51, Orange County, California",1528,86,86,22,64,0,0,0,1442,602,476,126,840,713,127,06,059,099251
06059099308,"Census Tract 993.08, Orange County, California",1028,81,81,26,55,0,0,0,947,576,350,226,371,179,192,06,059,099308
06059099411,"Census Tract 994.11, Orange County, California",1612,44,44,31,13,0,0,0,1568,557,475,82,1011,793,218,06,059,099411
06059099413,"Census Tract 994.13, Orange County, California",1969,59,59,44,15,0,0,0,1910,912,784,128,998,780,218,06,059,099413
06059099415,"Census Tract 994.15, Orange County, California",900,92,92,79,13,0,0,0,808,433,294,139,375,247,128,06,059,099415
06059099417,"Census Tract 994.17, Orange County, California",1221,37,22,16,6,15,15,0,1184,582,455,127,602,537,65,06,059,099417
06059099508,"Census Tract 995.08, Orange County, California",1096,59,59,36,23,0,0,0,1037,301,226,75,736,664,72,06,059,099508
06059099511,"Census Tract 995.11, Orange County, California",619,19,19,0,19,0,0,0,600,234,183,51,366,290,76,06,059,099511
06059062900,"Census Tract 629, Orange County, California",133,10,10,0,10,0,0,0,123,82,44,38,41,16,25,06,059,062900
06059099203,"Census Tract 992.03, Orange County, California",1259,63,63,32,31,0,0,0,1196,659,458,201,537,332,205,06,059,099203
06059099216,"Census Tract 992.16, Orange County, California",1087,18,18,7,11,0,0,0,1069,493,425,68,576,474,102,06,059,099216
06059099225,"Census Tract 992.25, Orange County, California",808,37,34,34,0,3,3,0,771,282,224,58,489,200,289,06,059,099225
06097152701,"Census Tract 1527.01, Sonoma County, California",1214,77,35,15,20,42,42,0,1137,420,204,216,717,548,169,06,097,152701
06097150500,"Census Tract 1505, Sonoma County, California",630,60,60,39,21,0,0,0,570,312,312,0,258,237,21,06,097,150500
06097151502,"Census Tract 1515.02, Sonoma County, California",1453,59,42,30,12,17,17,0,1394,562,359,203,832,668,164,06,097,151502
06103000600,"Census Tract 6, Tehama County, California",993,39,12,12,0,27,27,0,954,467,312,155,487,308,179,06,103,000600
06029000504,"Census Tract 5.04, Kern County, California",1130,89,72,51,21,17,10,7,1041,469,390,79,572,356,216,06,029,000504
06029000600,"Census Tract 6, Kern County, California",1840,272,0,0,0,272,62,210,1568,330,118,212,1238,849,389,06,029,000600
06029000904,"Census Tract 9.04, Kern County, California",1136,75,40,22,18,35,35,0,1061,424,288,136,637,340,297,06,029,000904
06029000905,"Census Tract 9.05, Kern County, California",532,80,32,0,32,48,48,0,452,180,109,71,272,155,117,06,029,000905
06029001300,"Census Tract 13, Kern County, California",1740,288,56,0,56,232,167,65,1452,579,379,200,873,499,374,06,029,001300
06029002600,"Census Tract 26, Kern County, California",777,47,29,7,22,18,18,0,730,299,110,189,431,285,146,06,029,002600
06029002817,"Census Tract 28.17, Kern County, California",1430,127,31,21,10,96,36,60,1303,405,319,86,898,675,223,06,029,002817
06037194300,"Census Tract 1943, Los Angeles County, California",730,17,17,17,0,0,0,0,713,275,140,135,438,332,106,06,037,194300
06037209403,"Census Tract 2094.03, Los Angeles County, California",768,9,0,0,0,9,0,9,759,189,94,95,570,353,217,06,037,209403
06037209520,"Census Tract 2095.20, Los Angeles County, California",677,38,14,5,9,24,24,0,639,204,138,66,435,357,78,06,037,209520
06037553200,"Census Tract 5532, Los Angeles County, California",1888,21,21,21,0,0,0,0,1867,807,530,277,1060,716,344,06,037,553200
06037553502,"Census Tract 5535.02, Los Angeles County, California",1000,10,10,10,0,0,0,0,990,437,338,99,553,396,157,06,037,553502
06037554403,"Census Tract 5544.03, Los Angeles County, California",1466,58,22,22,0,36,23,13,1408,603,476,127,805,515,290,06,037,554403
06037554404,"Census Tract 5544.04, Los Angeles County, California",1108,95,58,9,49,37,13,24,1013,448,297,151,565,426,139,06,037,554404
06037554521,"Census Tract 5545.21, Los Angeles County, California",1285,37,37,37,0,0,0,0,1248,579,337,242,669,401,268,06,037,554521
06037570003,"Census Tract 5700.03, Los Angeles County, California",870,44,36,27,9,8,8,0,826,402,312,90,424,204,220,06,037,570003
06037570100,"Census Tract 5701, Los Angeles County, California",780,19,11,11,0,8,8,0,761,303,271,32,458,315,143,06,037,570100
06037570304,"Census Tract 5703.04, Los Angeles County, California",1423,155,11,5,6,144,144,0,1268,360,245,115,908,662,246,06,037,570304
06037570601,"Census Tract 5706.01, Los Angeles County, California",1654,67,11,0,11,56,0,56,1587,545,328,217,1042,771,271,06,037,570601
06037570602,"Census Tract 5706.02, Los Angeles County, California",1713,132,76,66,10,56,56,0,1581,601,475,126,980,785,195,06,037,570602
06037570701,"Census Tract 5707.01, Los Angeles County, California",2035,92,24,0,24,68,68,0,1943,848,765,83,1095,904,191,06,037,570701
06037571400,"Census Tract 5714, Los Angeles County, California",1182,19,19,19,0,0,0,0,1163,634,504,130,529,350,179,06,037,571400
06037571800,"Census Tract 5718, Los Angeles County, California",518,0,0,0,0,0,0,0,518,213,160,53,305,233,72,06,037,571800
06037572100,"Census Tract 5721, Los Angeles County, California",204,8,8,0,8,0,0,0,196,101,95,6,95,64,31,06,037,572100
06037134201,"Census Tract 1342.01, Los Angeles County, California",876,87,51,49,2,36,36,0,789,322,244,78,467,350,117,06,037,134201
06037310701,"Census Tract 3107.01, Los Angeles County, California",454,20,20,18,2,0,0,0,434,253,205,48,181,150,31,06,037,310701
06037311000,"Census Tract 3110, Los Angeles County, California",892,58,58,49,9,0,0,0,834,416,341,75,418,293,125,06,037,311000
06037311100,"Census Tract 3111, Los Angeles County, California",887,77,57,57,0,20,10,10,810,449,340,109,361,290,71,06,037,311100
06071006401,"Census Tract 64.01, San Bernardino County, California",855,48,30,5,25,18,18,0,807,238,144,94,569,324,245,06,071,006401
06071008001,"Census Tract 80.01, San Bernardino County, California",1641,61,21,21,0,40,0,40,1580,812,576,236,768,581,187,06,071,008001
06071008404,"Census Tract 84.04, San Bernardino County, California",904,19,19,10,9,0,0,0,885,199,111,88,686,448,238,06,071,008404
06071008901,"Census Tract 89.01, San Bernardino County, California",313,30,30,16,14,0,0,0,283,173,135,38,110,57,53,06,071,008901
06071009300,"Census Tract 93, San Bernardino County, California",258,10,10,0,10,0,0,0,248,105,66,39,143,112,31,06,071,009300
06071010021,"Census Tract 100.21, San Bernardino County, California",1652,125,99,99,0,26,26,0,1527,659,432,227,868,638,230,06,071,010021
06071011700,"Census Tract 117, San Bernardino County, California",344,10,3,3,0,7,0,7,334,121,78,43,213,72,141,06,071,011700
06071007104,"Census Tract 71.04, San Bernardino County, California",777,0,0,0,0,0,0,0,777,397,242,155,380,240,140,06,071,007104
06071007105,"Census Tract 71.05, San Bernardino County, California",720,106,38,38,0,68,59,9,614,319,166,153,295,217,78,06,071,007105
06071000808,"Census Tract 8.08, San Bernardino County, California",1435,135,94,70,24,41,41,0,1300,625,398,227,675,442,233,06,071,000808
06071001400,"Census Tract 14, San Bernardino County, California",714,20,20,20,0,0,0,0,694,174,69,105,520,459,61,06,071,001400
06071002204,"Census Tract 22.04, San Bernardino County, California",1932,46,23,11,12,23,0,23,1886,1030,541,489,856,445,411,06,071,002204
06071000304,"Census Tract 3.04, San Bernardino County, California",1213,78,39,19,20,39,8,31,1135,493,310,183,642,364,278,06,071,000304
06071008500,"Census Tract 85, San Bernardino County, California",1536,203,203,74,129,0,0,0,1333,654,522,132,679,428,251,06,071,008500
06071008002,"Census Tract 80.02, San Bernardino County, California",2093,250,56,16,40,194,84,110,1843,457,187,270,1386,770,616,06,071,008002
06071008403,"Census Tract 84.03, San Bernardino County, California",1392,48,48,48,0,0,0,0,1344,772,554,218,572,338,234,06,071,008403
06107002202,"Census Tract 22.02, Tulare County, California",1534,158,51,35,16,107,8,99,1376,480,195,285,896,444,452,06,107,002202
06107002903,"Census Tract 29.03, Tulare County, California",875,52,36,32,4,16,16,0,823,508,377,131,315,244,71,06,107,002903
06107003801,"Census Tract 38.01, Tulare County, California",818,57,57,27,30,0,0,0,761,240,134,106,521,250,271,06,107,003801
06037703100,"Census Tract 7031, Los Angeles County, California",1290,0,0,0,0,0,0,0,1290,321,281,40,969,634,335,06,037,703100
06037910403,"Census Tract 9104.03, Los Angeles County, California",565,48,25,15,10,23,10,13,517,144,89,55,373,205,168,06,037,910403
06037910807,"Census Tract 9108.07, Los Angeles County, California",1398,76,76,67,9,0,0,0,1322,755,371,384,567,390,177,06,037,910807
06037910810,"Census Tract 9108.10, Los Angeles County, California",591,22,22,6,16,0,0,0,569,331,260,71,238,160,78,06,037,910810
06071002401,"Census Tract 24.01, San Bernardino County, California",2272,161,120,59,61,41,23,18,2111,969,572,397,1142,677,465,06,071,002401
06071002402,"Census Tract 24.02, San Bernardino County, California",2478,103,103,19,84,0,0,0,2375,1051,577,474,1324,796,528,06,071,002402
06071003700,"Census Tract 37, San Bernardino County, California",1008,68,68,38,30,0,0,0,940,438,189,249,502,286,216,06,071,003700
06071004601,"Census Tract 46.01, San Bernardino County, California",2012,239,129,80,49,110,109,1,1773,800,663,137,973,624,349,06,071,004601
06071004700,"Census Tract 47, San Bernardino County, California",1393,25,8,8,0,17,9,8,1368,500,295,205,868,544,324,06,071,004700
06071004800,"Census Tract 48, San Bernardino County, California",849,76,46,21,25,30,16,14,773,274,154,120,499,245,254,06,071,004800
06099003905,"Census Tract 39.05, Stanislaus County, California",907,44,17,0,17,27,27,0,863,532,339,193,331,230,101,06,099,003905
06099003908,"Census Tract 39.08, Stanislaus County, California",596,69,40,25,15,29,23,6,527,236,158,78,291,188,103,06,099,003908
06099002501,"Census Tract 25.01, Stanislaus County, California",1811,81,51,41,10,30,24,6,1730,892,422,470,838,473,365,06,099,002501
06099003604,"Census Tract 36.04, Stanislaus County, California",2069,0,0,0,0,0,0,0,2069,1182,831,351,887,499,388,06,099,003604
06099003202,"Census Tract 32.02, Stanislaus County, California",4333,369,215,135,80,154,75,79,3964,1831,1286,545,2133,1461,672,06,099,003202
06099001603,"Census Tract 16.03, Stanislaus County, California",1538,116,66,50,16,50,31,19,1422,671,287,384,751,402,349,06,099,001603
06099002200,"Census Tract 22, Stanislaus County, California",1762,67,15,0,15,52,0,52,1695,627,405,222,1068,674,394,06,099,002200
06099003002,"Census Tract 30.02, Stanislaus County, California",1886,172,76,59,17,96,32,64,1714,795,557,238,919,569,350,06,099,003002
06099000202,"Census Tract 2.02, Stanislaus County, California",2005,146,114,38,76,32,0,32,1859,1023,740,283,836,383,453,06,099,000202
06099003300,"Census Tract 33, Stanislaus County, California",1320,24,9,9,0,15,15,0,1296,597,408,189,699,452,247,06,099,003300
06099003201,"Census Tract 32.01, Stanislaus County, California",1153,89,53,16,37,36,11,25,1064,500,295,205,564,356,208,06,099,003201
06067006201,"Census Tract 62.01, Sacramento County, California",1600,71,70,66,4,1,1,0,1529,483,240,243,1046,582,464,06,067,006201
06067006500,"Census Tract 65, Sacramento County, California",1710,51,18,18,0,33,33,0,1659,503,330,173,1156,691,465,06,067,006500
06067007014,"Census Tract 70.14, Sacramento County, California",2026,63,31,31,0,32,32,0,1963,608,507,101,1355,894,461,06,067,007014
06067007206,"Census Tract 72.06, Sacramento County, California",858,69,69,53,16,0,0,0,789,342,247,95,447,339,108,06,067,007206
06067007504,"Census Tract 75.04, Sacramento County, California",453,16,6,3,3,10,0,10,437,161,115,46,276,166,110,06,067,007504
06067008005,"Census Tract 80.05, Sacramento County, California",625,89,80,68,12,9,9,0,536,313,244,69,223,168,55,06,067,008005
06067008135,"Census Tract 81.35, Sacramento County, California",828,31,16,0,16,15,0,15,797,404,378,26,393,355,38,06,067,008135
06067008139,"Census Tract 81.39, Sacramento County, California",998,17,9,9,0,8,8,0,981,284,235,49,697,467,230,06,067,008139
06067008143,"Census Tract 81.43, Sacramento County, California",955,60,26,26,0,34,23,11,895,370,319,51,525,411,114,06,067,008143
06067008144,"Census Tract 81.44, Sacramento County, California",530,32,27,21,6,5,0,5,498,308,230,78,190,152,38,06,067,008144
06067008907,"Census Tract 89.07, Sacramento County, California",1547,47,21,12,9,26,8,18,1500,556,339,217,944,785,159,06,067,008907
06067008912,"Census Tract 89.12, Sacramento County, California",666,19,19,19,0,0,0,0,647,261,230,31,386,335,51,06,067,008912
06067007011,"Census Tract 70.11, Sacramento County, California",2194,175,57,12,45,118,77,41,2019,705,525,180,1314,1107,207,06,067,007011
06067007209,"Census Tract 72.09, Sacramento County, California",701,73,49,15,34,24,0,24,628,316,255,61,312,246,66,06,067,007209
06067007403,"Census Tract 74.03, Sacramento County, California",1323,40,28,13,15,12,5,7,1283,559,354,205,724,508,216,06,067,007403
06067007421,"Census Tract 74.21, Sacramento County, California",2132,134,100,84,16,34,34,0,1998,1006,800,206,992,704,288,06,067,007421
06067007422,"Census Tract 74.22, Sacramento County, California",625,54,31,4,27,23,0,23,571,264,201,63,307,224,83,06,067,007422
06067007501,"Census Tract 75.01, Sacramento County, California",1641,126,106,48,58,20,8,12,1515,806,550,256,709,545,164,06,067,007501
06067007701,"Census Tract 77.01, Sacramento County, California",1746,92,67,31,36,25,13,12,1654,428,273,155,1226,1011,215,06,067,007701
06067007801,"Census Tract 78.01, Sacramento County, California",1214,84,26,13,13,58,12,46,1130,555,408,147,575,515,60,06,067,007801
06037302504,"Census Tract 3025.04, Los Angeles County, California",1288,42,20,6,14,22,22,0,1246,488,337,151,758,598,160,06,037,302504
06037310201,"Census Tract 3102.01, Los Angeles County, California",1238,48,20,20,0,28,0,28,1190,541,416,125,649,443,206,06,037,310201
06037310202,"Census Tract 3102.02, Los Angeles County, California",1334,63,63,48,15,0,0,0,1271,573,426,147,698,558,140,06,037,310202
06041101100,"Census Tract 1011, Marin County, California",426,7,7,7,0,0,0,0,419,210,129,81,209,108,101,06,041,101100
06041101200,"Census Tract 1012, Marin County, California",609,19,19,10,9,0,0,0,590,314,272,42,276,168,108,06,041,101200
06029002813,"Census Tract 28.13, Kern County, California",1095,120,82,34,48,38,14,24,975,227,128,99,748,510,238,06,029,002813
06029002818,"Census Tract 28.18, Kern County, California",865,45,21,0,21,24,0,24,820,437,349,88,383,252,131,06,029,002818
06029003103,"Census Tract 31.03, Kern County, California",796,7,0,0,0,7,0,7,789,447,224,223,342,253,89,06,029,003103
06029003122,"Census Tract 31.22, Kern County, California",2094,116,9,9,0,107,107,0,1978,855,468,387,1123,871,252,06,029,003122
06029000200,"Census Tract 2, Kern County, California",1913,74,22,22,0,52,45,7,1839,532,299,233,1307,666,641,06,029,000200
06029000503,"Census Tract 5.03, Kern County, California",1899,118,60,12,48,58,58,0,1781,1106,887,219,675,485,190,06,029,000503
06029001101,"Census Tract 11.01, Kern County, California",1461,129,89,42,47,40,20,20,1332,513,281,232,819,365,454,06,029,001101
06029001202,"Census Tract 12.02, Kern County, California",1407,116,33,0,33,83,39,44,1291,447,221,226,844,430,414,06,029,001202
06029001802,"Census Tract 18.02, Kern County, California",1482,61,54,0,54,7,7,0,1421,451,241,210,970,792,178,06,029,001802
06029000400,"Census Tract 4, Kern County, California",1010,176,39,22,17,137,14,123,834,259,136,123,575,281,294,06,029,000400
06029000507,"Census Tract 5.07, Kern County, California",718,75,62,36,26,13,13,0,643,322,213,109,321,289,32,06,029,000507
06029002301,"Census Tract 23.01, Kern County, California",2551,30,30,0,30,0,0,0,2521,1313,794,519,1208,767,441,06,029,002301
06029002302,"Census Tract 23.02, Kern County, California",852,86,65,40,25,21,8,13,766,329,199,130,437,245,192,06,029,002302
06029002400,"Census Tract 24, Kern County, California",1955,204,177,68,109,27,19,8,1751,857,579,278,894,508,386,06,029,002400
06029002820,"Census Tract 28.20, Kern County, California",1563,45,37,9,28,8,8,0,1518,824,668,156,694,417,277,06,029,002820
06029003114,"Census Tract 31.14, Kern County, California",1772,55,49,0,49,6,6,0,1717,796,635,161,921,616,305,06,029,003114
06029003806,"Census Tract 38.06, Kern County, California",1211,30,19,8,11,11,11,0,1181,677,368,309,504,388,116,06,029,003806
06029003808,"Census Tract 38.08, Kern County, California",1156,57,46,33,13,11,0,11,1099,553,425,128,546,353,193,06,029,003808
06029003810,"Census Tract 38.10, Kern County, California",621,51,45,28,17,6,6,0,570,329,209,120,241,150,91,06,029,003810
06029004302,"Census Tract 43.02, Kern County, California",3,0,0,0,0,0,0,0,3,0,0,0,3,0,3,06,029,004302
06065045119,"Census Tract 451.19, Riverside County, California",582,27,0,0,0,27,27,0,555,166,122,44,389,186,203,06,065,045119
06079010403,"Census Tract 104.03, San Luis Obispo County, California",425,32,32,32,0,0,0,0,393,197,157,40,196,107,89,06,079,010403
06079010404,"Census Tract 104.04, San Luis Obispo County, California",247,8,8,0,8,0,0,0,239,106,67,39,133,55,78,06,079,010404
06079010504,"Census Tract 105.04, San Luis Obispo County, California",405,0,0,0,0,0,0,0,405,119,51,68,286,233,53,06,079,010504
06079010602,"Census Tract 106.02, San Luis Obispo County, California",658,7,7,7,0,0,0,0,651,290,218,72,361,222,139,06,079,010602
06079010603,"Census Tract 106.03, San Luis Obispo County, California",228,11,4,0,4,7,7,0,217,87,69,18,130,114,16,06,079,010603
06079010707,"Census Tract 107.07, San Luis Obispo County, California",1142,0,0,0,0,0,0,0,1142,624,428,196,518,358,160,06,079,010707
06079011001,"Census Tract 110.01, San Luis Obispo County, California",1010,13,13,13,0,0,0,0,997,450,331,119,547,485,62,06,079,011001
06059099407,"Census Tract 994.07, Orange County, California",515,4,4,4,0,0,0,0,511,245,200,45,266,165,101,06,059,099407
06059099602,"Census Tract 996.02, Orange County, California",1024,18,18,9,9,0,0,0,1006,471,428,43,535,445,90,06,059,099602
06059099701,"Census Tract 997.01, Orange County, California",1436,20,0,0,0,20,0,20,1416,578,351,227,838,601,237,06,059,099701
06059099803,"Census Tract 998.03, Orange County, California",1259,7,7,7,0,0,0,0,1252,550,331,219,702,482,220,06,059,099803
06059099906,"Census Tract 999.06, Orange County, California",1213,91,91,79,12,0,0,0,1122,563,461,102,559,326,233,06,059,099906
06059110004,"Census Tract 1100.04, Orange County, California",1064,88,68,44,24,20,10,10,976,507,425,82,469,313,156,06,059,110004
06059110008,"Census Tract 1100.08, Orange County, California",1085,0,0,0,0,0,0,0,1085,507,355,152,578,384,194,06,059,110008
06059110011,"Census Tract 1100.11, Orange County, California",472,4,4,0,4,0,0,0,468,202,141,61,266,170,96,06,059,110011
06059110117,"Census Tract 1101.17, Orange County, California",1658,55,32,13,19,23,12,11,1603,641,343,298,962,644,318,06,059,110117
06059110118,"Census Tract 1101.18, Orange County, California",530,7,7,0,7,0,0,0,523,232,165,67,291,192,99,06,059,110118
06059110202,"Census Tract 1102.02, Orange County, California",1883,80,47,36,11,33,0,33,1803,869,571,298,934,564,370,06,059,110202
06059110301,"Census Tract 1103.01, Orange County, California",1797,38,38,21,17,0,0,0,1759,891,699,192,868,503,365,06,059,110301
06059110303,"Census Tract 1103.03, Orange County, California",1036,13,0,0,0,13,13,0,1023,444,368,76,579,380,199,06,059,110303
06059110401,"Census Tract 1104.01, Orange County, California",1201,42,33,22,11,9,9,0,1159,630,503,127,529,404,125,06,059,110401
06059110015,"Census Tract 1100.15, Orange County, California",619,48,48,40,8,0,0,0,571,325,247,78,246,199,47,06,059,110015
06059099512,"Census Tract 995.12, Orange County, California",688,6,6,0,6,0,0,0,682,230,209,21,452,397,55,06,059,099512
06059099905,"Census Tract 999.05, Orange County, California",1036,59,59,18,41,0,0,0,977,683,616,67,294,151,143,06,059,099905
06079011503,"Census Tract 115.03, San Luis Obispo County, California",665,63,63,63,0,0,0,0,602,347,273,74,255,197,58,06,079,011503
06079011504,"Census Tract 115.04, San Luis Obispo County, California",243,6,6,6,0,0,0,0,237,44,25,19,193,78,115,06,079,011504
06079011701,"Census Tract 117.01, San Luis Obispo County, California",587,31,31,31,0,0,0,0,556,210,161,49,346,209,137,06,079,011701
06079011704,"Census Tract 117.04, San Luis Obispo County, California",803,32,32,9,23,0,0,0,771,230,130,100,541,377,164,06,079,011704
06079012102,"Census Tract 121.02, San Luis Obispo County, California",1367,151,74,20,54,77,75,2,1216,439,251,188,777,628,149,06,079,012102
06079012304,"Census Tract 123.04, San Luis Obispo County, California",1671,4,0,0,0,4,4,0,1667,759,682,77,908,578,330,06,079,012304
06079012505,"Census Tract 125.05, San Luis Obispo County, California",1221,83,32,32,0,51,51,0,1138,564,471,93,574,499,75,06,079,012505
06079012900,"Census Tract 129, San Luis Obispo County, California",869,22,22,0,22,0,0,0,847,415,332,83,432,382,50,06,079,012900
06079013000,"Census Tract 130, San Luis Obispo County, California",501,54,54,36,18,0,0,0,447,275,232,43,172,145,27,06,079,013000
06079990000,"Census Tract 9900, San Luis Obispo County, California",0,0,0,0,0,0,0,0,0,0,0,0,0,0,0,06,079,990000
06081600402,"Census Tract 6004.02, San Mateo County, California",1286,85,28,28,0,57,45,12,1201,525,486,39,676,449,227,06,081,600402
06081601901,"Census Tract 6019.01, San Mateo County, California",874,16,9,0,9,7,0,7,858,372,350,22,486,354,132,06,081,601901
06081600401,"Census Tract 6004.01, San Mateo County, California",677,53,44,44,0,9,9,0,624,245,212,33,379,279,100,06,081,600401
06081601902,"Census Tract 6019.02, San Mateo County, California",1430,41,41,41,0,0,0,0,1389,785,679,106,604,442,162,06,081,601902
06081603801,"Census Tract 6038.01, San Mateo County, California",615,0,0,0,0,0,0,0,615,267,182,85,348,284,64,06,081,603801
06081603802,"Census Tract 6038.02, San Mateo County, California",1083,77,64,64,0,13,13,0,1006,454,371,83,552,466,86,06,081,603802
06081609201,"Census Tract 6092.01, San Mateo County, California",772,65,65,27,38,0,0,0,707,406,339,67,301,287,14,06,081,609201
06081609202,"Census Tract 6092.02, San Mateo County, California",1097,67,49,49,0,18,18,0,1030,561,446,115,469,378,91,06,081,609202
06073008345,"Census Tract 83.45, San Diego County, California",958,21,21,21,0,0,0,0,937,386,296,90,551,360,191,06,073,008345
06073008355,"Census Tract 83.55, San Diego County, California",861,27,27,11,16,0,0,0,834,368,281,87,466,347,119,06,073,008355
06073008356,"Census Tract 83.56, San Diego County, California",1036,119,103,55,48,16,16,0,917,466,332,134,451,412,39,06,073,008356
06073008359,"Census Tract 83.59, San Diego County, California",1494,100,100,78,22,0,0,0,1394,708,364,344,686,462,224,06,073,008359
06073008360,"Census Tract 83.60, San Diego County, California",1936,86,33,33,0,53,0,53,1850,1010,667,343,840,699,141,06,073,008360
06073008504,"Census Tract 85.04, San Diego County, California",1127,50,50,26,24,0,0,0,1077,494,430,64,583,470,113,06,073,008504
06073008702,"Census Tract 87.02, San Diego County, California",1591,70,57,37,20,13,7,6,1521,443,339,104,1078,798,280,06,073,008702
06073008902,"Census Tract 89.02, San Diego County, California",581,45,45,45,0,0,0,0,536,156,120,36,380,309,71,06,073,008902
06073009101,"Census Tract 91.01, San Diego County, California",1122,41,41,20,21,0,0,0,1081,539,495,44,542,337,205,06,073,009101
06037901010,"Census Tract 9010.10, Los Angeles County, California",1321,94,63,43,20,31,26,5,1227,393,225,168,834,406,428,06,037,901010
06037901011,"Census Tract 9010.11, Los Angeles County, California",1161,20,15,7,8,5,5,0,1141,547,384,163,594,336,258,06,037,901011
06037901209,"Census Tract 9012.09, Los Angeles County, California",418,5,5,5,0,0,0,0,413,142,68,74,271,126,145,06,037,901209
06037901210,"Census Tract 9012.10, Los Angeles County, California",380,0,0,0,0,0,0,0,380,190,118,72,190,95,95,06,037,901210
06037901213,"Census Tract 9012.13, Los Angeles County, California",816,26,26,26,0,0,0,0,790,365,296,69,425,277,148,06,037,901213
06037910001,"Census Tract 9100.01, Los Angeles County, California",1319,153,66,40,26,87,0,87,1166,444,198,246,722,343,379,06,037,910001
06037910002,"Census Tract 9100.02, Los Angeles County, California",1819,111,33,20,13,78,44,34,1708,933,598,335,775,453,322,06,037,910002
06037910101,"Census Tract 9101.01, Los Angeles County, California",440,28,14,10,4,14,0,14,412,118,70,48,294,149,145,06,037,910101
06037910207,"Census Tract 9102.07, Los Angeles County, California",1357,36,15,15,0,21,0,21,1321,565,369,196,756,453,303,06,037,910207
06037910208,"Census Tract 9102.08, Los Angeles County, California",1507,58,39,31,8,19,0,19,1449,572,422,150,877,530,347,06,037,910208
06037910209,"Census Tract 9102.09, Los Angeles County, California",1215,81,40,27,13,41,20,21,1134,499,352,147,635,400,235,06,037,910209
06037603801,"Census Tract 6038.01, Los Angeles County, California",1377,56,26,26,0,30,30,0,1321,524,419,105,797,565,232,06,037,603801
06037603802,"Census Tract 6038.02, Los Angeles County, California",819,76,76,29,47,0,0,0,743,250,171,79,493,381,112,06,037,603802
06037604001,"Census Tract 6040.01, Los Angeles County, California",1149,91,28,6,22,63,39,24,1058,570,412,158,488,297,191,06,037,604001
06037604002,"Census Tract 6040.02, Los Angeles County, California",1289,52,26,26,0,26,13,13,1237,467,355,112,770,506,264,06,037,604002
06037620305,"Census Tract 6203.05, Los Angeles County, California",1324,159,159,78,81,0,0,0,1165,436,290,146,729,546,183,06,037,620305
06019006604,"Census Tract 66.04, Fresno County, California",1841,100,65,44,21,35,35,0,1741,1029,638,391,712,476,236,06,019,006604
06019007801,"Census Tract 78.01, Fresno County, California",612,41,30,10,20,11,0,11,571,345,178,167,226,137,89,06,019,007801
06019007802,"Census Tract 78.02, Fresno County, California",1314,43,43,0,43,0,0,0,1271,591,289,302,680,310,370,06,019,007802
06019007901,"Census Tract 79.01, Fresno County, California",0,0,0,0,0,0,0,0,0,0,0,0,0,0,0,06,019,007901
06019007902,"Census Tract 79.02, Fresno County, California",740,21,14,0,14,7,7,0,719,358,228,130,361,252,109,06,019,007902
06019008501,"Census Tract 85.01, Fresno County, California",989,88,26,13,13,62,47,15,901,383,213,170,518,261,257,06,019,008501
06019008502,"Census Tract 85.02, Fresno County, California",2359,160,71,23,48,89,57,32,2199,812,413,399,1387,897,490,06,019,008502
06023001101,"Census Tract 11.01, Humboldt County, California",2175,117,87,87,0,30,0,30,2058,283,213,70,1775,1296,479,06,023,001101
06023001300,"Census Tract 13, Humboldt County, California",373,6,0,0,0,6,0,6,367,77,56,21,290,230,60,06,023,001300
06023010901,"Census Tract 109.01, Humboldt County, California",1216,0,0,0,0,0,0,0,1216,554,315,239,662,483,179,06,023,010901
06023010902,"Census Tract 109.02, Humboldt County, California",850,62,43,26,17,19,19,0,788,369,304,65,419,268,151,06,023,010902
06023011500,"Census Tract 115, Humboldt County, California",565,0,0,0,0,0,0,0,565,208,150,58,357,229,128,06,023,011500
06023011600,"Census Tract 116, Humboldt County, California",773,17,0,0,0,17,0,17,756,172,110,62,584,353,231,06,023,011600
06023940000,"Census Tract 9400, Humboldt County, California",895,58,0,0,0,58,19,39,837,178,160,18,659,357,302,06,023,940000
06023990100,"Census Tract 9901, Humboldt County, California",0,0,0,0,0,0,0,0,0,0,0,0,0,0,0,06,023,990100
06025940000,"Census Tract 9400, Imperial County, California",297,15,4,4,0,11,5,6,282,57,22,35,225,136,89,06,025,940000
06025010101,"Census Tract 101.01, Imperial County, California",4,0,0,0,0,0,0,0,4,4,0,4,0,0,0,06,025,010101
06025010102,"Census Tract 101.02, Imperial County, California",713,52,40,23,17,12,0,12,661,333,221,112,328,96,232,06,025,010102
06081613900,"Census Tract 6139, San Mateo County, California",1560,105,77,45,32,28,28,0,1455,699,495,204,756,518,238,06,081,613900
06081614000,"Census Tract 6140, San Mateo County, California",1392,50,32,32,0,18,18,0,1342,733,600,133,609,485,124,06,081,614000
06081984300,"Census Tract 9843, San Mateo County, California",0,0,0,0,0,0,0,0,0,0,0,0,0,0,0,06,081,984300
06081990100,"Census Tract 9901, San Mateo County, California",0,0,0,0,0,0,0,0,0,0,0,0,0,0,0,06,081,990100
06083000301,"Census Tract 3.01, Santa Barbara County, California",745,25,14,0,14,11,11,0,720,130,82,48,590,476,114,06,083,000301
06083000302,"Census Tract 3.02, Santa Barbara County, California",1290,46,22,22,0,24,24,0,1244,491,374,117,753,665,88,06,083,000302
06083000804,"Census Tract 8.04, Santa Barbara County, California",1644,0,0,0,0,0,0,0,1644,671,545,126,973,812,161,06,083,000804
06083001206,"Census Tract 12.06, Santa Barbara County, California",1476,54,22,22,0,32,6,26,1422,473,366,107,949,686,263,06,083,001206
06083001208,"Census Tract 12.08, Santa Barbara County, California",1186,43,36,0,36,7,7,0,1143,414,293,121,729,548,181,06,083,001208
06037650401,"Census Tract 6504.01, Los Angeles County, California",1115,68,68,50,18,0,0,0,1047,451,309,142,596,415,181,06,037,650401
06037651304,"Census Tract 6513.04, Los Angeles County, California",971,24,24,24,0,0,0,0,947,413,264,149,534,360,174,06,037,651304
06037651401,"Census Tract 6514.01, Los Angeles County, California",467,16,5,5,0,11,11,0,451,246,214,32,205,163,42,06,037,651401
06037650604,"Census Tract 6506.04, Los Angeles County, California",1668,75,57,13,44,18,18,0,1593,666,438,228,927,749,178,06,037,650604
06037650605,"Census Tract 6506.05, Los Angeles County, California",738,36,36,20,16,0,0,0,702,394,197,197,308,185,123,06,037,650605
06085500902,"Census Tract 5009.02, Santa Clara County, California",2770,20,16,16,0,4,4,0,2750,62,58,4,2688,1435,1253,06,085,500902
06085502001,"Census Tract 5020.01, Santa Clara County, California",1567,61,44,35,9,17,17,0,1506,697,458,239,809,669,140,06,085,502001
06085502102,"Census Tract 5021.02, Santa Clara County, California",1809,50,50,32,18,0,0,0,1759,741,658,83,1018,874,144,06,085,502102
06085502202,"Census Tract 5022.02, Santa Clara County, California",689,43,32,23,9,11,11,0,646,272,222,50,374,335,39,06,085,502202
06085502400,"Census Tract 5024, Santa Clara County, California",1437,106,106,71,35,0,0,0,1331,762,557,205,569,511,58,06,085,502400
06085502500,"Census Tract 5025, Santa Clara County, California",1191,142,142,111,31,0,0,0,1049,739,523,216,310,277,33,06,085,502500
06085503305,"Census Tract 5033.05, Santa Clara County, California",1340,53,11,11,0,42,10,32,1287,696,643,53,591,466,125,06,085,503305
06085503306,"Census Tract 5033.06, Santa Clara County, California",992,98,78,49,29,20,14,6,894,367,303,64,527,368,159,06,085,503306
06085503504,"Census Tract 5035.04, Santa Clara County, California",1564,119,50,15,35,69,47,22,1445,642,444,198,803,505,298,06,085,503504
06085504315,"Census Tract 5043.15, Santa Clara County, California",1597,28,28,0,28,0,0,0,1569,800,599,201,769,554,215,06,085,504315
06085504319,"Census Tract 5043.19, Santa Clara County, California",1657,87,87,66,21,0,0,0,1570,887,704,183,683,478,205,06,085,504319
06015000202,"Census Tract 2.02, Del Norte County, California",591,36,35,23,12,1,1,0,555,328,292,36,227,132,95,06,015,000202
06015000102,"Census Tract 1.02, Del Norte County, California",589,48,48,46,2,0,0,0,541,284,204,80,257,74,183,06,015,000102
06011000300,"Census Tract 3, Colusa County, California",1375,93,51,51,0,42,22,20,1282,715,486,229,567,325,242,06,011,000300
06011000100,"Census Tract 1, Colusa County, California",1177,70,55,23,32,15,0,15,1107,638,451,187,469,289,180,06,011,000100
06111001302,"Census Tract 13.02, Ventura County, California",417,23,23,0,23,0,0,0,394,168,79,89,226,141,85,06,111,001302
06111001402,"Census Tract 14.02, Ventura County, California",1078,86,71,31,40,15,0,15,992,467,413,54,525,339,186,06,111,001402
06111001503,"Census Tract 15.03, Ventura County, California",1196,35,35,23,12,0,0,0,1161,538,428,110,623,443,180,06,111,001503
06111005907,"Census Tract 59.07, Ventura County, California",450,25,25,13,12,0,0,0,425,225,175,50,200,152,48,06,111,005907
06111006100,"Census Tract 61, Ventura County, California",2159,249,134,23,111,115,115,0,1910,1171,747,424,739,576,163,06,111,006100
06111006302,"Census Tract 63.02, Ventura County, California",1290,32,32,0,32,0,0,0,1258,256,211,45,1002,632,370,06,111,006302
06111007300,"Census Tract 73, Ventura County, California",394,0,0,0,0,0,0,0,394,197,94,103,197,171,26,06,111,007300
06111007402,"Census Tract 74.02, Ventura County, California",857,41,22,22,0,19,19,0,816,447,348,99,369,238,131,06,111,007402
06111007507,"Census Tract 75.07, Ventura County, California",1277,42,42,21,21,0,0,0,1235,651,434,217,584,424,160,06,111,007507
06111008302,"Census Tract 83.02, Ventura County, California",1311,120,120,75,45,0,0,0,1191,532,458,74,659,512,147,06,111,008302
06111008402,"Census Tract 84.02, Ventura County, California",1225,56,36,20,16,20,9,11,1169,537,389,148,632,383,249,06,111,008402
06111001101,"Census Tract 11.01, Ventura County, California",932,75,41,26,15,34,20,14,857,461,354,107,396,337,59,06,111,001101
06111001401,"Census Tract 14.01, Ventura County, California",767,24,24,12,12,0,0,0,743,358,261,97,385,254,131,06,111,001401
06081605700,"Census Tract 6057, San Mateo County, California",1117,29,29,18,11,0,0,0,1088,561,314,247,527,228,299,06,081,605700
06071004202,"Census Tract 42.02, San Bernardino County, California",1317,83,47,22,25,36,12,24,1234,589,234,355,645,384,261,06,071,004202
06071004401,"Census Tract 44.01, San Bernardino County, California",1048,79,49,40,9,30,30,0,969,423,247,176,546,459,87,06,071,004401
06071006302,"Census Tract 63.02, San Bernardino County, California",2603,123,47,32,15,76,43,33,2480,972,629,343,1508,914,594,06,071,006302
06071007404,"Census Tract 74.04, San Bernardino County, California",954,64,58,30,28,6,6,0,890,270,238,32,620,422,198,06,071,007404
06071007901,"Census Tract 79.01, San Bernardino County, California",1482,26,26,26,0,0,0,0,1456,782,650,132,674,423,251,06,071,007901
06071008301,"Census Tract 83.01, San Bernardino County, California",1519,78,78,37,41,0,0,0,1441,555,373,182,886,374,512,06,071,008301
06071008302,"Census Tract 83.02, San Bernardino County, California",693,22,22,0,22,0,0,0,671,399,306,93,272,236,36,06,071,008302
06071000105,"Census Tract 1.05, San Bernardino County, California",1611,84,55,9,46,29,7,22,1527,765,529,236,762,547,215,06,071,000105
06071000107,"Census Tract 1.07, San Bernardino County, California",696,18,13,7,6,5,0,5,678,306,244,62,372,249,123,06,071,000107
06071000201,"Census Tract 2.01, San Bernardino County, California",1436,20,10,10,0,10,10,0,1416,573,422,151,843,589,254,06,071,000201
06071002601,"Census Tract 26.01, San Bernardino County, California",2189,80,60,9,51,20,0,20,2109,1109,853,256,1000,628,372,06,071,002601
06071003000,"Census Tract 30, San Bernardino County, California",842,23,23,0,23,0,0,0,819,254,134,120,565,389,176,06,071,003000
06071008704,"Census Tract 87.04, San Bernardino County, California",1883,163,86,11,75,77,56,21,1720,806,432,374,914,635,279,06,071,008704
06089011100,"Census Tract 111, Shasta County, California",628,27,27,18,9,0,0,0,601,326,274,52,275,226,49,06,089,011100
06089012200,"Census Tract 122, Shasta County, California",1411,186,63,63,0,123,16,107,1225,624,494,130,601,421,180,06,089,012200
06089012601,"Census Tract 126.01, Shasta County, California",695,64,13,4,9,51,51,0,631,375,222,153,256,141,115,06,089,012601
06089010806,"Census Tract 108.06, Shasta County, California",600,38,32,32,0,6,6,0,562,229,200,29,333,243,90,06,089,010806
06089011001,"Census Tract 110.01, Shasta County, California",353,6,6,6,0,0,0,0,347,166,135,31,181,89,92,06,089,011001
06089011002,"Census Tract 110.02, Shasta County, California",794,42,0,0,0,42,0,42,752,337,220,117,415,167,248,06,089,011002
06089011209,"Census Tract 112.09, Shasta County, California",1521,100,88,30,58,12,12,0,1421,546,394,152,875,595,280,06,089,011209
06089011401,"Census Tract 114.01, Shasta County, California",870,39,39,1,38,0,0,0,831,450,268,182,381,266,115,06,089,011401
06111005004,"Census Tract 50.04, Ventura County, California",2711,147,111,63,48,36,36,0,2564,993,877,116,1571,1399,172,06,111,005004
06065045121,"Census Tract 451.21, Riverside County, California",826,88,15,0,15,73,71,2,738,272,199,73,466,271,195,06,065,045121
06065045122,"Census Tract 451.22, Riverside County, California",82,0,0,0,0,0,0,0,82,68,45,23,14,14,0,06,065,045122
06065045123,"Census Tract 451.23, Riverside County, California",248,0,0,0,0,0,0,0,248,153,117,36,95,64,31,06,065,045123
06065045124,"Census Tract 451.24, Riverside County, California",498,0,0,0,0,0,0,0,498,330,188,142,168,89,79,06,065,045124
06065045125,"Census Tract 451.25, Riverside County, California",428,28,0,0,0,28,0,28,400,236,120,116,164,157,7,06,065,045125
06065045212,"Census Tract 452.12, Riverside County, California",370,9,9,0,9,0,0,0,361,142,109,33,219,170,49,06,065,045212
06065045213,"Census Tract 452.13, Riverside County, California",1619,62,62,9,53,0,0,0,1557,608,457,151,949,682,267,06,065,045213
06065045214,"Census Tract 452.14, Riverside County, California",992,77,38,38,0,39,0,39,915,517,311,206,398,255,143,06,065,045214
06065045215,"Census Tract 452.15, Riverside County, California",2168,53,53,53,0,0,0,0,2115,1126,872,254,989,768,221,06,065,045215
06065045216,"Census Tract 452.16, Riverside County, California",131,16,16,16,0,0,0,0,115,59,30,29,56,49,7,06,065,045216
06065045217,"Census Tract 452.17, Riverside County, California",2308,110,57,16,41,53,53,0,2198,1057,748,309,1141,863,278,06,065,045217
06065045222,"Census Tract 452.22, Riverside County, California",395,24,24,24,0,0,0,0,371,247,167,80,124,82,42,06,065,045222
06065045224,"Census Tract 452.24, Riverside County, California",1265,98,17,17,0,81,81,0,1167,547,338,209,620,464,156,06,065,045224
06065045226,"Census Tract 452.26, Riverside County, California",2109,88,45,28,17,43,43,0,2021,1081,884,197,940,720,220,06,065,045226
06065045228,"Census Tract 452.28, Riverside County, California",1076,54,54,54,0,0,0,0,1022,556,408,148,466,360,106,06,065,045228
06065045233,"Census Tract 452.33, Riverside County, California",1254,47,37,0,37,10,0,10,1207,470,306,164,737,647,90,06,065,045233
06065045304,"Census Tract 453.04, Riverside County, California",2723,67,51,40,11,16,16,0,2656,1424,1068,356,1232,776,456,06,065,045304
06065045303,"Census Tract 453.03, Riverside County, California",637,61,19,19,0,42,42,0,576,180,119,61,396,296,100,06,065,045303
06065045606,"Census Tract 456.06, Riverside County, California",392,12,0,0,0,12,12,0,380,156,147,9,224,190,34,06,065,045606
06065045608,"Census Tract 456.08, Riverside County, California",190,0,0,0,0,0,0,0,190,103,76,27,87,87,0,06,065,045608
06065045609,"Census Tract 456.09, Riverside County, California",878,53,53,53,0,0,0,0,825,384,246,138,441,336,105,06,065,045609
06065045707,"Census Tract 457.07, Riverside County, California",1769,47,47,47,0,0,0,0,1722,800,557,243,922,769,153,06,065,045707
06065046500,"Census Tract 465, Riverside County, California",4051,45,21,14,7,24,10,14,4006,322,165,157,3684,1384,2300,06,065,046500
06065046601,"Census Tract 466.01, Riverside County, California",167,16,16,4,12,0,0,0,151,71,52,19,80,44,36,06,065,046601
06065046602,"Census Tract 466.02, Riverside County, California",901,19,19,9,10,0,0,0,882,364,278,86,518,284,234,06,065,046602
06065046700,"Census Tract 467, Riverside County, California",992,154,95,15,80,59,28,31,838,413,278,135,425,246,179,06,065,046700
06037183402,"Census Tract 1834.02, Los Angeles County, California",744,29,20,20,0,9,9,0,715,213,161,52,502,395,107,06,037,183402
06037183701,"Census Tract 1837.01, Los Angeles County, California",1186,39,26,26,0,13,0,13,1147,299,270,29,848,633,215,06,037,183701
06037183702,"Census Tract 1837.02, Los Angeles County, California",767,30,30,0,30,0,0,0,737,276,235,41,461,412,49,06,037,183702
06037185203,"Census Tract 1852.03, Los Angeles County, California",947,57,57,27,30,0,0,0,890,364,233,131,526,391,135,06,037,185203
06037185204,"Census Tract 1852.04, Los Angeles County, California",416,0,0,0,0,0,0,0,416,217,196,21,199,172,27,06,037,185204
06037186201,"Census Tract 1862.01, Los Angeles County, California",1081,90,41,41,0,49,49,0,991,200,125,75,791,675,116,06,037,186201
06037186202,"Census Tract 1862.02, Los Angeles County, California",478,41,6,6,0,35,35,0,437,215,170,45,222,167,55,06,037,186202
06037186203,"Census Tract 1862.03, Los Angeles County, California",886,27,27,13,14,0,0,0,859,309,255,54,550,526,24,06,037,186203
06037186301,"Census Tract 1863.01, Los Angeles County, California",819,55,27,22,5,28,28,0,764,180,132,48,584,430,154,06,037,186301
06037186302,"Census Tract 1863.02, Los Angeles County, California",1272,48,32,32,0,16,8,8,1224,619,535,84,605,508,97,06,037,186302
06037186403,"Census Tract 1864.03, Los Angeles County, California",614,25,6,6,0,19,19,0,589,230,148,82,359,238,121,06,037,186403
06037186404,"Census Tract 1864.04, Los Angeles County, California",737,29,10,10,0,19,19,0,708,238,183,55,470,390,80,06,037,186404
06037187101,"Census Tract 1871.01, Los Angeles County, California",863,23,23,14,9,0,0,0,840,261,198,63,579,459,120,06,037,187101
06037187102,"Census Tract 1871.02, Los Angeles County, California",1106,49,49,49,0,0,0,0,1057,408,342,66,649,517,132,06,037,187102
06037188201,"Census Tract 1882.01, Los Angeles County, California",1046,20,20,14,6,0,0,0,1026,256,218,38,770,741,29,06,037,188201
06037188202,"Census Tract 1882.02, Los Angeles County, California",626,15,15,15,0,0,0,0,611,232,200,32,379,331,48,06,037,188202
06037189101,"Census Tract 1891.01, Los Angeles County, California",804,60,36,36,0,24,24,0,744,209,160,49,535,474,61,06,037,189101
06037123205,"Census Tract 1232.05, Los Angeles County, California",610,13,6,0,6,7,7,0,597,235,80,155,362,229,133,06,037,123205
06037238310,"Census Tract 2383.10, Los Angeles County, California",1400,98,17,0,17,81,44,37,1302,279,187,92,1023,425,598,06,037,238310
06037240010,"Census Tract 2400.10, Los Angeles County, California",1093,19,11,0,11,8,8,0,1074,283,148,135,791,434,357,06,037,240010
06037240600,"Census Tract 2406, Los Angeles County, California",1714,146,72,9,63,74,21,53,1568,510,376,134,1058,778,280,06,037,240600
06037240700,"Census Tract 2407, Los Angeles County, California",1754,87,25,25,0,62,62,0,1667,510,296,214,1157,719,438,06,037,240700
06037242100,"Census Tract 2421, Los Angeles County, California",855,24,24,9,15,0,0,0,831,135,47,88,696,377,319,06,037,242100
06037603703,"Census Tract 6037.03, Los Angeles County, California",631,28,28,0,28,0,0,0,603,252,229,23,351,237,114,06,037,603703
06037620501,"Census Tract 6205.01, Los Angeles County, California",1433,65,65,65,0,0,0,0,1368,890,783,107,478,294,184,06,037,620501
06037620601,"Census Tract 6206.01, Los Angeles County, California",965,48,48,15,33,0,0,0,917,613,436,177,304,233,71,06,037,620601
06037620800,"Census Tract 6208, Los Angeles County, California",1445,176,176,102,74,0,0,0,1269,578,331,247,691,502,189,06,037,620800
06037621001,"Census Tract 6210.01, Los Angeles County, California",972,92,92,54,38,0,0,0,880,508,375,133,372,324,48,06,037,621001
06037621201,"Census Tract 6212.01, Los Angeles County, California",1283,98,60,60,0,38,38,0,1185,658,545,113,527,437,90,06,037,621201
06037651101,"Census Tract 6511.01, Los Angeles County, California",1060,44,44,19,25,0,0,0,1016,635,373,262,381,316,65,06,037,651101
06037670003,"Census Tract 6700.03, Los Angeles County, California",1453,136,131,73,58,5,5,0,1317,501,384,117,816,605,211,06,037,670003
06037670201,"Census Tract 6702.01, Los Angeles County, California",728,18,18,18,0,0,0,0,710,386,274,112,324,126,198,06,037,670201
06037670407,"Census Tract 6704.07, Los Angeles County, California",1450,80,80,59,21,0,0,0,1370,827,528,299,543,202,341,06,037,670407
06037670702,"Census Tract 6707.02, Los Angeles County, California",937,48,48,13,35,0,0,0,889,612,434,178,277,158,119,06,037,670702
06037700600,"Census Tract 7006, Los Angeles County, California",922,39,39,7,32,0,0,0,883,458,287,171,425,168,257,06,037,700600
06037700902,"Census Tract 7009.02, Los Angeles County, California",2272,38,38,0,38,0,0,0,2234,923,809,114,1311,777,534,06,037,700902
06037701601,"Census Tract 7016.01, Los Angeles County, California",903,46,46,36,10,0,0,0,857,410,284,126,447,415,32,06,037,701601
06037502500,"Census Tract 5025, Los Angeles County, California",839,48,34,22,12,14,5,9,791,304,223,81,487,367,120,06,037,502500
06037502601,"Census Tract 5026.01, Los Angeles County, California",1802,0,0,0,0,0,0,0,1802,681,530,151,1121,845,276,06,037,502601
06037502602,"Census Tract 5026.02, Los Angeles County, California",1146,16,16,16,0,0,0,0,1130,390,311,79,740,489,251,06,037,502602
06037502902,"Census Tract 5029.02, Los Angeles County, California",1091,31,25,16,9,6,6,0,1060,508,218,290,552,275,277,06,037,502902
06037503402,"Census Tract 5034.02, Los Angeles County, California",1045,7,0,0,0,7,7,0,1038,470,423,47,568,419,149,06,037,503402
06037503701,"Census Tract 5037.01, Los Angeles County, California",1181,32,32,23,9,0,0,0,1149,538,382,156,611,393,218,06,037,503701
06037503802,"Census Tract 5038.02, Los Angeles County, California",999,42,42,32,10,0,0,0,957,563,360,203,394,258,136,06,037,503802
06037530101,"Census Tract 5301.01, Los Angeles County, California",1244,97,35,14,21,62,40,22,1147,329,249,80,818,569,249,06,037,530101
06037530500,"Census Tract 5305, Los Angeles County, California",1003,4,4,4,0,0,0,0,999,385,223,162,614,432,182,06,037,530500
06037310300,"Census Tract 3103, Los Angeles County, California",523,7,7,7,0,0,0,0,516,302,252,50,214,127,87,06,037,310300
06037400206,"Census Tract 4002.06, Los Angeles County, California",1186,74,11,11,0,63,0,63,1112,574,406,168,538,413,125,06,037,400206
06001432502,"Census Tract 4325.02, Alameda County, California",1371,57,27,15,12,30,30,0,1314,590,324,266,724,547,177,06,001,432502
06001433103,"Census Tract 4331.03, Alameda County, California",1197,92,77,51,26,15,15,0,1105,427,354,73,678,480,198,06,001,433103
06001433104,"Census Tract 4331.04, Alameda County, California",1000,80,47,37,10,33,0,33,920,345,261,84,575,434,141,06,001,433104
06001435103,"Census Tract 4351.03, Alameda County, California",1767,38,38,38,0,0,0,0,1729,853,804,49,876,617,259,06,001,435103
06001435104,"Census Tract 4351.04, Alameda County, California",1644,180,102,54,48,78,47,31,1464,623,488,135,841,621,220,06,001,435104
06001435601,"Census Tract 4356.01, Alameda County, California",1647,112,105,63,42,7,7,0,1535,674,425,249,861,618,243,06,001,435601
06001435602,"Census Tract 4356.02, Alameda County, California",1174,69,47,39,8,22,22,0,1105,545,410,135,560,352,208,06,001,435602
06001437101,"Census Tract 4371.01, Alameda County, California",1817,44,44,37,7,0,0,0,1773,777,622,155,996,763,233,06,001,437101
06001437102,"Census Tract 4371.02, Alameda County, California",1319,45,35,26,9,10,10,0,1274,643,457,186,631,450,181,06,001,437102
06001437701,"Census Tract 4377.01, Alameda County, California",985,40,32,12,20,8,8,0,945,389,250,139,556,334,222,06,001,437701
06001437702,"Census Tract 4377.02, Alameda County, California",1422,154,130,48,82,24,24,0,1268,419,244,175,849,581,268,06,001,437702
06001438203,"Census Tract 4382.03, Alameda County, California",943,43,16,12,4,27,27,0,900,321,122,199,579,421,158,06,001,438203
06107002009,"Census Tract 20.09, Tulare County, California",706,15,0,0,0,15,15,0,691,316,271,45,375,331,44,06,107,002009
06077002504,"Census Tract 25.04, San Joaquin County, California",1058,113,32,32,0,81,47,34,945,404,306,98,541,345,196,06,077,002504
06077003216,"Census Tract 32.16, San Joaquin County, California",802,21,14,6,8,7,7,0,781,309,230,79,472,325,147,06,077,003216
06077003217,"Census Tract 32.17, San Joaquin County, California",1049,36,16,6,10,20,12,8,1013,282,214,68,731,447,284,06,077,003217
06077003312,"Census Tract 33.12, San Joaquin County, California",760,44,8,2,6,36,10,26,716,227,109,118,489,351,138,06,077,003312
06077003313,"Census Tract 33.13, San Joaquin County, California",733,79,33,9,24,46,32,14,654,210,115,95,444,312,132,06,077,003313
06077003409,"Census Tract 34.09, San Joaquin County, California",1053,34,12,0,12,22,22,0,1019,477,399,78,542,417,125,06,077,003409
06065043244,"Census Tract 432.44, Riverside County, California",2199,160,91,55,36,69,21,48,2039,1274,903,371,765,427,338,06,065,043244
06065043246,"Census Tract 432.46, Riverside County, California",1358,48,12,5,7,36,29,7,1310,698,381,317,612,323,289,06,065,043246
06065043247,"Census Tract 432.47, Riverside County, California",2882,164,144,35,109,20,20,0,2718,1732,1193,539,986,674,312,06,065,043247
06065043248,"Census Tract 432.48, Riverside County, California",1127,48,41,41,0,7,0,7,1079,542,434,108,537,307,230,06,065,043248
06065043252,"Census Tract 432.52, Riverside County, California",2513,131,46,0,46,85,85,0,2382,1352,1025,327,1030,527,503,06,065,043252
06065043250,"Census Tract 432.50, Riverside County, California",2725,102,102,45,57,0,0,0,2623,1278,833,445,1345,973,372,06,065,043250
06065043254,"Census Tract 432.54, Riverside County, California",1171,11,11,0,11,0,0,0,1160,606,448,158,554,333,221,06,065,043254
06065043256,"Census Tract 432.56, Riverside County, California",1082,43,23,9,14,20,20,0,1039,536,385,151,503,356,147,06,065,043256
06065043257,"Census Tract 432.57, Riverside County, California",2133,69,69,64,5,0,0,0,2064,1370,931,439,694,285,409,06,065,043257
06065043262,"Census Tract 432.62, Riverside County, California",1047,54,35,35,0,19,19,0,993,581,299,282,412,319,93,06,065,043262
06065043264,"Census Tract 432.64, Riverside County, California",1682,65,65,24,41,0,0,0,1617,1081,818,263,536,308,228,06,065,043264
06065043265,"Census Tract 432.65, Riverside County, California",1665,78,63,40,23,15,15,0,1587,1068,679,389,519,270,249,06,065,043265
06001441503,"Census Tract 4415.03, Alameda County, California",1787,125,125,99,26,0,0,0,1662,1312,810,502,350,248,102,06,001,441503
06001450605,"Census Tract 4506.05, Alameda County, California",845,22,22,22,0,0,0,0,823,509,348,161,314,230,84,06,001,450605
06001433400,"Census Tract 4334, Alameda County, California",1502,60,60,60,0,0,0,0,1442,671,492,179,771,643,128,06,001,433400
06001441200,"Census Tract 4412, Alameda County, California",1932,88,88,68,20,0,0,0,1844,919,743,176,925,785,140,06,001,441200
06001444400,"Census Tract 4444, Alameda County, California",1300,55,55,32,23,0,0,0,1245,666,486,180,579,323,256,06,001,444400
06001436200,"Census Tract 4362, Alameda County, California",1108,33,33,0,33,0,0,0,1075,509,307,202,566,360,206,06,001,436200
06001437900,"Census Tract 4379, Alameda County, California",680,28,5,5,0,23,0,23,652,309,210,99,343,252,91,06,001,437900
06001441700,"Census Tract 4417, Alameda County, California",1976,121,121,66,55,0,0,0,1855,1093,627,466,762,567,195,06,001,441700
06067006003,"Census Tract 60.03, Sacramento County, California",974,84,61,27,34,23,14,9,890,508,407,101,382,308,74,06,067,006003
06067006101,"Census Tract 61.01, Sacramento County, California",1181,34,34,34,0,0,0,0,1147,575,266,309,572,369,203,06,067,006101
06067006102,"Census Tract 61.02, Sacramento County, California",825,126,68,38,30,58,22,36,699,265,229,36,434,353,81,06,067,006102
06019004506,"Census Tract 45.06, Fresno County, California",550,45,45,45,0,0,0,0,505,226,193,33,279,200,79,06,019,004506
06019005000,"Census Tract 50, Fresno County, California",985,34,34,23,11,0,0,0,951,448,340,108,503,333,170,06,019,005000
06019005702,"Census Tract 57.02, Fresno County, California",1294,25,25,0,25,0,0,0,1269,587,448,139,682,524,158,06,019,005702
06019006403,"Census Tract 64.03, Fresno County, California",1093,49,49,31,18,0,0,0,1044,529,283,246,515,145,370,06,019,006403
06019007600,"Census Tract 76, Fresno County, California",1110,48,48,7,41,0,0,0,1062,339,121,218,723,324,399,06,019,007600
06019008000,"Census Tract 80, Fresno County, California",1336,75,24,0,24,51,30,21,1261,414,268,146,847,629,218,06,019,008000
06019008401,"Census Tract 84.01, Fresno County, California",2090,80,33,0,33,47,30,17,2010,738,466,272,1272,787,485,06,019,008401
06019004406,"Census Tract 44.06, Fresno County, California",1197,64,64,64,0,0,0,0,1133,615,419,196,518,459,59,06,019,004406
06019004701,"Census Tract 47.01, Fresno County, California",1750,91,0,0,0,91,58,33,1659,413,312,101,1246,905,341,06,019,004701
06019005202,"Census Tract 52.02, Fresno County, California",847,13,0,0,0,13,13,0,834,214,132,82,620,394,226,06,019,005202
06019005304,"Census Tract 53.04, Fresno County, California",2071,110,61,31,30,49,49,0,1961,426,293,133,1535,1102,433,06,019,005304
06019005305,"Census Tract 53.05, Fresno County, California",829,51,34,0,34,17,10,7,778,244,110,134,534,413,121,06,019,005305
06059052428,"Census Tract 524.28, Orange County, California",1608,44,44,29,15,0,0,0,1564,903,643,260,661,490,171,06,059,052428
06059052514,"Census Tract 525.14, Orange County, California",1280,85,85,21,64,0,0,0,1195,562,384,178,633,436,197,06,059,052514
06059099306,"Census Tract 993.06, Orange County, California",1716,77,77,58,19,0,0,0,1639,813,608,205,826,689,137,06,059,099306
06059099402,"Census Tract 994.02, Orange County, California",1832,161,59,0,59,102,50,52,1671,918,618,300,753,429,324,06,059,099402
06037550400,"Census Tract 5504, Los Angeles County, California",289,5,5,0,5,0,0,0,284,91,43,48,193,158,35,06,037,550400
06037554101,"Census Tract 5541.01, Los Angeles County, California",952,8,0,0,0,8,8,0,944,427,218,209,517,372,145,06,037,554101
06037554512,"Census Tract 5545.12, Los Angeles County, California",1208,69,58,36,22,11,0,11,1139,536,425,111,603,343,260,06,037,554512
06037554513,"Census Tract 5545.13, Los Angeles County, California",568,51,39,12,27,12,6,6,517,294,202,92,223,153,70,06,037,554513
06037554801,"Census Tract 5548.01, Los Angeles County, California",783,23,13,13,0,10,10,0,760,320,198,122,440,279,161,06,037,554801
06037554802,"Census Tract 5548.02, Los Angeles County, California",1390,9,0,0,0,9,9,0,1381,685,404,281,696,473,223,06,037,554802
06037800504,"Census Tract 8005.04, Los Angeles County, California",438,0,0,0,0,0,0,0,438,151,98,53,287,232,55,06,037,800504
06037800506,"Census Tract 8005.06, Los Angeles County, California",537,14,14,14,0,0,0,0,523,286,170,116,237,107,130,06,037,800506
06037900103,"Census Tract 9001.03, Los Angeles County, California",1391,14,7,0,7,7,7,0,1377,497,167,330,880,483,397,06,037,900103
06037900104,"Census Tract 9001.04, Los Angeles County, California",1291,111,61,12,49,50,0,50,1180,607,290,317,573,199,374,06,037,900104
06037900201,"Census Tract 9002.01, Los Angeles County, California",198,21,11,11,0,10,0,10,177,102,17,85,75,57,18,06,037,900201
06037900505,"Census Tract 9005.05, Los Angeles County, California",926,41,31,0,31,10,10,0,885,298,116,182,587,314,273,06,037,900505
06037900506,"Census Tract 9005.06, Los Angeles County, California",1043,40,6,6,0,34,15,19,1003,335,165,170,668,240,428,06,037,900506
06037900507,"Census Tract 9005.07, Los Angeles County, California",1691,58,18,7,11,40,0,40,1633,610,378,232,1023,492,531,06,037,900507
06037900508,"Census Tract 9005.08, Los Angeles County, California",1013,55,40,21,19,15,15,0,958,324,174,150,634,205,429,06,037,900508
06037900608,"Census Tract 9006.08, Los Angeles County, California",860,6,6,0,6,0,0,0,854,311,189,122,543,151,392,06,037,900608
06037901008,"Census Tract 9010.08, Los Angeles County, California",609,21,21,16,5,0,0,0,588,253,132,121,335,261,74,06,037,901008
06037900609,"Census Tract 9006.09, Los Angeles County, California",1524,60,24,22,2,36,0,36,1464,545,394,151,919,332,587,06,037,900609
06037901009,"Census Tract 9010.09, Los Angeles County, California",1246,43,30,0,30,13,11,2,1203,351,213,138,852,606,246,06,037,901009
06027000800,"Census Tract 8, Inyo County, California",528,82,82,82,0,0,0,0,446,124,107,17,322,234,88,06,027,000800
06029003205,"Census Tract 32.05, Kern County, California",2577,72,50,25,25,22,8,14,2505,1311,907,404,1194,752,442,06,029,003205
06029004603,"Census Tract 46.03, Kern County, California",4,0,0,0,0,0,0,0,4,0,0,0,4,0,4,06,029,004603
06029003206,"Census Tract 32.06, Kern County, California",5328,340,280,221,59,60,53,7,4988,2799,1904,895,2189,1350,839,06,029,003206
06029003306,"Census Tract 33.06, Kern County, California",848,67,67,67,0,0,0,0,781,292,262,30,489,425,64,06,029,003306
06029003305,"Census Tract 33.05, Kern County, California",718,17,17,17,0,0,0,0,701,385,203,182,316,224,92,06,029,003305
06029004604,"Census Tract 46.04, Kern County, California",3191,210,140,0,140,70,39,31,2981,1645,1337,308,1336,901,435,06,029,004604
06029004701,"Census Tract 47.01, Kern County, California",2634,205,62,29,33,143,65,78,2429,1197,704,493,1232,604,628,06,029,004701
06029004702,"Census Tract 47.02, Kern County, California",882,56,37,20,17,19,9,10,826,427,316,111,399,301,98,06,029,004702
06029005003,"Census Tract 50.03, Kern County, California",1002,104,64,27,37,40,40,0,898,442,350,92,456,299,157,06,029,005003
06029005004,"Census Tract 50.04, Kern County, California",1693,107,98,0,98,9,9,0,1586,684,442,242,902,493,409,06,029,005004
06029005203,"Census Tract 52.03, Kern County, California",694,105,11,11,0,94,94,0,589,228,117,111,361,175,186,06,029,005203
06029005204,"Census Tract 52.04, Kern County, California",938,24,2,2,0,22,19,3,914,364,250,114,550,301,249,06,029,005204
06029005507,"Census Tract 55.07, Kern County, California",1651,92,36,16,20,56,56,0,1559,549,350,199,1010,581,429,06,029,005507
06029005508,"Census Tract 55.08, Kern County, California",864,93,29,0,29,64,39,25,771,313,170,143,458,275,183,06,029,005508
06029005801,"Census Tract 58.01, Kern County, California",1570,64,64,31,33,0,0,0,1506,879,580,299,627,454,173,06,029,005801
06029005802,"Census Tract 58.02, Kern County, California",1855,18,0,0,0,18,0,18,1837,864,318,546,973,612,361,06,029,005802
06037620904,"Census Tract 6209.04, Los Angeles County, California",644,0,0,0,0,0,0,0,644,297,195,102,347,289,58,06,037,620904
06037621004,"Census Tract 6210.04, Los Angeles County, California",1018,0,0,0,0,0,0,0,1018,443,364,79,575,501,74,06,037,621004
06037621104,"Census Tract 6211.04, Los Angeles County, California",2016,102,42,27,15,60,60,0,1914,672,565,107,1242,1152,90,06,037,621104
06037621204,"Census Tract 6212.04, Los Angeles County, California",775,35,25,25,0,10,10,0,740,325,280,45,415,380,35,06,037,621204
06037621324,"Census Tract 6213.24, Los Angeles County, California",906,38,24,13,11,14,14,0,868,413,359,54,455,403,52,06,037,621324
06037621326,"Census Tract 6213.26, Los Angeles County, California",728,5,5,5,0,0,0,0,723,281,220,61,442,414,28,06,037,621326
06037650003,"Census Tract 6500.03, Los Angeles County, California",875,38,30,5,25,8,8,0,837,356,314,42,481,413,68,06,037,650003
06037650004,"Census Tract 6500.04, Los Angeles County, California",996,39,39,39,0,0,0,0,957,402,262,140,555,472,83,06,037,650004
06103000700,"Census Tract 7, Tehama County, California",1819,214,60,15,45,154,88,66,1605,692,397,295,913,473,440,06,103,000700
06001427300,"Census Tract 4273, Alameda County, California",1232,61,49,32,17,12,0,12,1171,571,410,161,600,401,199,06,001,427300
06001427600,"Census Tract 4276, Alameda County, California",1413,84,55,26,29,29,29,0,1329,623,394,229,706,500,206,06,001,427600
06001427900,"Census Tract 4279, Alameda County, California",1360,123,123,80,43,0,0,0,1237,459,379,80,778,593,185,06,001,427900
06001428302,"Census Tract 4283.02, Alameda County, California",1276,49,49,32,17,0,0,0,1227,738,627,111,489,422,67,06,001,428302
06001428600,"Census Tract 4286, Alameda County, California",853,26,3,3,0,23,23,0,827,337,257,80,490,389,101,06,001,428600
06001430800,"Census Tract 4308, Alameda County, California",1220,96,57,57,0,39,0,39,1124,462,362,100,662,509,153,06,001,430800
06001433600,"Census Tract 4336, Alameda County, California",1282,20,0,0,0,20,20,0,1262,450,399,51,812,559,253,06,001,433600
06001437400,"Census Tract 4374, Alameda County, California",708,88,88,38,50,0,0,0,620,286,216,70,334,221,113,06,001,437400
06001438201,"Census Tract 4382.01, Alameda County, California",1210,21,20,20,0,1,0,1,1189,574,437,137,615,460,155,06,001,438201
06055201700,"Census Tract 2017, Napa County, California",1489,12,12,6,6,0,0,0,1477,490,407,83,987,547,440,06,055,201700
06055200703,"Census Tract 2007.03, Napa County, California",440,0,0,0,0,0,0,0,440,260,228,32,180,149,31,06,055,200703
06055200802,"Census Tract 2008.02, Napa County, California",1295,6,0,0,0,6,6,0,1289,700,620,80,589,471,118,06,055,200802
06055200201,"Census Tract 2002.01, Napa County, California",856,15,15,15,0,0,0,0,841,316,225,91,525,474,51,06,055,200201
06055201800,"Census Tract 2018, Napa County, California",300,5,3,3,0,2,2,0,295,162,148,14,133,106,27,06,055,201800
06055201900,"Census Tract 2019, Napa County, California",198,14,14,2,12,0,0,0,184,73,54,19,111,91,20,06,055,201900
06001423000,"Census Tract 4230, Alameda County, California",1328,50,50,28,22,0,0,0,1278,459,338,121,819,644,175,06,001,423000
06001428100,"Census Tract 4281, Alameda County, California",1241,53,53,53,0,0,0,0,1188,519,412,107,669,573,96,06,001,428100
06001428400,"Census Tract 4284, Alameda County, California",1380,48,48,32,16,0,0,0,1332,576,501,75,756,625,131,06,001,428400
06001430200,"Census Tract 4302, Alameda County, California",1389,16,16,0,16,0,0,0,1373,800,538,262,573,445,128,06,001,430200
06001432200,"Census Tract 4322, Alameda County, California",943,32,32,32,0,0,0,0,911,465,284,181,446,330,116,06,001,432200
06001432400,"Census Tract 4324, Alameda County, California",1605,71,0,0,0,71,71,0,1534,743,524,219,791,468,323,06,001,432400
06001433800,"Census Tract 4338, Alameda County, California",1789,15,15,15,0,0,0,0,1774,805,506,299,969,804,165,06,001,433800
06001434000,"Census Tract 4340, Alameda County, California",1525,45,34,22,12,11,6,5,1480,659,396,263,821,648,173,06,001,434000
06001435102,"Census Tract 4351.02, Alameda County, California",2076,21,21,8,13,0,0,0,2055,523,415,108,1532,832,700,06,001,435102
06001435500,"Census Tract 4355, Alameda County, California",989,0,0,0,0,0,0,0,989,418,261,157,571,397,174,06,001,435500
06001438000,"Census Tract 4380, Alameda County, California",1011,100,42,34,8,58,9,49,911,356,232,124,555,383,172,06,001,438000
06001440307,"Census Tract 4403.07, Alameda County, California",886,25,25,0,25,0,0,0,861,408,282,126,453,284,169,06,001,440307
06001441401,"Census Tract 4414.01, Alameda County, California",2038,93,93,11,82,0,0,0,1945,1189,721,468,756,514,242,06,001,441401
06001441601,"Census Tract 4416.01, Alameda County, California",1201,23,16,0,16,7,7,0,1178,711,477,234,467,347,120,06,001,441601
06055201500,"Census Tract 2015, Napa County, California",332,10,10,0,10,0,0,0,322,151,120,31,171,82,89,06,055,201500
06055202000,"Census Tract 2020, Napa County, California",968,0,0,0,0,0,0,0,968,397,267,130,571,309,262,06,055,202000
06055200203,"Census Tract 2002.03, Napa County, California",601,49,49,30,19,0,0,0,552,229,165,64,323,261,62,06,055,200203
06055201300,"Census Tract 2013, Napa County, California",292,15,15,15,0,0,0,0,277,137,103,34,140,109,31,06,055,201300
06055200501,"Census Tract 2005.01, Napa County, California",1370,118,86,45,41,32,32,0,1252,578,418,160,674,547,127,06,055,200501
06055200503,"Census Tract 2005.03, Napa County, California",486,13,13,6,7,0,0,0,473,172,121,51,301,247,54,06,055,200503
06053000103,"Census Tract 1.03, Monterey County, California",1009,83,57,29,28,26,26,0,926,465,238,227,461,282,179,06,053,000103
06053001400,"Census Tract 14, Monterey County, California",605,35,24,24,0,11,11,0,570,204,140,64,366,280,86,06,053,001400
06053001500,"Census Tract 15, Monterey County, California",1252,26,26,25,1,0,0,0,1226,480,385,95,746,442,304,06,053,001500
06053000102,"Census Tract 1.02, Monterey County, California",2128,34,24,0,24,10,0,10,2094,1003,573,430,1091,754,337,06,053,000102
06071008706,"Census Tract 87.06, San Bernardino County, California",3450,211,177,149,28,34,34,0,3239,1911,1068,843,1328,906,422,06,071,008706
06071009709,"Census Tract 97.09, San Bernardino County, California",1574,37,37,16,21,0,0,0,1537,575,404,171,962,576,386,06,071,009709
06041104101,"Census Tract 1041.01, Marin County, California",1553,46,46,30,16,0,0,0,1507,599,470,129,908,712,196,06,041,104101
06041124100,"Census Tract 1241, Marin County, California",1013,21,21,0,21,0,0,0,992,594,330,264,398,253,145,06,041,124100
06061021003,"Census Tract 210.03, Placer County, California",1513,133,55,14,41,78,0,78,1380,774,560,214,606,484,122,06,061,021003
06061021106,"Census Tract 211.06, Placer County, California",472,18,14,9,5,4,4,0,454,241,196,45,213,159,54,06,061,021106
06061021108,"Census Tract 211.08, Placer County, California",845,8,8,8,0,0,0,0,837,417,352,65,420,349,71,06,061,021108
06061020606,"Census Tract 206.06, Placer County, California",950,43,43,11,32,0,0,0,907,453,292,161,454,256,198,06,061,020606
06061021501,"Census Tract 215.01, Placer County, California",1379,115,94,44,50,21,17,4,1264,713,549,164,551,249,302,06,061,021501
06061021801,"Census Tract 218.01, Placer County, California",637,43,0,0,0,43,43,0,594,306,243,63,288,242,46,06,061,021801
06061021901,"Census Tract 219.01, Placer County, California",717,14,14,0,14,0,0,0,703,311,159,152,392,267,125,06,061,021901
06061021401,"Census Tract 214.01, Placer County, California",583,53,38,21,17,15,0,15,530,243,204,39,287,200,87,06,061,021401
06061021502,"Census Tract 215.02, Placer County, California",722,48,33,10,23,15,6,9,674,326,281,45,348,231,117,06,061,021502
06061021802,"Census Tract 218.02, Placer County, California",1201,156,65,28,37,91,20,71,1045,486,325,161,559,242,317,06,061,021802
06061020105,"Census Tract 201.05, Placer County, California",268,0,0,0,0,0,0,0,268,97,91,6,171,140,31,06,061,020105
06061020200,"Census Tract 202, Placer County, California",995,43,43,28,15,0,0,0,952,535,370,165,417,231,186,06,061,020200
06061020601,"Census Tract 206.01, Placer County, California",1156,0,0,0,0,0,0,0,1156,795,613,182,361,193,168,06,061,020601
06061020605,"Census Tract 206.05, Placer County, California",1387,0,0,0,0,0,0,0,1387,950,689,261,437,243,194,06,061,020605
06061021109,"Census Tract 211.09, Placer County, California",1489,11,11,0,11,0,0,0,1478,697,495,202,781,499,282,06,061,021109
06029003804,"Census Tract 38.04, Kern County, California",3980,288,209,125,84,79,0,79,3692,1765,1394,371,1927,1181,746,06,029,003804
06029002821,"Census Tract 28.21, Kern County, California",1064,30,0,0,0,30,24,6,1034,537,382,155,497,390,107,06,029,002821
06029000800,"Census Tract 8, Kern County, California",1031,106,45,10,35,61,49,12,925,361,250,111,564,441,123,06,029,000800
06029004101,"Census Tract 41.01, Kern County, California",1208,43,37,0,37,6,0,6,1165,575,254,321,590,282,308,06,029,004101
06029005600,"Census Tract 56, Kern County, California",450,13,13,0,13,0,0,0,437,155,83,72,282,131,151,06,029,005600
06029004102,"Census Tract 41.02, Kern County, California",1412,144,34,6,28,110,24,86,1268,551,302,249,717,319,398,06,029,004102
06029005201,"Census Tract 52.01, Kern County, California",813,8,8,8,0,0,0,0,805,251,137,114,554,325,229,06,029,005201
06029000300,"Census Tract 3, Kern County, California",1136,51,29,11,18,22,14,8,1085,302,235,67,783,444,339,06,029,000300
06029001902,"Census Tract 19.02, Kern County, California",1154,79,32,21,11,47,47,0,1075,342,264,78,733,517,216,06,029,001902
06067008113,"Census Tract 81.13, Sacramento County, California",911,79,30,8,22,49,31,18,832,421,281,140,411,363,48,06,067,008113
06059052526,"Census Tract 525.26, Orange County, California",1174,86,77,42,35,9,0,9,1088,499,345,154,589,424,165,06,059,052526
06059062612,"Census Tract 626.12, Orange County, California",2327,40,40,0,40,0,0,0,2287,944,694,250,1343,594,749,06,059,062612
06059062620,"Census Tract 626.20, Orange County, California",952,33,33,18,15,0,0,0,919,392,301,91,527,450,77,06,059,062620
06059062643,"Census Tract 626.43, Orange County, California",1298,34,34,19,15,0,0,0,1264,688,552,136,576,374,202,06,059,062643
06059062701,"Census Tract 627.01, Orange County, California",497,11,11,11,0,0,0,0,486,184,131,53,302,246,56,06,059,062701
06059063005,"Census Tract 630.05, Orange County, California",283,0,0,0,0,0,0,0,283,151,108,43,132,125,7,06,059,063005
06059063603,"Census Tract 636.03, Orange County, California",1550,21,21,0,21,0,0,0,1529,630,569,61,899,764,135,06,059,063603
06059063805,"Census Tract 638.05, Orange County, California",676,22,22,18,4,0,0,0,654,315,230,85,339,229,110,06,059,063805
06059063807,"Census Tract 638.07, Orange County, California",1411,53,11,11,0,42,42,0,1358,479,266,213,879,659,220,06,059,063807
06059063902,"Census Tract 639.02, Orange County, California",1893,71,71,54,17,0,0,0,1822,634,412,222,1188,986,202,06,059,063902
06059074003,"Census Tract 740.03, Orange County, California",1229,36,30,11,19,6,6,0,1193,444,299,145,749,563,186,06,059,074003
06059074110,"Census Tract 741.10, Orange County, California",958,21,21,18,3,0,0,0,937,373,194,179,564,294,270,06,059,074110
06037670202,"Census Tract 6702.02, Los Angeles County, California",480,6,6,0,6,0,0,0,474,282,196,86,192,105,87,06,037,670202
06037800101,"Census Tract 8001.01, Los Angeles County, California",1186,61,17,17,0,44,9,35,1125,589,378,211,536,366,170,06,037,800101
06037920111,"Census Tract 9201.11, Los Angeles County, California",726,11,11,11,0,0,0,0,715,329,254,75,386,334,52,06,037,920111
06037531000,"Census Tract 5310, Los Angeles County, California",1265,63,37,37,0,26,26,0,1202,511,324,187,691,482,209,06,037,531000
06037530004,"Census Tract 5300.04, Los Angeles County, California",903,24,13,13,0,11,0,11,879,466,287,179,413,250,163,06,037,530004
06037530301,"Census Tract 5303.01, Los Angeles County, California",494,20,9,9,0,11,11,0,474,232,162,70,242,171,71,06,037,530301
06037530901,"Census Tract 5309.01, Los Angeles County, California",1095,46,42,31,11,4,4,0,1049,395,247,148,654,418,236,06,037,530901
06037532001,"Census Tract 5320.01, Los Angeles County, California",575,45,23,9,14,22,0,22,530,264,154,110,266,174,92,06,037,532001
06037532500,"Census Tract 5325, Los Angeles County, California",1167,102,61,41,20,41,9,32,1065,410,250,160,655,482,173,06,037,532500
06037533403,"Census Tract 5334.03, Los Angeles County, California",744,33,0,0,0,33,22,11,711,284,179,105,427,318,109,06,037,533403
06037533501,"Census Tract 5335.01, Los Angeles County, California",869,42,42,10,32,0,0,0,827,260,173,87,567,421,146,06,037,533501
06073003004,"Census Tract 30.04, San Diego County, California",1392,73,35,23,12,38,30,8,1319,464,331,133,855,641,214,06,073,003004
06073003109,"Census Tract 31.09, San Diego County, California",753,34,30,5,25,4,4,0,719,292,249,43,427,295,132,06,073,003109
06073003112,"Census Tract 31.12, San Diego County, California",874,59,13,13,0,46,0,46,815,332,226,106,483,285,198,06,073,003112
06073003213,"Census Tract 32.13, San Diego County, California",962,16,0,0,0,16,0,16,946,418,318,100,528,360,168,06,073,003213
06073003601,"Census Tract 36.01, San Diego County, California",710,15,15,0,15,0,0,0,695,248,159,89,447,254,193,06,073,003601
06073003901,"Census Tract 39.01, San Diego County, California",1230,67,30,21,9,37,13,24,1163,501,313,188,662,442,220,06,073,003901
06073004501,"Census Tract 45.01, San Diego County, California",964,9,0,0,0,9,9,0,955,306,241,65,649,510,139,06,073,004501
06073004600,"Census Tract 46, San Diego County, California",610,35,35,16,19,0,0,0,575,105,61,44,470,427,43,06,073,004600
06013338203,"Census Tract 3382.03, Contra Costa County, California",1618,177,177,125,52,0,0,0,1441,579,332,247,862,773,89,06,013,338203
06013345111,"Census Tract 3451.11, Contra Costa County, California",1391,36,36,16,20,0,0,0,1355,913,529,384,442,328,114,06,013,345111
06013345112,"Census Tract 3451.12, Contra Costa County, California",1745,29,29,15,14,0,0,0,1716,956,462,494,760,558,202,06,013,345112
06013345113,"Census Tract 3451.13, Contra Costa County, California",828,41,28,17,11,13,13,0,787,553,308,245,234,189,45,06,013,345113
06013345114,"Census Tract 3451.14, Contra Costa County, California",1005,63,63,63,0,0,0,0,942,542,386,156,400,261,139,06,013,345114
06013338204,"Census Tract 3382.04, Contra Costa County, California",1905,110,110,85,25,0,0,0,1795,813,586,227,982,850,132,06,013,338204
06013339002,"Census Tract 3390.02, Contra Costa County, California",2044,46,46,46,0,0,0,0,1998,897,528,369,1101,1022,79,06,013,339002
06013339001,"Census Tract 3390.01, Contra Costa County, California",1346,74,52,52,0,22,0,22,1272,415,261,154,857,741,116,06,013,339001
06013345115,"Census Tract 3451.15, Contra Costa County, California",1383,42,32,23,9,10,10,0,1341,909,650,259,432,263,169,06,013,345115
06013345116,"Census Tract 3451.16, Contra Costa County, California",652,35,35,35,0,0,0,0,617,364,262,102,253,184,69,06,013,345116
06013345203,"Census Tract 3452.03, Contra Costa County, California",1456,61,61,37,24,0,0,0,1395,677,385,292,718,457,261,06,013,345203
06013345204,"Census Tract 3452.04, Contra Costa County, California",644,8,8,0,8,0,0,0,636,381,230,151,255,119,136,06,013,345204
06067007019,"Census Tract 70.19, Sacramento County, California",399,38,24,21,3,14,14,0,361,95,53,42,266,186,80,06,067,007019
06067007020,"Census Tract 70.20, Sacramento County, California",1075,65,18,18,0,47,47,0,1010,508,413,95,502,432,70,06,067,007020
06067007101,"Census Tract 71.01, Sacramento County, California",34,0,0,0,0,0,0,0,34,21,8,13,13,0,13,06,067,007101
06067007102,"Census Tract 71.02, Sacramento County, California",1742,47,47,47,0,0,0,0,1695,925,682,243,770,600,170,06,067,007102
06067007103,"Census Tract 71.03, Sacramento County, California",1291,91,91,72,19,0,0,0,1200,473,389,84,727,576,151,06,067,007103
06107002601,"Census Tract 26.01, Tulare County, California",994,145,81,41,40,64,38,26,849,426,224,202,423,167,256,06,107,002601
06107003802,"Census Tract 38.02, Tulare County, California",1051,25,25,0,25,0,0,0,1026,277,193,84,749,350,399,06,107,003802
06107003901,"Census Tract 39.01, Tulare County, California",1641,197,92,18,74,105,27,78,1444,638,362,276,806,318,488,06,107,003901
06107001602,"Census Tract 16.02, Tulare County, California",1421,52,50,28,22,2,2,0,1369,460,350,110,909,535,374,06,107,001602
06107004400,"Census Tract 44, Tulare County, California",1852,125,54,20,34,71,44,27,1727,866,544,322,861,326,535,06,107,004400
06107000302,"Census Tract 3.02, Tulare County, California",761,56,27,5,22,29,12,17,705,307,163,144,398,198,200,06,107,000302
06107003602,"Census Tract 36.02, Tulare County, California",1801,80,80,41,39,0,0,0,1721,759,536,223,962,568,394,06,107,003602
06107002302,"Census Tract 23.02, Tulare County, California",1126,48,23,23,0,25,8,17,1078,416,307,109,662,399,263,06,107,002302
06107001200,"Census Tract 12, Tulare County, California",280,10,6,0,6,4,4,0,270,67,47,20,203,142,61,06,107,001200
06107002500,"Census Tract 25, Tulare County, California",764,0,0,0,0,0,0,0,764,325,155,170,439,344,95,06,107,002500
06107003001,"Census Tract 30.01, Tulare County, California",1084,111,39,18,21,72,50,22,973,311,116,195,662,434,228,06,107,003001
06107000900,"Census Tract 9, Tulare County, California",2367,252,170,51,119,82,37,45,2115,1018,645,373,1097,445,652,06,107,000900
06107002006,"Census Tract 20.06, Tulare County, California",930,77,29,21,8,48,48,0,853,507,412,95,346,151,195,06,107,002006
06113010101,"Census Tract 101.01, Yolo County, California",1815,168,168,45,123,0,0,0,1647,596,423,173,1051,610,441,06,113,010101
06113010201,"Census Tract 102.01, Yolo County, California",990,65,44,34,10,21,0,21,925,335,220,115,590,496,94,06,113,010201
06113011400,"Census Tract 114, Yolo County, California",685,23,15,15,0,8,8,0,662,301,142,159,361,220,141,06,113,011400
06113010505,"Census Tract 105.05, Yolo County, California",791,16,16,0,16,0,0,0,775,533,349,184,242,207,35,06,113,010505
06113010510,"Census Tract 105.10, Yolo County, California",1594,0,0,0,0,0,0,0,1594,336,207,129,1258,675,583,06,113,010510
06113010703,"Census Tract 107.03, Yolo County, California",2297,31,31,16,15,0,0,0,2266,195,162,33,2071,957,1114,06,113,010703
06113010605,"Census Tract 106.05, Yolo County, California",809,47,47,32,15,0,0,0,762,339,215,124,423,181,242,06,113,010605
06113010902,"Census Tract 109.02, Yolo County, California",1444,71,31,31,0,40,40,0,1373,621,415,206,752,453,299,06,113,010902
06113011002,"Census Tract 110.02, Yolo County, California",747,10,10,0,10,0,0,0,737,346,346,0,391,252,139,06,113,011002
06113011203,"Census Tract 112.03, Yolo County, California",428,35,35,0,35,0,0,0,393,200,176,24,193,172,21,06,113,011203
06113010102,"Census Tract 101.02, Yolo County, California",1580,71,71,20,51,0,0,0,1509,571,451,120,938,809,129,06,113,010102
06113010501,"Census Tract 105.01, Yolo County, California",4627,30,30,24,6,0,0,0,4597,257,72,185,4340,1173,3167,06,113,010501
06113010701,"Census Tract 107.01, Yolo County, California",2065,13,12,0,12,1,1,0,2052,428,369,59,1624,950,674,06,113,010701
06113011206,"Census Tract 112.06, Yolo County, California",1985,205,199,173,26,6,0,6,1780,1047,803,244,733,458,275,06,113,011206
06113010203,"Census Tract 102.03, Yolo County, California",1294,95,18,18,0,77,0,77,1199,709,573,136,490,316,174,06,113,010203
06113010606,"Census Tract 106.06, Yolo County, California",2225,82,82,69,13,0,0,0,2143,872,779,93,1271,602,669,06,113,010606
06037553000,"Census Tract 5530, Los Angeles County, California",1294,70,20,10,10,50,50,0,1224,551,361,190,673,372,301,06,037,553000
06037553400,"Census Tract 5534, Los Angeles County, California",878,55,13,13,0,42,24,18,823,340,292,48,483,331,152,06,037,553400
06065045114,"Census Tract 451.14, Riverside County, California",164,1,0,0,0,1,0,1,163,54,24,30,109,58,51,06,065,045114
06065045115,"Census Tract 451.15, Riverside County, California",107,0,0,0,0,0,0,0,107,101,65,36,6,6,0,06,065,045115
06065045116,"Census Tract 451.16, Riverside County, California",338,0,0,0,0,0,0,0,338,108,84,24,230,192,38,06,065,045116
06065045117,"Census Tract 451.17, Riverside County, California",1050,0,0,0,0,0,0,0,1050,272,233,39,778,494,284,06,065,045117
06065045120,"Census Tract 451.20, Riverside County, California",1075,53,53,43,10,0,0,0,1022,575,353,222,447,359,88,06,065,045120
06065045118,"Census Tract 451.18, Riverside County, California",408,21,1,0,1,20,20,0,387,120,54,66,267,196,71,06,065,045118
06067007104,"Census Tract 71.04, Sacramento County, California",2085,35,35,35,0,0,0,0,2050,1291,1136,155,759,516,243,06,067,007104
06067007105,"Census Tract 71.05, Sacramento County, California",1784,113,113,78,35,0,0,0,1671,917,706,211,754,649,105,06,067,007105
06067007106,"Census Tract 71.06, Sacramento County, California",2392,77,59,59,0,18,18,0,2315,1133,896,237,1182,1037,145,06,067,007106
06067007107,"Census Tract 71.07, Sacramento County, California",962,87,60,46,14,27,21,6,875,452,362,90,423,350,73,06,067,007107
06067007426,"Census Tract 74.26, Sacramento County, California",592,14,14,14,0,0,0,0,578,246,161,85,332,231,101,06,067,007426
06083003001,"Census Tract 30.01, Santa Barbara County, California",1769,13,13,0,13,0,0,0,1756,529,500,29,1227,1006,221,06,083,003001
06083000502,"Census Tract 5.02, Santa Barbara County, California",1183,112,72,35,37,40,40,0,1071,621,483,138,450,283,167,06,083,000502
06083000501,"Census Tract 5.01, Santa Barbara County, California",718,10,10,0,10,0,0,0,708,327,234,93,381,253,128,06,083,000501
06083002011,"Census Tract 20.11, Santa Barbara County, California",1560,61,29,24,5,32,32,0,1499,867,521,346,632,383,249,06,083,002011
06083002102,"Census Tract 21.02, Santa Barbara County, California",479,5,5,1,4,0,0,0,474,213,193,20,261,147,114,06,083,002102
06083002205,"Census Tract 22.05, Santa Barbara County, California",1344,102,81,0,81,21,21,0,1242,588,418,170,654,465,189,06,083,002205
06083002305,"Census Tract 23.05, Santa Barbara County, California",1870,65,37,32,5,28,28,0,1805,704,449,255,1101,607,494,06,083,002305
06083003005,"Census Tract 30.05, Santa Barbara County, California",1096,33,33,20,13,0,0,0,1063,479,398,81,584,413,171,06,083,003005
06083000102,"Census Tract 1.02, Santa Barbara County, California",1163,87,87,45,42,0,0,0,1076,422,377,45,654,470,184,06,083,000102
06083000700,"Census Tract 7, Santa Barbara County, California",1672,27,27,14,13,0,0,0,1645,448,316,132,1197,673,524,06,083,000700
06083002210,"Census Tract 22.10, Santa Barbara County, California",1584,98,98,86,12,0,0,0,1486,689,554,135,797,570,227,06,083,002210
06083001101,"Census Tract 11.01, Santa Barbara County, California",1309,5,5,5,0,0,0,0,1304,547,357,190,757,612,145,06,083,001101
06083001102,"Census Tract 11.02, Santa Barbara County, California",1082,81,81,60,21,0,0,0,1001,320,191,129,681,475,206,06,083,001102
06083002304,"Census Tract 23.04, Santa Barbara County, California",1574,167,109,35,74,58,20,38,1407,654,473,181,753,492,261,06,083,002304
06037120103,"Census Tract 1201.03, Los Angeles County, California",924,50,36,30,6,14,5,9,874,310,139,171,564,387,177,06,037,120103
06037120104,"Census Tract 1201.04, Los Angeles County, California",581,35,31,11,20,4,4,0,546,241,180,61,305,221,84,06,037,120104
06037120105,"Census Tract 1201.05, Los Angeles County, California",569,5,5,0,5,0,0,0,564,260,128,132,304,200,104,06,037,120105
06037120106,"Census Tract 1201.06, Los Angeles County, California",1179,32,18,0,18,14,14,0,1147,478,232,246,669,480,189,06,037,120106
06037910713,"Census Tract 9107.13, Los Angeles County, California",1398,35,11,0,11,24,0,24,1363,602,323,279,761,580,181,06,037,910713
06037910714,"Census Tract 9107.14, Los Angeles County, California",969,68,61,32,29,7,7,0,901,358,138,220,543,364,179,06,037,910714
06037910715,"Census Tract 9107.15, Los Angeles County, California",1599,68,20,20,0,48,36,12,1531,493,322,171,1038,561,477,06,037,910715
06037910716,"Census Tract 9107.16, Los Angeles County, California",1315,98,54,29,25,44,35,9,1217,459,295,164,758,463,295,06,037,910716
06073018000,"Census Tract 180, San Diego County, California",808,106,65,24,41,41,41,0,702,233,187,46,469,441,28,06,073,018000
06073018200,"Census Tract 182, San Diego County, California",1504,71,15,0,15,56,13,43,1433,828,610,218,605,411,194,06,073,018200
06073018507,"Census Tract 185.07, San Diego County, California",2343,168,168,108,60,0,0,0,2175,971,699,272,1204,842,362,06,073,018507
06073003003,"Census Tract 30.03, San Diego County, California",1352,44,43,43,0,1,0,1,1308,488,324,164,820,630,190,06,073,003003
06073003105,"Census Tract 31.05, San Diego County, California",857,163,163,112,51,0,0,0,694,317,215,102,377,187,190,06,073,003105
06073003201,"Census Tract 32.01, San Diego County, California",1307,195,122,55,67,73,73,0,1112,769,543,226,343,204,139,06,073,003201
06073003209,"Census Tract 32.09, San Diego County, California",1676,39,17,0,17,22,22,0,1637,562,456,106,1075,666,409,06,073,003209
06073003301,"Census Tract 33.01, San Diego County, California",967,71,65,34,31,6,6,0,896,402,231,171,494,369,125,06,073,003301
06073003401,"Census Tract 34.01, San Diego County, California",1457,197,173,103,70,24,0,24,1260,515,414,101,745,511,234,06,073,003401
06073004200,"Census Tract 42, San Diego County, California",1518,50,50,50,0,0,0,0,1468,974,816,158,494,337,157,06,073,004200
06073004300,"Census Tract 43, San Diego County, California",1139,37,36,36,0,1,0,1,1102,368,321,47,734,668,66,06,073,004300
06073005600,"Census Tract 56, San Diego County, California",1086,0,0,0,0,0,0,0,1086,264,243,21,822,816,6,06,073,005600
06073008101,"Census Tract 81.01, San Diego County, California",1037,22,22,0,22,0,0,0,1015,376,316,60,639,539,100,06,073,008101
06073008313,"Census Tract 83.13, San Diego County, California",296,14,14,14,0,0,0,0,282,210,144,66,72,49,23,06,073,008313
06073008331,"Census Tract 83.31, San Diego County, California",441,47,47,6,41,0,0,0,394,248,187,61,146,90,56,06,073,008331
06073008343,"Census Tract 83.43, San Diego County, California",1578,82,82,44,38,0,0,0,1496,335,256,79,1161,726,435,06,073,008343
06037134905,"Census Tract 1349.05, Los Angeles County, California",1556,41,41,32,9,0,0,0,1515,497,398,99,1018,971,47,06,037,134905
06037135113,"Census Tract 1351.13, Los Angeles County, California",957,25,25,8,17,0,0,0,932,417,335,82,515,432,83,06,037,135113
06037135114,"Census Tract 1351.14, Los Angeles County, California",1532,61,61,37,24,0,0,0,1471,537,385,152,934,487,447,06,037,135114
06037137103,"Census Tract 1371.03, Los Angeles County, California",1269,146,146,146,0,0,0,0,1123,404,331,73,719,549,170,06,037,137103
06037139001,"Census Tract 1390.01, Los Angeles County, California",1163,0,0,0,0,0,0,0,1163,802,554,248,361,278,83,06,037,139001
06037134904,"Census Tract 1349.04, Los Angeles County, California",1177,26,26,26,0,0,0,0,1151,393,215,178,758,562,196,06,037,134904
06037137104,"Census Tract 1371.04, Los Angeles County, California",524,20,20,20,0,0,0,0,504,321,256,65,183,183,0,06,037,137104
06037139401,"Census Tract 1394.01, Los Angeles County, California",697,36,36,26,10,0,0,0,661,251,196,55,410,356,54,06,037,139401
06037139402,"Census Tract 1394.02, Los Angeles County, California",411,59,59,20,39,0,0,0,352,231,135,96,121,66,55,06,037,139402
06075017802,"Census Tract 178.02, San Francisco County, California",1421,37,37,0,37,0,0,0,1384,443,259,184,941,581,360,06,075,017802
06075020401,"Census Tract 204.01, San Francisco County, California",788,25,25,19,6,0,0,0,763,201,145,56,562,512,50,06,075,020401
06075020402,"Census Tract 204.02, San Francisco County, California",1097,34,34,34,0,0,0,0,1063,477,440,37,586,474,112,06,075,020402
06075022704,"Census Tract 227.04, San Francisco County, California",867,44,44,13,31,0,0,0,823,433,377,56,390,327,63,06,075,022704
06075025701,"Census Tract 257.01, San Francisco County, California",1104,77,49,23,26,28,28,0,1027,520,440,80,507,365,142,06,075,025701
06075025702,"Census Tract 257.02, San Francisco County, California",1007,14,0,0,0,14,14,0,993,412,375,37,581,427,154,06,075,025702
06075031201,"Census Tract 312.01, San Francisco County, California",1903,109,77,77,0,32,24,8,1794,591,467,124,1203,968,235,06,075,031201
06075031202,"Census Tract 312.02, San Francisco County, California",824,16,0,0,0,16,16,0,808,328,216,112,480,370,110,06,075,031202
06075031301,"Census Tract 313.01, San Francisco County, California",1011,5,5,0,5,0,0,0,1006,331,282,49,675,459,216,06,075,031301
06077002000,"Census Tract 20, San Joaquin County, California",678,51,33,24,9,18,18,0,627,254,155,99,373,288,85,06,077,002000
06077003106,"Census Tract 31.06, San Joaquin County, California",664,46,19,7,12,27,27,0,618,317,223,94,301,228,73,06,077,003106
06077003108,"Census Tract 31.08, San Joaquin County, California",1099,161,89,11,78,72,72,0,938,373,355,18,565,395,170,06,077,003108
06077003203,"Census Tract 32.03, San Joaquin County, California",838,37,14,14,0,23,8,15,801,331,257,74,470,315,155,06,077,003203
06077003311,"Census Tract 33.11, San Joaquin County, California",990,81,49,49,0,32,22,10,909,325,143,182,584,398,186,06,077,003311
06077003700,"Census Tract 37, San Joaquin County, California",603,30,30,0,30,0,0,0,573,197,93,104,376,351,25,06,077,003700
06077004701,"Census Tract 47.01, San Joaquin County, California",515,50,37,23,14,13,13,0,465,217,156,61,248,126,122,06,077,004701
06077005122,"Census Tract 51.22, San Joaquin County, California",1827,77,44,7,37,33,33,0,1750,952,697,255,798,607,191,06,077,005122
06077003209,"Census Tract 32.09, San Joaquin County, California",723,45,0,0,0,45,45,0,678,381,347,34,297,263,34,06,077,003209
06077001600,"Census Tract 16, San Joaquin County, California",456,13,13,13,0,0,0,0,443,267,96,171,176,137,39,06,077,001600
06077001900,"Census Tract 19, San Joaquin County, California",1338,58,37,22,15,21,10,11,1280,438,266,172,842,424,418,06,077,001900
06037221110,"Census Tract 2211.10, Los Angeles County, California",912,0,0,0,0,0,0,0,912,230,142,88,682,510,172,06,037,221110
06037221120,"Census Tract 2211.20, Los Angeles County, California",897,16,0,0,0,16,16,0,881,227,164,63,654,482,172,06,037,221120
06037222500,"Census Tract 2225, Los Angeles County, California",1408,73,35,17,18,38,15,23,1335,532,367,165,803,482,321,06,037,222500
06037224020,"Census Tract 2240.20, Los Angeles County, California",782,15,0,0,0,15,0,15,767,181,79,102,586,448,138,06,037,224020
06037224320,"Census Tract 2243.20, Los Angeles County, California",878,36,0,0,0,36,18,18,842,193,171,22,649,543,106,06,037,224320
06037227020,"Census Tract 2270.20, Los Angeles County, California",1005,23,12,0,12,11,1,10,982,375,248,127,607,396,211,06,037,227020
06037228720,"Census Tract 2287.20, Los Angeles County, California",1324,37,14,0,14,23,23,0,1287,416,255,161,871,518,353,06,037,228720
06037229200,"Census Tract 2292, Los Angeles County, California",1193,80,28,0,28,52,52,0,1113,417,253,164,696,552,144,06,037,229200
06037231300,"Census Tract 2313, Los Angeles County, California",1464,49,18,18,0,31,31,0,1415,327,183,144,1088,883,205,06,037,231300
06037231710,"Census Tract 2317.10, Los Angeles County, California",1112,64,25,7,18,39,17,22,1048,326,165,161,722,276,446,06,037,231710
06037232700,"Census Tract 2327, Los Angeles County, California",1609,49,15,0,15,34,20,14,1560,592,389,203,968,575,393,06,037,232700
06037236202,"Census Tract 2362.02, Los Angeles County, California",1581,68,36,36,0,32,32,0,1513,564,352,212,949,577,372,06,037,236202
06037405600,"Census Tract 4056, Los Angeles County, California",1394,69,42,9,33,27,27,0,1325,606,502,104,719,342,377,06,037,405600
06037405900,"Census Tract 4059, Los Angeles County, California",1130,72,54,29,25,18,0,18,1058,371,290,81,687,390,297,06,037,405900
06037406000,"Census Tract 4060, Los Angeles County, California",1350,49,31,21,10,18,18,0,1301,610,505,105,691,537,154,06,037,406000
06037406411,"Census Tract 4064.11, Los Angeles County, California",561,37,26,26,0,11,11,0,524,167,129,38,357,228,129,06,037,406411
06037406412,"Census Tract 4064.12, Los Angeles County, California",644,27,3,3,0,24,6,18,617,220,185,35,397,210,187,06,037,406412
06037407400,"Census Tract 4074, Los Angeles County, California",455,43,35,27,8,8,8,0,412,157,128,29,255,211,44,06,037,407400
06037408302,"Census Tract 4083.02, Los Angeles County, California",947,18,18,18,0,0,0,0,929,512,411,101,417,264,153,06,037,408302
06037408503,"Census Tract 4085.03, Los Angeles County, California",1328,68,42,42,0,26,14,12,1260,650,467,183,610,366,244,06,037,408503
06037408624,"Census Tract 4086.24, Los Angeles County, California",617,14,12,12,0,2,0,2,603,321,212,109,282,194,88,06,037,408624
06037480012,"Census Tract 4800.12, Los Angeles County, California",1067,43,34,14,20,9,9,0,1024,500,316,184,524,422,102,06,037,480012
06037462500,"Census Tract 4625, Los Angeles County, California",1547,119,103,69,34,16,16,0,1428,719,501,218,709,396,313,06,037,462500
06037462600,"Census Tract 4626, Los Angeles County, California",495,43,43,18,25,0,0,0,452,236,178,58,216,144,72,06,037,462600
06109001200,"Census Tract 12, Tuolumne County, California",942,71,24,24,0,47,16,31,871,315,230,85,556,408,148,06,109,001200
06109003200,"Census Tract 32, Tuolumne County, California",1074,13,13,0,13,0,0,0,1061,409,322,87,652,501,151,06,109,003200
06109002200,"Census Tract 22, Tuolumne County, California",1630,71,71,56,15,0,0,0,1559,868,710,158,691,401,290,06,109,002200
06109004100,"Census Tract 41, Tuolumne County, California",778,26,26,26,0,0,0,0,752,433,383,50,319,191,128,06,109,004100
06109005201,"Census Tract 52.01, Tuolumne County, California",330,22,16,0,16,6,0,6,308,157,74,83,151,72,79,06,109,005201
06109003100,"Census Tract 31, Tuolumne County, California",960,4,0,0,0,4,4,0,956,523,366,157,433,309,124,06,109,003100
06109004200,"Census Tract 42, Tuolumne County, California",554,16,0,0,0,16,0,16,538,123,75,48,415,326,89,06,109,004200
06019003900,"Census Tract 39, Fresno County, California",1446,94,63,23,40,31,0,31,1352,641,405,236,711,303,408,06,019,003900
06019005802,"Census Tract 58.02, Fresno County, California",1125,20,20,20,0,0,0,0,1105,479,382,97,626,381,245,06,019,005802
06019006900,"Census Tract 69, Fresno County, California",775,12,8,8,0,4,4,0,763,355,209,146,408,226,182,06,019,006900
06019007400,"Census Tract 74, Fresno County, California",714,40,23,15,8,17,17,0,674,443,273,170,231,133,98,06,019,007400
06019007700,"Census Tract 77, Fresno County, California",1196,62,19,0,19,43,43,0,1134,640,357,283,494,291,203,06,019,007700
06019002000,"Census Tract 20, Fresno County, California",1566,155,39,39,0,116,81,35,1411,390,179,211,1021,445,576,06,019,002000
06019004302,"Census Tract 43.02, Fresno County, California",970,0,0,0,0,0,0,0,970,422,339,83,548,310,238,06,019,004302
06019004404,"Census Tract 44.04, Fresno County, California",835,30,19,9,10,11,0,11,805,274,214,60,531,403,128,06,019,004404
06059110201,"Census Tract 1102.01, Orange County, California",1872,17,17,17,0,0,0,0,1855,701,430,271,1154,810,344,06,059,110201
06059110302,"Census Tract 1103.02, Orange County, California",1596,116,81,50,31,35,35,0,1480,634,453,181,846,671,175,06,059,110302
06059086502,"Census Tract 865.02, Orange County, California",1708,81,39,39,0,42,9,33,1627,872,531,341,755,560,195,06,059,086502
06059086602,"Census Tract 866.02, Orange County, California",1754,113,113,67,46,0,0,0,1641,637,518,119,1004,779,225,06,059,086602
06029004500,"Census Tract 45, Kern County, California",740,52,46,15,31,6,4,2,688,400,208,192,288,146,142,06,029,004500
06029005104,"Census Tract 51.04, Kern County, California",618,56,29,14,15,27,0,27,562,351,305,46,211,93,118,06,029,005104
06029003303,"Census Tract 33.03, Kern County, California",281,22,13,0,13,9,0,9,259,118,77,41,141,66,75,06,029,003303
06029003600,"Census Tract 36, Kern County, California",1103,102,48,25,23,54,40,14,1001,361,232,129,640,219,421,06,029,003600
06029003700,"Census Tract 37, Kern County, California",708,50,34,9,25,16,6,10,658,450,247,203,208,139,69,06,029,003700
06029003805,"Census Tract 38.05, Kern County, California",2185,96,80,64,16,16,16,0,2089,1261,769,492,828,507,321,06,029,003805
06029004402,"Census Tract 44.02, Kern County, California",1266,57,34,8,26,23,8,15,1209,478,265,213,731,272,459,06,029,004402
06029004902,"Census Tract 49.02, Kern County, California",2137,140,81,45,36,59,59,0,1997,1041,826,215,956,480,476,06,029,004902
06029003202,"Census Tract 32.02, Kern County, California",4914,233,183,124,59,50,17,33,4681,2030,1567,463,2651,1498,1153,06,029,003202
06029003500,"Census Tract 35, Kern County, California",1615,204,149,149,0,55,0,55,1411,600,370,230,811,278,533,06,029,003500
06029004200,"Census Tract 42, Kern County, California",350,15,15,5,10,0,0,0,335,183,81,102,152,99,53,06,029,004200
06029005506,"Census Tract 55.06, Kern County, California",1225,136,58,58,0,78,20,58,1089,542,309,233,547,270,277,06,029,005506
06029005300,"Census Tract 53, Kern County, California",504,28,11,5,6,17,6,11,476,289,166,123,187,137,50,06,029,005300
06059088401,"Census Tract 884.01, Orange County, California",1391,121,74,50,24,47,11,36,1270,479,410,69,791,550,241,06,059,088401
06059088501,"Census Tract 885.01, Orange County, California",1497,61,61,41,20,0,0,0,1436,711,439,272,725,497,228,06,059,088501
06081606300,"Census Tract 6063, San Mateo County, California",969,23,23,23,0,0,0,0,946,490,413,77,456,340,116,06,081,606300
06081607200,"Census Tract 6072, San Mateo County, California",934,0,0,0,0,0,0,0,934,439,369,70,495,456,39,06,081,607200
06085504414,"Census Tract 5044.14, Santa Clara County, California",1277,108,90,90,0,18,18,0,1169,652,442,210,517,389,128,06,085,504414
06085504415,"Census Tract 5044.15, Santa Clara County, California",1213,89,78,48,30,11,0,11,1124,589,506,83,535,318,217,06,085,504415
06085504504,"Census Tract 5045.04, Santa Clara County, California",3147,210,171,45,126,39,1,38,2937,1617,980,637,1320,659,661,06,085,504504
06085507703,"Census Tract 5077.03, Santa Clara County, California",1638,0,0,0,0,0,0,0,1638,1035,638,397,603,310,293,06,085,507703
06085506502,"Census Tract 5065.02, Santa Clara County, California",1200,32,24,10,14,8,0,8,1168,479,356,123,689,648,41,06,085,506502
06085506605,"Census Tract 5066.05, Santa Clara County, California",1170,53,38,28,10,15,0,15,1117,596,340,256,521,432,89,06,085,506605
06085506606,"Census Tract 5066.06, Santa Clara County, California",1085,58,58,36,22,0,0,0,1027,573,492,81,454,394,60,06,085,506606
06085507807,"Census Tract 5078.07, Santa Clara County, California",785,59,59,30,29,0,0,0,726,477,342,135,249,73,176,06,085,507807
06059099217,"Census Tract 992.17, Orange County, California",539,14,14,14,0,0,0,0,525,264,208,56,261,230,31,06,059,099217
06059099220,"Census Tract 992.20, Orange County, California",1237,31,7,0,7,24,0,24,1206,542,434,108,664,649,15,06,059,099220
06059099224,"Census Tract 992.24, Orange County, California",839,7,0,0,0,7,7,0,832,368,226,142,464,402,62,06,059,099224
06059099234,"Census Tract 992.34, Orange County, California",702,11,11,11,0,0,0,0,691,272,178,94,419,212,207,06,059,099234
06059099235,"Census Tract 992.35, Orange County, California",930,11,0,0,0,11,11,0,919,426,308,118,493,385,108,06,059,099235
06059099243,"Census Tract 992.43, Orange County, California",1052,30,20,20,0,10,10,0,1022,486,357,129,536,395,141,06,059,099243
06059099311,"Census Tract 993.11, Orange County, California",689,17,17,9,8,0,0,0,672,225,161,64,447,330,117,06,059,099311
06059099410,"Census Tract 994.10, Orange County, California",1372,2,2,0,2,0,0,0,1370,473,354,119,897,642,255,06,059,099410
06059099510,"Census Tract 995.10, Orange County, California",12,0,0,0,0,0,0,0,12,0,0,0,12,12,0,06,059,099510
06059099702,"Census Tract 997.02, Orange County, California",1784,128,73,43,30,55,0,55,1656,656,444,212,1000,615,385,06,059,099702
06059099802,"Census Tract 998.02, Orange County, California",1019,37,29,7,22,8,8,0,982,392,327,65,590,442,148,06,059,099802
06095253105,"Census Tract 2531.05, Solano County, California",1760,27,27,27,0,0,0,0,1733,753,611,142,980,862,118,06,095,253105
06095252904,"Census Tract 2529.04, Solano County, California",1472,97,71,50,21,26,26,0,1375,712,634,78,663,533,130,06,095,252904
06041114100,"Census Tract 1141, Marin County, California",1186,14,14,14,0,0,0,0,1172,577,509,68,595,475,120,06,041,114100
06041119100,"Census Tract 1191, Marin County, California",842,40,40,26,14,0,0,0,802,468,242,226,334,226,108,06,041,119100
06041112100,"Census Tract 1121, Marin County, California",1075,104,48,38,10,56,0,56,971,336,266,70,635,490,145,06,041,112100
06041114200,"Census Tract 1142, Marin County, California",526,15,15,15,0,0,0,0,511,311,207,104,200,149,51,06,041,114200
06041117000,"Census Tract 1170, Marin County, California",780,47,47,47,0,0,0,0,733,406,283,123,327,160,167,06,041,117000
06041120000,"Census Tract 1200, Marin County, California",1208,79,79,24,55,0,0,0,1129,609,484,125,520,338,182,06,041,120000
06041126200,"Census Tract 1262, Marin County, California",734,55,23,23,0,32,0,32,679,431,363,68,248,144,104,06,041,126200
06041128200,"Census Tract 1282, Marin County, California",1038,40,40,30,10,0,0,0,998,555,441,114,443,316,127,06,041,128200
06041133000,"Census Tract 1330, Marin County, California",444,48,26,18,8,22,22,0,396,205,144,61,191,139,52,06,041,133000
06041103200,"Census Tract 1032, Marin County, California",1156,60,39,39,0,21,21,0,1096,570,404,166,526,404,122,06,041,103200
06041115000,"Census Tract 1150, Marin County, California",1677,22,22,0,22,0,0,0,1655,800,650,150,855,606,249,06,041,115000
06037137301,"Census Tract 1373.01, Los Angeles County, California",518,57,57,51,6,0,0,0,461,224,208,16,237,139,98,06,037,137301
06037139302,"Census Tract 1393.02, Los Angeles County, California",1551,46,46,46,0,0,0,0,1505,544,424,120,961,692,269,06,037,139302
06037137401,"Census Tract 1374.01, Los Angeles County, California",1005,79,72,58,14,7,7,0,926,532,369,163,394,322,72,06,037,137401
06037137402,"Census Tract 1374.02, Los Angeles County, California",799,0,0,0,0,0,0,0,799,494,337,157,305,256,49,06,037,137402
06037139200,"Census Tract 1392, Los Angeles County, California",1496,91,91,62,29,0,0,0,1405,546,473,73,859,571,288,06,037,139200
06037139703,"Census Tract 1397.03, Los Angeles County, California",647,12,12,12,0,0,0,0,635,296,167,129,339,227,112,06,037,139703
06037139801,"Census Tract 1398.01, Los Angeles County, California",555,8,8,0,8,0,0,0,547,272,174,98,275,221,54,06,037,139801
06037141600,"Census Tract 1416, Los Angeles County, California",825,30,30,23,7,0,0,0,795,415,344,71,380,270,110,06,037,141600
06073002602,"Census Tract 26.02, San Diego County, California",1260,35,20,0,20,15,15,0,1225,433,336,97,792,516,276,06,073,002602
06073003107,"Census Tract 31.07, San Diego County, California",1454,46,46,26,20,0,0,0,1408,544,405,139,864,677,187,06,073,003107
06073003204,"Census Tract 32.04, San Diego County, California",598,71,39,39,0,32,0,32,527,335,239,96,192,127,65,06,073,003204
06073003208,"Census Tract 32.08, San Diego County, California",1587,55,55,0,55,0,0,0,1532,397,263,134,1135,831,304,06,073,003208
06073003800,"Census Tract 38, San Diego County, California",1026,13,13,13,0,0,0,0,1013,134,134,0,879,879,0,06,073,003800
06073004400,"Census Tract 44, San Diego County, California",999,57,57,19,38,0,0,0,942,396,355,41,546,436,110,06,073,004400
06073001200,"Census Tract 12, San Diego County, California",1829,118,68,19,49,50,0,50,1711,358,358,0,1353,1243,110,06,073,001200
06073002501,"Census Tract 25.01, San Diego County, California",1598,29,29,19,10,0,0,0,1569,554,480,74,1015,746,269,06,073,002501
06073002502,"Census Tract 25.02, San Diego County, California",1733,104,55,16,39,49,31,18,1629,600,413,187,1029,497,532,06,073,002502
06073002904,"Census Tract 29.04, San Diego County, California",3809,3,0,0,0,3,0,3,3806,220,165,55,3586,1630,1956,06,073,002904
06073003103,"Census Tract 31.03, San Diego County, California",1481,28,13,13,0,15,14,1,1453,571,353,218,882,569,313,06,073,003103
06073003113,"Census Tract 31.13, San Diego County, California",1050,123,111,84,27,12,0,12,927,420,315,105,507,393,114,06,073,003113
06073001400,"Census Tract 14, San Diego County, California",1162,42,42,29,13,0,0,0,1120,373,341,32,747,685,62,06,073,001400
06073002001,"Census Tract 20.01, San Diego County, California",621,19,9,9,0,10,10,0,602,310,231,79,292,249,43,06,073,002001
06073002202,"Census Tract 22.02, San Diego County, California",1473,86,27,4,23,59,24,35,1387,495,295,200,892,528,364,06,073,002202
06073002402,"Census Tract 24.02, San Diego County, California",1475,53,9,9,0,44,24,20,1422,584,346,238,838,568,270,06,073,002402
06073002601,"Census Tract 26.01, San Diego County, California",1611,107,44,19,25,63,35,28,1504,570,344,226,934,493,441,06,073,002601
06073002804,"Census Tract 28.04, San Diego County, California",1962,75,58,14,44,17,17,0,1887,267,194,73,1620,712,908,06,073,002804
06073002905,"Census Tract 29.05, San Diego County, California",1442,72,50,40,10,22,22,0,1370,336,248,88,1034,793,241,06,073,002905
06073017104,"Census Tract 171.04, San Diego County, California",766,32,32,0,32,0,0,0,734,426,387,39,308,239,69,06,073,017104
06073017200,"Census Tract 172, San Diego County, California",878,0,0,0,0,0,0,0,878,389,250,139,489,343,146,06,073,017200
06073017809,"Census Tract 178.09, San Diego County, California",485,37,37,37,0,0,0,0,448,214,192,22,234,181,53,06,073,017809
06073017900,"Census Tract 179, San Diego County, California",1821,167,167,150,17,0,0,0,1654,450,345,105,1204,1018,186,06,073,017900
06073018510,"Census Tract 185.10, San Diego County, California",703,69,41,35,6,28,21,7,634,319,251,68,315,224,91,06,073,018510
06073018512,"Census Tract 185.12, San Diego County, California",476,7,7,7,0,0,0,0,469,228,100,128,241,154,87,06,073,018512
06073018513,"Census Tract 185.13, San Diego County, California",2382,193,172,68,104,21,21,0,2189,1181,1019,162,1008,773,235,06,073,018513
06073018603,"Census Tract 186.03, San Diego County, California",1588,95,59,25,34,36,36,0,1493,642,483,159,851,382,469,06,073,018603
06073012401,"Census Tract 124.01, San Diego County, California",924,15,15,0,15,0,0,0,909,361,263,98,548,377,171,06,073,012401
06073018515,"Census Tract 185.15, San Diego County, California",1008,26,26,18,8,0,0,0,982,465,377,88,517,406,111,06,073,018515
06073018518,"Census Tract 185.18, San Diego County, California",1082,35,0,0,0,35,21,14,1047,458,338,120,589,474,115,06,073,018518
06073019001,"Census Tract 190.01, San Diego County, California",1128,0,0,0,0,0,0,0,1128,647,510,137,481,228,253,06,073,019001
06037143400,"Census Tract 1434, Los Angeles County, California",1972,106,61,32,29,45,45,0,1866,710,642,68,1156,1041,115,06,037,143400
06037181000,"Census Tract 1810, Los Angeles County, California",1095,60,60,13,47,0,0,0,1035,571,398,173,464,272,192,06,037,181000
06037183520,"Census Tract 1835.20, Los Angeles County, California",1062,66,19,0,19,47,15,32,996,301,214,87,695,522,173,06,037,183520
06037191204,"Census Tract 1912.04, Los Angeles County, California",594,69,52,18,34,17,11,6,525,173,139,34,352,269,83,06,037,191204
06037191620,"Census Tract 1916.20, Los Angeles County, California",573,12,0,0,0,12,12,0,561,116,71,45,445,309,136,06,037,191620
06037191820,"Census Tract 1918.20, Los Angeles County, California",1078,39,24,24,0,15,0,15,1039,148,135,13,891,797,94,06,037,191820
06037192510,"Census Tract 1925.10, Los Angeles County, California",951,55,55,30,25,0,0,0,896,421,321,100,475,259,216,06,037,192510
06037192520,"Census Tract 1925.20, Los Angeles County, California",1524,55,16,0,16,39,0,39,1469,506,366,140,963,742,221,06,037,192520
06037192610,"Census Tract 1926.10, Los Angeles County, California",1178,22,12,0,12,10,10,0,1156,254,182,72,902,756,146,06,037,192610
06037194500,"Census Tract 1945, Los Angeles County, California",505,15,15,6,9,0,0,0,490,205,154,51,285,262,23,06,037,194500
06037195300,"Census Tract 1953, Los Angeles County, California",1057,0,0,0,0,0,0,0,1057,376,271,105,681,655,26,06,037,195300
06037195600,"Census Tract 1956, Los Angeles County, California",858,9,0,0,0,9,9,0,849,312,257,55,537,495,42,06,037,195600
06037199400,"Census Tract 1994, Los Angeles County, California",1203,50,23,0,23,27,15,12,1153,334,202,132,819,557,262,06,037,199400
06071000826,"Census Tract 8.26, San Bernardino County, California",1036,73,73,63,10,0,0,0,963,445,294,151,518,399,119,06,071,000826
06071000901,"Census Tract 9.01, San Bernardino County, California",1272,42,14,14,0,28,28,0,1230,508,348,160,722,450,272,06,071,000901
06071000903,"Census Tract 9.03, San Bernardino County, California",1280,61,30,12,18,31,17,14,1219,426,338,88,793,519,274,06,071,000903
06071000904,"Census Tract 9.04, San Bernardino County, California",955,11,11,11,0,0,0,0,944,422,263,159,522,354,168,06,071,000904
06071001001,"Census Tract 10.01, San Bernardino County, California",1404,57,47,30,17,10,5,5,1347,401,284,117,946,617,329,06,071,001001
06097150306,"Census Tract 1503.06, Sonoma County, California",955,8,0,0,0,8,8,0,947,370,328,42,577,450,127,06,097,150306
06097150305,"Census Tract 1503.05, Sonoma County, California",1370,72,72,40,32,0,0,0,1298,734,444,290,564,541,23,06,097,150305
06097150607,"Census Tract 1506.07, Sonoma County, California",1120,82,82,22,60,0,0,0,1038,550,391,159,488,360,128,06,097,150607
06097150609,"Census Tract 1506.09, Sonoma County, California",907,84,54,43,11,30,30,0,823,501,359,142,322,211,111,06,097,150609
06097150610,"Census Tract 1506.10, Sonoma County, California",782,67,65,54,11,2,2,0,715,369,269,100,346,295,51,06,097,150610
06097150611,"Census Tract 1506.11, Sonoma County, California",900,73,44,24,20,29,0,29,827,517,503,14,310,226,84,06,097,150611
06097150612,"Census Tract 1506.12, Sonoma County, California",1106,46,46,17,29,0,0,0,1060,414,320,94,646,404,242,06,097,150612
06097151601,"Census Tract 1516.01, Sonoma County, California",125,5,5,0,5,0,0,0,120,34,26,8,86,41,45,06,097,151601
06097151602,"Census Tract 1516.02, Sonoma County, California",107,0,0,0,0,0,0,0,107,89,62,27,18,0,18,06,097,151602
06097152905,"Census Tract 1529.05, Sonoma County, California",906,38,38,15,23,0,0,0,868,457,337,120,411,340,71,06,097,152905
06097152906,"Census Tract 1529.06, Sonoma County, California",1176,99,64,55,9,35,35,0,1077,612,465,147,465,367,98,06,097,152906
06097153103,"Census Tract 1531.03, Sonoma County, California",1252,67,52,13,39,15,0,15,1185,447,330,117,738,585,153,06,097,153103
06097153104,"Census Tract 1531.04, Sonoma County, California",897,35,22,0,22,13,0,13,862,341,210,131,521,430,91,06,097,153104
06097153804,"Census Tract 1538.04, Sonoma County, California",748,27,27,27,0,0,0,0,721,475,337,138,246,195,51,06,097,153804
06097153806,"Census Tract 1538.06, Sonoma County, California",585,23,23,0,23,0,0,0,562,325,288,37,237,169,68,06,097,153806
06097153807,"Census Tract 1538.07, Sonoma County, California",716,0,0,0,0,0,0,0,716,451,355,96,265,181,84,06,097,153807
06097153809,"Census Tract 1538.09, Sonoma County, California",917,47,47,25,22,0,0,0,870,406,328,78,464,358,106,06,097,153809
06097154201,"Census Tract 1542.01, Sonoma County, California",856,56,22,0,22,34,14,20,800,432,367,65,368,194,174,06,097,154201
06097154202,"Census Tract 1542.02, Sonoma County, California",1179,76,76,76,0,0,0,0,1103,696,582,114,407,325,82,06,097,154202
06097153808,"Census Tract 1538.08, Sonoma County, California",945,0,0,0,0,0,0,0,945,460,355,105,485,334,151,06,097,153808
06097154303,"Census Tract 1543.03, Sonoma County, California",107,10,10,0,10,0,0,0,97,44,44,0,53,53,0,06,097,154303
06097154304,"Census Tract 1543.04, Sonoma County, California",404,13,7,7,0,6,0,6,391,188,151,37,203,145,58,06,097,154304
06097990100,"Census Tract 9901, Sonoma County, California",0,0,0,0,0,0,0,0,0,0,0,0,0,0,0,06,097,990100
06099000510,"Census Tract 5.10, Stanislaus County, California",2148,45,37,19,18,8,8,0,2103,1086,690,396,1017,599,418,06,099,000510
06073019103,"Census Tract 191.03, San Diego County, California",1129,36,22,22,0,14,0,14,1093,475,410,65,618,454,164,06,073,019103
06073019206,"Census Tract 192.06, San Diego County, California",1609,74,52,17,35,22,16,6,1535,558,391,167,977,665,312,06,073,019206
06073019303,"Census Tract 193.03, San Diego County, California",1644,51,16,11,5,35,15,20,1593,774,593,181,819,656,163,06,073,019303
06073019405,"Census Tract 194.05, San Diego County, California",1125,98,78,27,51,20,20,0,1027,516,387,129,511,369,142,06,073,019405
06073019406,"Census Tract 194.06, San Diego County, California",1177,79,33,10,23,46,46,0,1098,434,274,160,664,445,219,06,073,019406
06073000400,"Census Tract 4, San Diego County, California",1294,47,47,36,11,0,0,0,1247,373,329,44,874,699,175,06,073,000400
06073000500,"Census Tract 5, San Diego County, California",946,52,52,52,0,0,0,0,894,259,191,68,635,549,86,06,073,000500
06073000900,"Census Tract 9, San Diego County, California",1798,0,0,0,0,0,0,0,1798,566,374,192,1232,1136,96,06,073,000900
06073002302,"Census Tract 23.02, San Diego County, California",2165,152,30,30,0,122,0,122,2013,846,336,510,1167,976,191,06,073,002302
06073002710,"Census Tract 27.10, San Diego County, California",948,68,51,17,34,17,0,17,880,362,216,146,518,323,195,06,073,002710
06013323000,"Census Tract 3230, Contra Costa County, California",887,75,64,57,7,11,11,0,812,470,354,116,342,273,69,06,013,323000
06013326000,"Census Tract 3260, Contra Costa County, California",760,11,11,11,0,0,0,0,749,367,334,33,382,246,136,06,013,326000
06013333200,"Census Tract 3332, Contra Costa County, California",1201,37,37,37,0,0,0,0,1164,532,319,213,632,546,86,06,013,333200
06067008129,"Census Tract 81.29, Sacramento County, California",654,23,7,7,0,16,8,8,631,270,217,53,361,287,74,06,067,008129
06067008204,"Census Tract 82.04, Sacramento County, California",924,28,28,28,0,0,0,0,896,557,415,142,339,252,87,06,067,008204
06067002800,"Census Tract 28, Sacramento County, California",1053,0,0,0,0,0,0,0,1053,273,148,125,780,534,246,06,067,002800
06067004801,"Census Tract 48.01, Sacramento County, California",1289,72,7,0,7,65,37,28,1217,479,287,192,738,478,260,06,067,004801
06067007424,"Census Tract 74.24, Sacramento County, California",875,49,24,0,24,25,11,14,826,421,211,210,405,272,133,06,067,007424
06067008124,"Census Tract 81.24, Sacramento County, California",983,11,11,11,0,0,0,0,972,478,343,135,494,420,74,06,067,008124
06017030704,"Census Tract 307.04, El Dorado County, California",1757,101,101,45,56,0,0,0,1656,946,652,294,710,371,339,06,017,030704
06065041810,"Census Tract 418.10, Riverside County, California",1688,22,22,22,0,0,0,0,1666,867,463,404,799,538,261,06,065,041810
06065041904,"Census Tract 419.04, Riverside County, California",1331,113,51,51,0,62,34,28,1218,561,351,210,657,501,156,06,065,041904
06065042010,"Census Tract 420.10, Riverside County, California",1711,79,32,19,13,47,22,25,1632,619,280,339,1013,603,410,06,065,042010
06065042207,"Census Tract 422.07, Riverside County, California",568,37,37,10,27,0,0,0,531,213,172,41,318,200,118,06,065,042207
06065042209,"Census Tract 422.09, Riverside County, California",1892,96,9,0,9,87,70,17,1796,380,222,158,1416,875,541,06,065,042209
06065042210,"Census Tract 422.10, Riverside County, California",1611,37,21,21,0,16,11,5,1574,294,196,98,1280,856,424,06,065,042210
06065042300,"Census Tract 423, Riverside County, California",1948,89,32,32,0,57,12,45,1859,721,458,263,1138,846,292,06,065,042300
06065044804,"Census Tract 448.04, Riverside County, California",543,30,30,18,12,0,0,0,513,213,152,61,300,158,142,06,065,044804
06065044805,"Census Tract 448.05, Riverside County, California",151,16,16,16,0,0,0,0,135,32,32,0,103,56,47,06,065,044805
06065045604,"Census Tract 456.04, Riverside County, California",2772,233,213,55,158,20,20,0,2539,1374,785,589,1165,707,458,06,065,045604
06065045900,"Census Tract 459, Riverside County, California",339,23,15,15,0,8,0,8,316,200,118,82,116,70,46,06,065,045900
06065046102,"Census Tract 461.02, Riverside County, California",469,50,15,9,6,35,28,7,419,148,115,33,271,140,131,06,065,046102
06065046401,"Census Tract 464.01, Riverside County, California",630,0,0,0,0,0,0,0,630,320,151,169,310,294,16,06,065,046401
06065046402,"Census Tract 464.02, Riverside County, California",1184,18,0,0,0,18,4,14,1166,416,284,132,750,485,265,06,065,046402
06065041412,"Census Tract 414.12, Riverside County, California",1153,64,64,64,0,0,0,0,1089,392,290,102,697,369,328,06,065,041412
06065041807,"Census Tract 418.07, Riverside County, California",608,20,20,17,3,0,0,0,588,269,220,49,319,201,118,06,065,041807
06065041813,"Census Tract 418.13, Riverside County, California",1916,55,33,16,17,22,7,15,1861,758,491,267,1103,674,429,06,065,041813
06065049000,"Census Tract 490, Riverside County, California",2635,247,166,44,122,81,81,0,2388,1039,702,337,1349,872,477,06,065,049000
06065049100,"Census Tract 491, Riverside County, California",880,0,0,0,0,0,0,0,880,342,203,139,538,402,136,06,065,049100
06065049400,"Census Tract 494, Riverside County, California",394,49,10,10,0,39,0,39,345,143,76,67,202,140,62,06,065,049400
06065048901,"Census Tract 489.01, Riverside County, California",1096,42,36,36,0,6,6,0,1054,463,244,219,591,443,148,06,065,048901
06065048902,"Census Tract 489.02, Riverside County, California",1960,93,62,23,39,31,11,20,1867,799,468,331,1068,744,324,06,065,048902
06065049500,"Census Tract 495, Riverside County, California",1936,68,39,6,33,29,23,6,1868,731,498,233,1137,725,412,06,065,049500
06099002005,"Census Tract 20.05, Stanislaus County, California",890,64,41,28,13,23,5,18,826,491,271,220,335,182,153,06,099,002005
06099002006,"Census Tract 20.06, Stanislaus County, California",1198,65,65,9,56,0,0,0,1133,537,399,138,596,346,250,06,099,002006
06099002401,"Census Tract 24.01, Stanislaus County, California",1100,40,21,8,13,19,10,9,1060,517,255,262,543,414,129,06,099,002401
06099002402,"Census Tract 24.02, Stanislaus County, California",1579,50,25,19,6,25,17,8,1529,719,346,373,810,461,349,06,099,002402
06099002503,"Census Tract 25.03, Stanislaus County, California",1307,65,56,33,23,9,9,0,1242,577,347,230,665,346,319,06,099,002503
06099002504,"Census Tract 25.04, Stanislaus County, California",1106,38,0,0,0,38,38,0,1068,528,447,81,540,406,134,06,099,002504
06099003606,"Census Tract 36.06, Stanislaus County, California",3160,132,96,55,41,36,0,36,3028,1512,1291,221,1516,1060,456,06,099,003606
06099003605,"Census Tract 36.05, Stanislaus County, California",2416,59,59,31,28,0,0,0,2357,794,506,288,1563,896,667,06,099,003605
06099003804,"Census Tract 38.04, Stanislaus County, California",1643,133,133,0,133,0,0,0,1510,692,443,249,818,328,490,06,099,003804
06099003805,"Census Tract 38.05, Stanislaus County, California",856,93,56,56,0,37,21,16,763,340,215,125,423,270,153,06,099,003805
06099004000,"Census Tract 40, Stanislaus County, California",789,9,9,5,4,0,0,0,780,435,270,165,345,238,107,06,099,004000
06101050701,"Census Tract 507.01, Sutter County, California",901,131,11,11,0,120,63,57,770,331,253,78,439,298,141,06,101,050701
06101050401,"Census Tract 504.01, Sutter County, California",1181,84,69,23,46,15,15,0,1097,474,353,121,623,341,282,06,101,050401
06059062644,"Census Tract 626.44, Orange County, California",1791,91,91,15,76,0,0,0,1700,695,338,357,1005,646,359,06,059,062644
06065049600,"Census Tract 496, Riverside County, California",2267,20,20,20,0,0,0,0,2247,1020,567,453,1227,839,388,06,065,049600
06065049700,"Census Tract 497, Riverside County, California",2098,80,80,66,14,0,0,0,2018,1058,715,343,960,628,332,06,065,049700
06065049800,"Census Tract 498, Riverside County, California",1337,48,38,28,10,10,0,10,1289,510,330,180,779,565,214,06,065,049800
06065050300,"Census Tract 503, Riverside County, California",3063,241,207,63,144,34,34,0,2822,1996,1319,677,826,439,387,06,065,050300
06065050400,"Census Tract 504, Riverside County, California",2756,32,14,14,0,18,18,0,2724,1399,985,414,1325,821,504,06,065,050400
06065050500,"Census Tract 505, Riverside County, California",4237,253,174,139,35,79,79,0,3984,1894,1503,391,2090,1178,912,06,065,050500
06065050600,"Census Tract 506, Riverside County, California",1762,72,72,72,0,0,0,0,1690,835,552,283,855,576,279,06,065,050600
06065050700,"Census Tract 507, Riverside County, California",3374,129,108,71,37,21,10,11,3245,1480,954,526,1765,1194,571,06,065,050700
06065050900,"Census Tract 509, Riverside County, California",1595,50,34,25,9,16,0,16,1545,498,344,154,1047,880,167,06,065,050900
06065051100,"Census Tract 511, Riverside County, California",2145,52,52,44,8,0,0,0,2093,995,759,236,1098,678,420,06,065,051100
06065051200,"Census Tract 512, Riverside County, California",1091,10,10,0,10,0,0,0,1081,238,148,90,843,574,269,06,065,051200
06065051300,"Census Tract 513, Riverside County, California",2319,135,37,0,37,98,98,0,2184,992,677,315,1192,755,437,06,065,051300
06065051400,"Census Tract 514, Riverside County, California",153,0,0,0,0,0,0,0,153,113,113,0,40,0,40,06,065,051400
06065940400,"Census Tract 9404, Riverside County, California",1749,102,57,34,23,45,13,32,1647,561,450,111,1086,711,375,06,065,940400
06081611300,"Census Tract 6113, San Mateo County, California",1058,118,118,103,15,0,0,0,940,457,341,116,483,406,77,06,081,611300
06081612100,"Census Tract 6121, San Mateo County, California",2465,112,52,27,25,60,60,0,2353,1063,703,360,1290,914,376,06,081,612100
06081600600,"Census Tract 6006, San Mateo County, California",1620,48,31,14,17,17,9,8,1572,578,468,110,994,904,90,06,081,600600
06081601601,"Census Tract 6016.01, San Mateo County, California",673,33,11,8,3,22,22,0,640,218,209,9,422,322,100,06,081,601601
06081603200,"Census Tract 6032, San Mateo County, California",767,28,28,28,0,0,0,0,739,362,292,70,377,285,92,06,081,603200
06081604102,"Census Tract 6041.02, San Mateo County, California",745,27,27,17,10,0,0,0,718,355,312,43,363,341,22,06,081,604102
06081604900,"Census Tract 6049, San Mateo County, California",551,14,14,14,0,0,0,0,537,351,218,133,186,113,73,06,081,604900
06081605000,"Census Tract 6050, San Mateo County, California",1748,57,57,57,0,0,0,0,1691,976,755,221,715,523,192,06,081,605000
06081605100,"Census Tract 6051, San Mateo County, California",942,52,52,38,14,0,0,0,890,430,346,84,460,424,36,06,081,605100
06081605200,"Census Tract 6052, San Mateo County, California",776,56,56,47,9,0,0,0,720,402,331,71,318,210,108,06,081,605200
06081606200,"Census Tract 6062, San Mateo County, California",2260,178,75,75,0,103,103,0,2082,1047,746,301,1035,918,117,06,081,606200
06081606500,"Census Tract 6065, San Mateo County, California",657,28,28,28,0,0,0,0,629,444,315,129,185,112,73,06,081,606500
06081606600,"Census Tract 6066, San Mateo County, California",845,38,33,33,0,5,1,4,807,450,336,114,357,237,120,06,081,606600
06081606900,"Census Tract 6069, San Mateo County, California",447,20,20,20,0,0,0,0,427,238,214,24,189,112,77,06,081,606900
06081607600,"Census Tract 6076, San Mateo County, California",985,50,50,34,16,0,0,0,935,520,449,71,415,363,52,06,081,607600
06081601603,"Census Tract 6016.03, San Mateo County, California",1245,48,48,48,0,0,0,0,1197,436,318,118,761,604,157,06,081,601603
06081602100,"Census Tract 6021, San Mateo County, California",832,63,53,16,37,10,10,0,769,311,245,66,458,356,102,06,081,602100
06067004502,"Census Tract 45.02, Sacramento County, California",1326,171,62,13,49,109,95,14,1155,428,307,121,727,428,299,06,067,004502
06085503333,"Census Tract 5033.33, Santa Clara County, California",1212,64,51,33,18,13,0,13,1148,546,388,158,602,389,213,06,085,503333
06085503334,"Census Tract 5033.34, Santa Clara County, California",2189,71,51,51,0,20,20,0,2118,1383,1053,330,735,340,395,06,085,503334
06085503336,"Census Tract 5033.36, Santa Clara County, California",894,41,21,21,0,20,20,0,853,360,291,69,493,414,79,06,085,503336
06085503337,"Census Tract 5033.37, Santa Clara County, California",909,6,0,0,0,6,6,0,903,412,351,61,491,389,102,06,085,503337
06085503710,"Census Tract 5037.10, Santa Clara County, California",887,86,86,28,58,0,0,0,801,285,266,19,516,373,143,06,085,503710
06085503711,"Census Tract 5037.11, Santa Clara County, California",1191,77,61,30,31,16,16,0,1114,529,289,240,585,452,133,06,085,503711
06085503712,"Census Tract 5037.12, Santa Clara County, California",1018,82,55,8,47,27,17,10,936,420,291,129,516,422,94,06,085,503712
06085503713,"Census Tract 5037.13, Santa Clara County, California",747,27,27,4,23,0,0,0,720,477,250,227,243,184,59,06,085,503713
06085503902,"Census Tract 5039.02, Santa Clara County, California",1448,159,159,111,48,0,0,0,1289,519,361,158,770,508,262,06,085,503902
06085503903,"Census Tract 5039.03, Santa Clara County, California",823,18,18,12,6,0,0,0,805,358,324,34,447,319,128,06,085,503903
06085504322,"Census Tract 5043.22, Santa Clara County, California",1669,149,149,41,108,0,0,0,1520,892,571,321,628,558,70,06,085,504322
06065040813,"Census Tract 408.13, Riverside County, California",1574,32,15,0,15,17,0,17,1542,751,446,305,791,530,261,06,065,040813
06065040814,"Census Tract 408.14, Riverside County, California",1537,85,72,24,48,13,13,0,1452,464,241,223,988,800,188,06,065,040814
06065040815,"Census Tract 408.15, Riverside County, California",911,62,27,9,18,35,18,17,849,430,309,121,419,310,109,06,065,040815
06065040816,"Census Tract 408.16, Riverside County, California",806,15,15,11,4,0,0,0,791,266,207,59,525,253,272,06,065,040816
06065040821,"Census Tract 408.21, Riverside County, California",1509,43,43,26,17,0,0,0,1466,629,468,161,837,578,259,06,065,040821
06065041101,"Census Tract 411.01, Riverside County, California",1504,173,112,60,52,61,0,61,1331,576,279,297,755,339,416,06,065,041101
06065041102,"Census Tract 411.02, Riverside County, California",1152,56,39,19,20,17,0,17,1096,449,314,135,647,457,190,06,065,041102
06065041301,"Census Tract 413.01, Riverside County, California",985,59,53,46,7,6,6,0,926,394,261,133,532,367,165,06,065,041301
06065041302,"Census Tract 413.02, Riverside County, California",1388,38,16,16,0,22,22,0,1350,665,479,186,685,383,302,06,065,041302
06065041910,"Census Tract 419.10, Riverside County, California",1788,82,82,57,25,0,0,0,1706,625,396,229,1081,759,322,06,065,041910
06065041911,"Census Tract 419.11, Riverside County, California",2516,121,121,88,33,0,0,0,2395,1657,1092,565,738,452,286,06,065,041911
06037212701,"Census Tract 2127.01, Los Angeles County, California",546,7,7,0,7,0,0,0,539,169,133,36,370,282,88,06,037,212701
06037212502,"Census Tract 2125.02, Los Angeles County, California",831,9,0,0,0,9,9,0,822,236,186,50,586,499,87,06,037,212502
06037212702,"Census Tract 2127.02, Los Angeles County, California",697,16,0,0,0,16,0,16,681,288,203,85,393,359,34,06,037,212702
06037214501,"Census Tract 2145.01, Los Angeles County, California",822,35,35,29,6,0,0,0,787,298,162,136,489,326,163,06,037,214501
06037214502,"Census Tract 2145.02, Los Angeles County, California",2068,34,34,0,34,0,0,0,2034,650,442,208,1384,964,420,06,037,214502
06037214503,"Census Tract 2145.03, Los Angeles County, California",1023,65,63,53,10,2,2,0,958,412,216,196,546,508,38,06,037,214503
06037214901,"Census Tract 2149.01, Los Angeles County, California",1147,90,90,16,74,0,0,0,1057,281,182,99,776,649,127,06,037,214901
06037214902,"Census Tract 2149.02, Los Angeles County, California",897,88,88,69,19,0,0,0,809,234,196,38,575,485,90,06,037,214902
06085504323,"Census Tract 5043.23, Santa Clara County, California",1543,135,135,72,63,0,0,0,1408,782,450,332,626,392,234,06,085,504323
06085505009,"Census Tract 5050.09, Santa Clara County, California",3100,122,114,89,25,8,8,0,2978,1584,1130,454,1394,1108,286,06,085,505009
06085508003,"Census Tract 5080.03, Santa Clara County, California",619,20,20,20,0,0,0,0,599,351,227,124,248,110,138,06,085,508003
06085508004,"Census Tract 5080.04, Santa Clara County, California",1760,72,72,22,50,0,0,0,1688,894,404,490,794,442,352,06,085,508004
06085508507,"Census Tract 5085.07, Santa Clara County, California",852,149,149,76,73,0,0,0,703,526,276,250,177,134,43,06,085,508507
06085508508,"Census Tract 5085.08, Santa Clara County, California",1291,93,87,28,59,6,6,0,1198,737,411,326,461,271,190,06,085,508508
06085504423,"Census Tract 5044.23, Santa Clara County, California",594,9,9,9,0,0,0,0,585,321,292,29,264,178,86,06,085,504423
06085505008,"Census Tract 5050.08, Santa Clara County, California",2631,250,250,129,121,0,0,0,2381,1279,772,507,1102,965,137,06,085,505008
06085511301,"Census Tract 5113.01, Santa Clara County, California",935,39,39,20,19,0,0,0,896,426,266,160,470,333,137,06,085,511301
06037910811,"Census Tract 9108.11, Los Angeles County, California",53,0,0,0,0,0,0,0,53,27,23,4,26,26,0,06,037,910811
06037910812,"Census Tract 9108.12, Los Angeles County, California",48,6,6,0,6,0,0,0,42,29,25,4,13,13,0,06,037,910812
06037910813,"Census Tract 9108.13, Los Angeles County, California",902,46,34,0,34,12,12,0,856,456,313,143,400,224,176,06,037,910813
06037911001,"Census Tract 9110.01, Los Angeles County, California",890,15,0,0,0,15,0,15,875,424,188,236,451,296,155,06,037,911001
06037920011,"Census Tract 9200.11, Los Angeles County, California",15,4,4,0,4,0,0,0,11,0,0,0,11,7,4,06,037,920011
06037920012,"Census Tract 9200.12, Los Angeles County, California",199,5,5,5,0,0,0,0,194,92,50,42,102,71,31,06,037,920012
06097153501,"Census Tract 1535.01, Sonoma County, California",815,25,25,10,15,0,0,0,790,325,242,83,465,367,98,06,097,153501
06097153703,"Census Tract 1537.03, Sonoma County, California",579,7,7,0,7,0,0,0,572,181,162,19,391,299,92,06,097,153703
06097151311,"Census Tract 1513.11, Sonoma County, California",1981,49,49,49,0,0,0,0,1932,612,508,104,1320,1027,293,06,097,151311
06097151504,"Census Tract 1515.04, Sonoma County, California",750,49,39,13,26,10,0,10,701,381,282,99,320,288,32,06,097,151504
06097152501,"Census Tract 1525.01, Sonoma County, California",1096,103,89,82,7,14,14,0,993,422,382,40,571,405,166,06,097,152501
06097152801,"Census Tract 1528.01, Sonoma County, California",1104,24,24,24,0,0,0,0,1080,584,498,86,496,449,47,06,097,152801
06097153404,"Census Tract 1534.04, Sonoma County, California",820,27,0,0,0,27,14,13,793,286,236,50,507,376,131,06,097,153404
06097153600,"Census Tract 1536, Sonoma County, California",1135,91,91,55,36,0,0,0,1044,314,234,80,730,527,203,06,097,153600
06097154000,"Census Tract 1540, Sonoma County, California",316,16,16,8,8,0,0,0,300,147,103,44,153,111,42,06,097,154000
06097152000,"Census Tract 1520, Sonoma County, California",551,17,6,6,0,11,11,0,534,187,183,4,347,297,50,06,097,152000
06097152802,"Census Tract 1528.02, Sonoma County, California",1797,204,172,66,106,32,0,32,1593,452,328,124,1141,920,221,06,097,152802
06097153300,"Census Tract 1533, Sonoma County, California",3157,40,24,0,24,16,0,16,3117,1087,728,359,2030,1476,554,06,097,153300
06037532002,"Census Tract 5320.02, Los Angeles County, California",881,39,16,0,16,23,23,0,842,317,243,74,525,381,144,06,037,532002
06037532101,"Census Tract 5321.01, Los Angeles County, California",1565,36,18,18,0,18,10,8,1529,549,288,261,980,642,338,06,037,532101
06037532604,"Census Tract 5326.04, Los Angeles County, California",774,35,17,8,9,18,18,0,739,217,114,103,522,300,222,06,037,532604
06037533804,"Census Tract 5338.04, Los Angeles County, California",1205,62,40,0,40,22,0,22,1143,463,280,183,680,478,202,06,037,533804
06037533901,"Census Tract 5339.01, Los Angeles County, California",1787,94,89,38,51,5,0,5,1693,620,454,166,1073,708,365,06,037,533901
06037534001,"Census Tract 5340.01, Los Angeles County, California",1515,74,48,48,0,26,17,9,1441,485,260,225,956,577,379,06,037,534001
06037534403,"Census Tract 5344.03, Los Angeles County, California",718,27,0,0,0,27,22,5,691,333,231,102,358,189,169,06,037,534403
06037534406,"Census Tract 5344.06, Los Angeles County, California",1285,70,33,20,13,37,20,17,1215,373,191,182,842,401,441,06,037,534406
06037534502,"Census Tract 5345.02, Los Angeles County, California",1120,50,0,0,0,50,50,0,1070,334,231,103,736,468,268,06,037,534502
06037535101,"Census Tract 5351.01, Los Angeles County, California",1924,107,69,36,33,38,20,18,1817,666,354,312,1151,606,545,06,037,535101
06037535503,"Census Tract 5355.03, Los Angeles County, California",550,39,6,6,0,33,24,9,511,166,112,54,345,232,113,06,037,535503
06037535604,"Census Tract 5356.04, Los Angeles County, California",1116,83,57,32,25,26,20,6,1033,315,215,100,718,495,223,06,037,535604
06037271300,"Census Tract 2713, Los Angeles County, California",1016,89,43,10,33,46,46,0,927,277,247,30,650,522,128,06,037,271300
06113010800,"Census Tract 108, Yolo County, California",868,14,14,0,14,0,0,0,854,385,267,118,469,261,208,06,113,010800
06113011001,"Census Tract 110.01, Yolo County, California",1865,27,20,0,20,7,7,0,1838,763,490,273,1075,764,311,06,113,011001
06113011300,"Census Tract 113, Yolo County, California",1985,170,170,124,46,0,0,0,1815,870,519,351,945,618,327,06,113,011300
06037215101,"Census Tract 2151.01, Los Angeles County, California",1357,60,60,31,29,0,0,0,1297,221,186,35,1076,828,248,06,037,215101
06037215102,"Census Tract 2151.02, Los Angeles County, California",1414,13,13,13,0,0,0,0,1401,308,296,12,1093,957,136,06,037,215102
06037216401,"Census Tract 2164.01, Los Angeles County, California",1086,13,13,13,0,0,0,0,1073,379,345,34,694,578,116,06,037,216401
06037216402,"Census Tract 2164.02, Los Angeles County, California",803,69,69,29,40,0,0,0,734,159,128,31,575,554,21,06,037,216402
06037217001,"Census Tract 2170.01, Los Angeles County, California",628,59,53,38,15,6,0,6,569,281,149,132,288,188,100,06,037,217001
06037217002,"Census Tract 2170.02, Los Angeles County, California",1736,15,0,0,0,15,15,0,1721,456,255,201,1265,1086,179,06,037,217002
06037218701,"Census Tract 2187.01, Los Angeles County, California",673,24,9,9,0,15,15,0,649,186,133,53,463,344,119,06,037,218701
06037218702,"Census Tract 2187.02, Los Angeles County, California",494,48,34,0,34,14,14,0,446,206,171,35,240,171,69,06,037,218702
06037219901,"Census Tract 2199.01, Los Angeles County, California",1171,107,36,14,22,71,0,71,1064,430,225,205,634,463,171,06,037,219901
06037219902,"Census Tract 2199.02, Los Angeles County, California",1165,32,13,13,0,19,19,0,1133,458,264,194,675,300,375,06,037,219902
06037221303,"Census Tract 2213.03, Los Angeles County, California",599,29,0,0,0,29,13,16,570,171,57,114,399,218,181,06,037,221303
06037221304,"Census Tract 2213.04, Los Angeles County, California",1015,13,13,13,0,0,0,0,1002,432,261,171,570,347,223,06,037,221304
06081610602,"Census Tract 6106.02, San Mateo County, California",798,80,52,52,0,28,0,28,718,464,270,194,254,162,92,06,081,610602
06081607702,"Census Tract 6077.02, San Mateo County, California",716,89,89,56,33,0,0,0,627,278,271,7,349,258,91,06,081,607702
06109002100,"Census Tract 21, Tuolumne County, California",761,41,38,24,14,3,3,0,720,340,292,48,380,258,122,06,109,002100
06109001100,"Census Tract 11, Tuolumne County, California",694,27,7,0,7,20,0,20,667,355,291,64,312,257,55,06,109,001100
06095252313,"Census Tract 2523.13, Solano County, California",984,55,55,55,0,0,0,0,929,458,223,235,471,367,104,06,095,252313
06095252314,"Census Tract 2523.14, Solano County, California",1189,60,0,0,0,60,60,0,1129,397,300,97,732,544,188,06,095,252314
06095252315,"Census Tract 2523.15, Solano County, California",1017,60,39,31,8,21,21,0,957,456,352,104,501,377,124,06,095,252315
06095252316,"Census Tract 2523.16, Solano County, California",1005,52,52,52,0,0,0,0,953,469,357,112,484,401,83,06,095,252316
06095252317,"Census Tract 2523.17, Solano County, California",2226,100,100,32,68,0,0,0,2126,1050,855,195,1076,860,216,06,095,252317
06095252610,"Census Tract 2526.10, Solano County, California",802,27,27,12,15,0,0,0,775,283,270,13,492,341,151,06,095,252610
06095252611,"Census Tract 2526.11, Solano County, California",1073,65,8,8,0,57,44,13,1008,325,215,110,683,502,181,06,095,252611
06095252801,"Census Tract 2528.01, Solano County, California",920,148,135,71,64,13,0,13,772,696,372,324,76,48,28,06,095,252801
06095252802,"Census Tract 2528.02, Solano County, California",233,18,18,4,14,0,0,0,215,155,79,76,60,60,0,06,095,252802
06095252911,"Census Tract 2529.11, Solano County, California",357,32,32,0,32,0,0,0,325,154,154,0,171,121,50,06,095,252911
06095252912,"Census Tract 2529.12, Solano County, California",1451,63,27,27,0,36,36,0,1388,664,407,257,724,485,239,06,095,252912
06095252913,"Census Tract 2529.13, Solano County, California",1113,83,83,50,33,0,0,0,1030,671,517,154,359,261,98,06,095,252913
06095252914,"Census Tract 2529.14, Solano County, California",1492,82,72,23,49,10,10,0,1410,608,425,183,802,609,193,06,095,252914
06095252915,"Census Tract 2529.15, Solano County, California",1158,26,14,5,9,12,12,0,1132,660,532,128,472,374,98,06,095,252915
06095253204,"Census Tract 2532.04, Solano County, California",1998,47,20,16,4,27,27,0,1951,914,796,118,1037,842,195,06,095,253204
06095253205,"Census Tract 2532.05, Solano County, California",710,37,22,2,20,15,0,15,673,314,235,79,359,288,71,06,095,253205
06095253206,"Census Tract 2532.06, Solano County, California",692,53,53,26,27,0,0,0,639,453,367,86,186,124,62,06,095,253206
06095253403,"Census Tract 2534.03, Solano County, California",1010,33,15,12,3,18,12,6,977,504,342,162,473,295,178,06,095,253403
06095253404,"Census Tract 2534.04, Solano County, California",1611,156,100,53,47,56,56,0,1455,786,522,264,669,515,154,06,095,253404
06095980000,"Census Tract 9800, Solano County, California",0,0,0,0,0,0,0,0,0,0,0,0,0,0,0,06,095,980000
06097150203,"Census Tract 1502.03, Sonoma County, California",635,17,17,17,0,0,0,0,618,357,262,95,261,131,130,06,097,150203
06097150204,"Census Tract 1502.04, Sonoma County, California",683,8,0,0,0,8,0,8,675,375,229,146,300,253,47,06,097,150204
06069000802,"Census Tract 8.02, San Benito County, California",539,37,32,4,28,5,0,5,502,263,179,84,239,158,81,06,069,000802
06071000115,"Census Tract 1.15, San Bernardino County, California",2076,119,119,119,0,0,0,0,1957,1027,585,442,930,574,356,06,071,000115
06113010602,"Census Tract 106.02, Yolo County, California",2278,31,11,11,0,20,20,0,2247,425,354,71,1822,1319,503,06,113,010602
06113010901,"Census Tract 109.01, Yolo County, California",1347,74,56,48,8,18,10,8,1273,551,370,181,722,565,157,06,113,010901
06113011500,"Census Tract 115, Yolo County, California",1288,145,132,62,70,13,0,13,1143,683,529,154,460,334,126,06,113,011500
06113010204,"Census Tract 102.04, Yolo County, California",1263,76,76,76,0,0,0,0,1187,428,307,121,759,525,234,06,113,010204
06113011103,"Census Tract 111.03, Yolo County, California",745,19,19,14,5,0,0,0,726,263,209,54,463,283,180,06,113,011103
06113011101,"Census Tract 111.01, Yolo County, California",834,22,22,22,0,0,0,0,812,405,308,97,407,300,107,06,113,011101
06113010509,"Census Tract 105.09, Yolo County, California",1248,35,22,22,0,13,13,0,1213,261,222,39,952,593,359,06,113,010509
06113011204,"Census Tract 112.04, Yolo County, California",1338,52,52,6,46,0,0,0,1286,582,448,134,704,468,236,06,113,011204
06113011102,"Census Tract 111.02, Yolo County, California",1387,115,79,63,16,36,12,24,1272,475,275,200,797,596,201,06,113,011102
06023000500,"Census Tract 5, Humboldt County, California",1166,100,59,59,0,41,41,0,1066,233,103,130,833,626,207,06,023,000500
06023001000,"Census Tract 10, Humboldt County, California",2340,137,84,84,0,53,29,24,2203,237,217,20,1966,1301,665,06,023,001000
06023010300,"Census Tract 103, Humboldt County, California",599,34,32,19,13,2,2,0,565,267,195,72,298,187,111,06,023,010300
06023010400,"Census Tract 104, Humboldt County, California",655,72,63,56,7,9,9,0,583,264,240,24,319,245,74,06,023,010400
06023010600,"Census Tract 106, Humboldt County, California",311,2,2,0,2,0,0,0,309,188,124,64,121,110,11,06,023,010600
06023010800,"Census Tract 108, Humboldt County, California",962,95,74,39,35,21,15,6,867,324,249,75,543,348,195,06,023,010800
06023000300,"Census Tract 3, Humboldt County, California",1409,126,49,0,49,77,77,0,1283,531,431,100,752,531,221,06,023,000300
06023000600,"Census Tract 6, Humboldt County, California",912,10,10,10,0,0,0,0,902,437,344,93,465,381,84,06,023,000600
06071000116,"Census Tract 1.16, San Bernardino County, California",3094,109,74,59,15,35,0,35,2985,1895,1217,678,1090,755,335,06,071,000116
06071000113,"Census Tract 1.13, San Bernardino County, California",2839,267,195,38,157,72,72,0,2572,1164,832,332,1408,843,565,06,071,000113
06071000117,"Census Tract 1.17, San Bernardino County, California",1614,17,17,17,0,0,0,0,1597,953,591,362,644,260,384,06,071,000117
06071010004,"Census Tract 100.04, San Bernardino County, California",1648,98,98,50,48,0,0,0,1550,629,503,126,921,504,417,06,071,010004
06071010014,"Census Tract 100.14, San Bernardino County, California",1313,109,109,5,104,0,0,0,1204,552,270,282,652,394,258,06,071,010014
06071010016,"Census Tract 100.16, San Bernardino County, California",1544,42,11,11,0,31,0,31,1502,644,424,220,858,512,346,06,071,010016
06071010017,"Census Tract 100.17, San Bernardino County, California",3597,38,38,0,38,0,0,0,3559,1591,1179,412,1968,1543,425,06,071,010017
06071010023,"Census Tract 100.23, San Bernardino County, California",1355,127,26,18,8,101,26,75,1228,639,466,173,589,421,168,06,071,010023
06071010300,"Census Tract 103, San Bernardino County, California",835,13,7,7,0,6,6,0,822,459,287,172,363,155,208,06,071,010300
06071011300,"Census Tract 113, San Bernardino County, California",138,0,0,0,0,0,0,0,138,124,107,17,14,3,11,06,071,011300
06071000103,"Census Tract 1.03, San Bernardino County, California",1229,57,49,39,10,8,0,8,1172,557,371,186,615,398,217,06,071,000103
06071001200,"Census Tract 12, San Bernardino County, California",1171,26,18,18,0,8,8,0,1145,683,502,181,462,366,96,06,071,001200
06071001600,"Census Tract 16, San Bernardino County, California",1495,40,26,13,13,14,0,14,1455,643,415,228,812,428,384,06,071,001600
06095252908,"Census Tract 2529.08, Solano County, California",883,20,20,20,0,0,0,0,863,402,277,125,461,418,43,06,095,252908
06095253101,"Census Tract 2531.01, Solano County, California",1165,20,20,0,20,0,0,0,1145,461,340,121,684,599,85,06,095,253101
06095251300,"Census Tract 2513, Solano County, California",499,13,13,0,13,0,0,0,486,193,159,34,293,275,18,06,095,251300
06095252704,"Census Tract 2527.04, Solano County, California",1173,18,18,10,8,0,0,0,1155,553,399,154,602,530,72,06,095,252704
06037533601,"Census Tract 5336.01, Los Angeles County, California",1404,41,41,0,41,0,0,0,1363,473,294,179,890,579,311,06,037,533601
06037534803,"Census Tract 5348.03, Los Angeles County, California",1222,44,21,4,17,23,23,0,1178,490,271,219,688,363,325,06,037,534803
06037535603,"Census Tract 5356.03, Los Angeles County, California",965,28,20,10,10,8,0,8,937,330,193,137,607,461,146,06,037,535603
06037535902,"Census Tract 5359.02, Los Angeles County, California",1925,75,52,24,28,23,0,23,1850,848,691,157,1002,674,328,06,037,535902
06037540102,"Census Tract 5401.02, Los Angeles County, California",1713,156,59,11,48,97,80,17,1557,573,322,251,984,671,313,06,037,540102
06037540502,"Census Tract 5405.02, Los Angeles County, California",1864,170,105,53,52,65,65,0,1694,597,383,214,1097,607,490,06,037,540502
06037540800,"Census Tract 5408, Los Angeles County, California",1482,34,34,34,0,0,0,0,1448,473,370,103,975,719,256,06,037,540800
06037541300,"Census Tract 5413, Los Angeles County, California",1477,40,27,7,20,13,7,6,1437,629,429,200,808,563,245,06,037,541300
06037541400,"Census Tract 5414, Los Angeles County, California",1782,201,120,69,51,81,34,47,1581,552,371,181,1029,636,393,06,037,541400
06037542900,"Census Tract 5429, Los Angeles County, California",823,45,17,12,5,28,28,0,778,324,164,160,454,261,193,06,037,542900
06037550700,"Census Tract 5507, Los Angeles County, California",1478,94,15,15,0,79,0,79,1384,566,460,106,818,462,356,06,037,550700
06037551800,"Census Tract 5518, Los Angeles County, California",2336,136,22,22,0,114,63,51,2200,734,579,155,1466,1064,402,06,037,551800
06037211410,"Census Tract 2114.10, Los Angeles County, California",698,5,5,0,5,0,0,0,693,273,267,6,420,243,177,06,037,211410
06037211500,"Census Tract 2115, Los Angeles County, California",827,6,0,0,0,6,6,0,821,439,293,146,382,342,40,06,037,211500
06037212420,"Census Tract 2124.20, Los Angeles County, California",977,56,30,17,13,26,13,13,921,305,228,77,616,431,185,06,037,212420
06037212800,"Census Tract 2128, Los Angeles County, California",1042,8,8,8,0,0,0,0,1034,340,201,139,694,527,167,06,037,212800
06037213100,"Census Tract 2131, Los Angeles County, California",662,41,41,21,20,0,0,0,621,311,250,61,310,190,120,06,037,213100
06037216300,"Census Tract 2163, Los Angeles County, California",1334,61,61,61,0,0,0,0,1273,469,363,106,804,513,291,06,037,216300
06037219800,"Census Tract 2198, Los Angeles County, California",721,48,18,9,9,30,9,21,673,243,188,55,430,270,160,06,037,219800
06037222700,"Census Tract 2227, Los Angeles County, California",2224,0,0,0,0,0,0,0,2224,0,0,0,2224,668,1556,06,037,222700
06037224310,"Census Tract 2243.10, Los Angeles County, California",617,46,31,15,16,15,15,0,571,212,172,40,359,205,154,06,037,224310
06037224420,"Census Tract 2244.20, Los Angeles County, California",874,44,8,0,8,36,17,19,830,176,115,61,654,479,175,06,037,224420
06037228220,"Census Tract 2282.20, Los Angeles County, California",1131,39,6,6,0,33,18,15,1092,367,234,133,725,406,319,06,037,228220
06037228320,"Census Tract 2283.20, Los Angeles County, California",876,13,9,9,0,4,4,0,863,297,181,116,566,406,160,06,037,228320
06037228410,"Census Tract 2284.10, Los Angeles County, California",933,77,42,15,27,35,28,7,856,269,148,121,587,408,179,06,037,228410
06037228420,"Census Tract 2284.20, Los Angeles County, California",837,30,17,3,14,13,0,13,807,320,189,131,487,251,236,06,037,228420
06103000800,"Census Tract 8, Tehama County, California",784,18,11,11,0,7,7,0,766,475,304,171,291,230,61,06,103,000800
06103000900,"Census Tract 9, Tehama County, California",769,34,34,0,34,0,0,0,735,251,179,72,484,187,297,06,103,000900
06103000100,"Census Tract 1, Tehama County, California",704,84,14,5,9,70,39,31,620,372,251,121,248,134,114,06,103,000100
06103000300,"Census Tract 3, Tehama County, California",851,29,16,1,15,13,5,8,822,387,211,176,435,256,179,06,103,000300
06103000200,"Census Tract 2, Tehama County, California",1675,121,121,114,7,0,0,0,1554,872,548,324,682,468,214,06,103,000200
06103000400,"Census Tract 4, Tehama County, California",865,6,6,0,6,0,0,0,859,529,452,77,330,108,222,06,103,000400
06103001100,"Census Tract 11, Tehama County, California",1933,91,28,18,10,63,0,63,1842,850,625,225,992,613,379,06,103,001100
06103000500,"Census Tract 5, Tehama County, California",1145,24,24,24,0,0,0,0,1121,394,299,95,727,467,260,06,103,000500
06103001000,"Census Tract 10, Tehama County, California",1165,41,34,19,15,7,0,7,1124,680,439,241,444,304,140,06,103,001000
06025010200,"Census Tract 102, Imperial County, California",600,37,26,16,10,11,0,11,563,217,180,37,346,147,199,06,025,010200
06025010400,"Census Tract 104, Imperial County, California",1561,184,62,62,0,122,66,56,1377,407,247,160,970,655,315,06,025,010400
06067004006,"Census Tract 40.06, Sacramento County, California",1004,45,45,45,0,0,0,0,959,403,226,177,556,394,162,06,067,004006
06067004010,"Census Tract 40.10, Sacramento County, California",1305,40,28,11,17,12,0,12,1265,354,314,40,911,795,116,06,067,004010
06067004011,"Census Tract 40.11, Sacramento County, California",770,47,47,19,28,0,0,0,723,288,244,44,435,312,123,06,067,004011
06067004903,"Census Tract 49.03, Sacramento County, California",1858,117,94,39,55,23,23,0,1741,571,335,236,1170,705,465,06,067,004903
06067004906,"Census Tract 49.06, Sacramento County, California",709,33,23,10,13,10,0,10,676,286,206,80,390,260,130,06,067,004906
06067005002,"Census Tract 50.02, Sacramento County, California",1287,90,13,13,0,77,77,0,1197,619,377,242,578,276,302,06,067,005002
06067005506,"Census Tract 55.06, Sacramento County, California",1207,48,48,0,48,0,0,0,1159,428,270,158,731,525,206,06,067,005506
06067005801,"Census Tract 58.01, Sacramento County, California",834,70,67,67,0,3,0,3,764,465,311,154,299,231,68,06,067,005801
06067006300,"Census Tract 63, Sacramento County, California",1423,99,74,44,30,25,13,12,1324,485,253,232,839,438,401,06,067,006300
06067007012,"Census Tract 70.12, Sacramento County, California",866,35,34,25,9,1,0,1,831,263,248,15,568,375,193,06,067,007012
06067007204,"Census Tract 72.04, Sacramento County, California",1379,73,64,27,37,9,0,9,1306,636,466,170,670,455,215,06,067,007204
06067007423,"Census Tract 74.23, Sacramento County, California",1749,106,57,0,57,49,49,0,1643,453,215,238,1190,754,436,06,067,007423
06067007905,"Census Tract 79.05, Sacramento County, California",740,68,54,46,8,14,14,0,672,404,333,71,268,142,126,06,067,007905
06067007906,"Census Tract 79.06, Sacramento County, California",714,30,29,29,0,1,0,1,684,340,196,144,344,301,43,06,067,007906
06067008128,"Census Tract 81.28, Sacramento County, California",538,6,6,6,0,0,0,0,532,207,162,45,325,255,70,06,067,008128
06067008141,"Census Tract 81.41, Sacramento County, California",1780,72,34,34,0,38,38,0,1708,698,413,285,1010,858,152,06,067,008141
06067008142,"Census Tract 81.42, Sacramento County, California",1019,52,0,0,0,52,35,17,967,479,339,140,488,385,103,06,067,008142
06067008403,"Census Tract 84.03, Sacramento County, California",1349,111,111,0,111,0,0,0,1238,641,482,159,597,382,215,06,067,008403
06017031402,"Census Tract 314.02, El Dorado County, California",910,1,1,0,1,0,0,0,909,406,318,88,503,201,302,06,017,031402
06017031000,"Census Tract 310, El Dorado County, California",1229,0,0,0,0,0,0,0,1229,698,517,181,531,334,197,06,017,031000
06055200202,"Census Tract 2002.02, Napa County, California",574,0,0,0,0,0,0,0,574,268,208,60,306,230,76,06,055,200202
06055200400,"Census Tract 2004, Napa County, California",828,55,39,39,0,16,16,0,773,410,295,115,363,308,55,06,055,200400
06019006405,"Census Tract 64.05, Fresno County, California",788,36,36,36,0,0,0,0,752,514,315,199,238,152,86,06,019,006405
06019006201,"Census Tract 62.01, Fresno County, California",538,44,10,10,0,34,3,31,494,295,212,83,199,121,78,06,019,006201
06019006202,"Census Tract 62.02, Fresno County, California",1555,145,89,39,50,56,40,16,1410,544,352,192,866,574,292,06,019,006202
06019006501,"Census Tract 65.01, Fresno County, California",1509,150,50,7,43,100,80,20,1359,565,435,130,794,367,427,06,019,006501
06019006502,"Census Tract 65.02, Fresno County, California",1055,75,52,40,12,23,23,0,980,439,346,93,541,325,216,06,019,006502
06019006603,"Census Tract 66.03, Fresno County, California",542,25,25,0,25,0,0,0,517,197,148,49,320,169,151,06,019,006603
06081608004,"Census Tract 6080.04, San Mateo County, California",2019,55,55,41,14,0,0,0,1964,1358,784,574,606,498,108,06,081,608004
06081608023,"Census Tract 6080.23, San Mateo County, California",472,24,24,6,18,0,0,0,448,298,241,57,150,87,63,06,081,608023
06037228500,"Census Tract 2285, Los Angeles County, California",1302,113,9,9,0,104,24,80,1189,371,247,124,818,391,427,06,037,228500
06037228900,"Census Tract 2289, Los Angeles County, California",770,31,10,10,0,21,8,13,739,186,60,126,553,248,305,06,037,228900
06037229420,"Census Tract 2294.20, Los Angeles County, California",1322,81,13,13,0,68,6,62,1241,354,164,190,887,483,404,06,037,229420
06037231220,"Census Tract 2312.20, Los Angeles County, California",1313,51,32,20,12,19,0,19,1262,494,353,141,768,408,360,06,037,231220
06037231500,"Census Tract 2315, Los Angeles County, California",1210,121,8,0,8,113,87,26,1089,306,251,55,783,535,248,06,037,231500
06037234200,"Census Tract 2342, Los Angeles County, California",531,26,26,26,0,0,0,0,505,268,256,12,237,146,91,06,037,234200
06083002306,"Census Tract 23.06, Santa Barbara County, California",2135,19,19,9,10,0,0,0,2116,1172,844,328,944,580,364,06,083,002306
06083002402,"Census Tract 24.02, Santa Barbara County, California",3388,165,111,28,83,54,32,22,3223,1336,908,428,1887,1396,491,06,083,002402
06083002808,"Census Tract 28.08, Santa Barbara County, California",1694,55,55,17,38,0,0,0,1639,856,673,183,783,483,300,06,083,002808
06083002604,"Census Tract 26.04, Santa Barbara County, California",39,0,0,0,0,0,0,0,39,36,25,11,3,3,0,06,083,002604
06083000101,"Census Tract 1.01, Santa Barbara County, California",1044,24,24,13,11,0,0,0,1020,474,400,74,546,365,181,06,083,000101
06083000900,"Census Tract 9, Santa Barbara County, California",927,11,5,5,0,6,6,0,916,255,255,0,661,608,53,06,083,000900
06083002005,"Census Tract 20.05, Santa Barbara County, California",1159,18,10,10,0,8,8,0,1141,518,408,110,623,572,51,06,083,002005
06083002010,"Census Tract 20.10, Santa Barbara County, California",938,66,66,61,5,0,0,0,872,464,330,134,408,249,159,06,083,002010
06083002013,"Census Tract 20.13, Santa Barbara County, California",471,12,0,0,0,12,12,0,459,279,205,74,180,141,39,06,083,002013
06067003300,"Census Tract 33, Sacramento County, California",890,68,68,37,31,0,0,0,822,356,335,21,466,384,82,06,067,003300
06067003400,"Census Tract 34, Sacramento County, California",756,62,62,44,18,0,0,0,694,322,233,89,372,312,60,06,067,003400
06067004005,"Census Tract 40.05, Sacramento County, California",831,50,38,38,0,12,0,12,781,329,249,80,452,340,112,06,067,004005
06067004402,"Census Tract 44.02, Sacramento County, California",908,84,80,35,45,4,4,0,824,277,119,158,547,387,160,06,067,004402
06067005102,"Census Tract 51.02, Sacramento County, California",917,111,62,41,21,49,25,24,806,297,202,95,509,470,39,06,067,005102
06067005402,"Census Tract 54.02, Sacramento County, California",750,0,0,0,0,0,0,0,750,210,102,108,540,484,56,06,067,005402
06067005403,"Census Tract 54.03, Sacramento County, California",820,0,0,0,0,0,0,0,820,97,88,9,723,476,247,06,067,005403
06067005702,"Census Tract 57.02, Sacramento County, California",876,37,31,18,13,6,6,0,839,540,460,80,299,195,104,06,067,005702
06067005803,"Census Tract 58.03, Sacramento County, California",584,15,15,0,15,0,0,0,569,345,269,76,224,157,67,06,067,005803
06067002000,"Census Tract 20, Sacramento County, California",718,21,12,0,12,9,9,0,697,177,177,0,520,456,64,06,067,002000
06037570303,"Census Tract 5703.03, Los Angeles County, California",1178,111,34,9,25,77,12,65,1067,389,216,173,678,405,273,06,037,570303
06037570603,"Census Tract 5706.03, Los Angeles County, California",1454,75,8,0,8,67,67,0,1379,429,309,120,950,641,309,06,037,570603
06037570702,"Census Tract 5707.02, Los Angeles County, California",524,15,15,15,0,0,0,0,509,233,158,75,276,164,112,06,037,570702
06037576200,"Census Tract 5762, Los Angeles County, California",1755,0,0,0,0,0,0,0,1755,360,243,117,1395,914,481,06,037,576200
06037577100,"Census Tract 5771, Los Angeles County, California",2061,125,125,125,0,0,0,0,1936,649,546,103,1287,1062,225,06,037,577100
06037577200,"Census Tract 5772, Los Angeles County, California",1705,14,14,14,0,0,0,0,1691,462,462,0,1229,1088,141,06,037,577200
06081608100,"Census Tract 6081, San Mateo County, California",873,37,37,23,14,0,0,0,836,561,364,197,275,242,33,06,081,608100
06081608502,"Census Tract 6085.02, San Mateo County, California",812,27,20,20,0,7,7,0,785,324,249,75,461,410,51,06,081,608502
06081600100,"Census Tract 6001, San Mateo County, California",1156,40,25,25,0,15,15,0,1116,554,519,35,562,337,225,06,081,600100
06081601100,"Census Tract 6011, San Mateo County, California",1488,14,14,14,0,0,0,0,1474,722,641,81,752,660,92,06,081,601100
06083001304,"Census Tract 13.04, Santa Barbara County, California",1640,109,0,0,0,109,109,0,1531,760,604,156,771,687,84,06,083,001304
06071002021,"Census Tract 20.21, San Bernardino County, California",1045,35,35,35,0,0,0,0,1010,499,336,163,511,386,125,06,071,002021
06071002022,"Census Tract 20.22, San Bernardino County, California",2813,40,30,30,0,10,10,0,2773,1877,1351,526,896,491,405,06,071,002022
06071002023,"Census Tract 20.23, San Bernardino County, California",1465,60,47,18,29,13,13,0,1405,618,431,187,787,694,93,06,071,002023
06071002025,"Census Tract 20.25, San Bernardino County, California",953,62,62,52,10,0,0,0,891,510,469,41,381,268,113,06,071,002025
06071002027,"Census Tract 20.27, San Bernardino County, California",1540,64,64,39,25,0,0,0,1476,555,329,226,921,806,115,06,071,002027
06071002028,"Census Tract 20.28, San Bernardino County, California",1198,7,0,0,0,7,7,0,1191,592,486,106,599,491,108,06,071,002028
06071002029,"Census Tract 20.29, San Bernardino County, California",1414,27,16,0,16,11,11,0,1387,724,520,204,663,378,285,06,071,002029
06071002031,"Census Tract 20.31, San Bernardino County, California",1564,110,110,53,57,0,0,0,1454,675,497,178,779,502,277,06,071,002031
06071002033,"Census Tract 20.33, San Bernardino County, California",1798,284,123,74,49,161,64,97,1514,629,398,231,885,533,352,06,071,002033
06071002034,"Census Tract 20.34, San Bernardino County, California",4067,84,84,39,45,0,0,0,3983,1901,1200,701,2082,1402,680,06,071,002034
06071002035,"Census Tract 20.35, San Bernardino County, California",1729,104,88,62,26,16,0,16,1625,838,738,100,787,621,166,06,071,002035
06071002036,"Census Tract 20.36, San Bernardino County, California",3892,295,251,194,57,44,44,0,3597,1641,1053,588,1956,1503,453,06,071,002036
06071002101,"Census Tract 21.01, San Bernardino County, California",1420,87,87,7,80,0,0,0,1333,470,233,237,863,567,296,06,071,002101
06071002037,"Census Tract 20.37, San Bernardino County, California",2126,106,64,45,19,42,0,42,2020,1047,800,247,973,591,382,06,071,002037
06081608700,"Census Tract 6087, San Mateo County, California",1590,157,157,135,22,0,0,0,1433,819,610,209,614,412,202,06,081,608700
06081609603,"Census Tract 6096.03, San Mateo County, California",972,61,61,61,0,0,0,0,911,553,372,181,358,227,131,06,081,609603
06081611900,"Census Tract 6119, San Mateo County, California",2776,157,94,50,44,63,20,43,2619,1191,766,425,1428,1096,332,06,081,611900
06081612800,"Census Tract 6128, San Mateo County, California",653,68,68,61,7,0,0,0,585,411,253,158,174,135,39,06,081,612800
06081601800,"Census Tract 6018, San Mateo County, California",1755,152,90,56,34,62,19,43,1603,787,660,127,816,663,153,06,081,601800
06081600800,"Census Tract 6008, San Mateo County, California",2327,94,71,12,59,23,23,0,2233,720,548,172,1513,1149,364,06,081,600800
06081601200,"Census Tract 6012, San Mateo County, California",1929,88,88,25,63,0,0,0,1841,846,694,152,995,676,319,06,081,601200
06081602600,"Census Tract 6026, San Mateo County, California",2073,41,41,41,0,0,0,0,2032,985,773,212,1047,749,298,06,081,602600
06081603100,"Census Tract 6031, San Mateo County, California",813,31,31,23,8,0,0,0,782,327,284,43,455,288,167,06,081,603100
06081604500,"Census Tract 6045, San Mateo County, California",782,7,7,7,0,0,0,0,775,404,320,84,371,167,204,06,081,604500
06001442700,"Census Tract 4427, Alameda County, California",616,23,23,15,8,0,0,0,593,381,303,78,212,116,96,06,001,442700
06001451201,"Census Tract 4512.01, Alameda County, California",1755,118,73,73,0,45,42,3,1637,820,603,217,817,537,280,06,001,451201
06001451401,"Census Tract 4514.01, Alameda County, California",1292,75,59,59,0,16,16,0,1217,677,572,105,540,358,182,06,001,451401
06001451602,"Census Tract 4516.02, Alameda County, California",1355,104,104,84,20,0,0,0,1251,559,468,91,692,593,99,06,001,451602
06001400300,"Census Tract 4003, Alameda County, California",1259,50,50,50,0,0,0,0,1209,600,552,48,609,547,62,06,001,400300
06001401800,"Census Tract 4018, Alameda County, California",514,10,10,10,0,0,0,0,504,119,119,0,385,340,45,06,001,401800
06001404502,"Census Tract 4045.02, Alameda County, California",1216,107,107,87,20,0,0,0,1109,781,670,111,328,267,61,06,001,404502
06001406700,"Census Tract 4067, Alameda County, California",892,23,0,0,0,23,21,2,869,407,297,110,462,431,31,06,001,406700
06001408600,"Census Tract 4086, Alameda County, California",1823,233,91,27,64,142,55,87,1590,502,310,192,1088,690,398,06,001,408600
06001409000,"Census Tract 4090, Alameda County, California",917,117,62,54,8,55,18,37,800,363,200,163,437,299,138,06,001,409000
06001409800,"Census Tract 4098, Alameda County, California",910,36,0,0,0,36,36,0,874,271,171,100,603,383,220,06,001,409800
06001410000,"Census Tract 4100, Alameda County, California",763,34,22,22,0,12,12,0,729,195,159,36,534,452,82,06,001,410000
06001421200,"Census Tract 4212, Alameda County, California",626,14,14,14,0,0,0,0,612,322,232,90,290,167,123,06,001,421200
06001423500,"Census Tract 4235, Alameda County, California",903,50,40,40,0,10,10,0,853,252,252,0,601,457,144,06,001,423500
06037600501,"Census Tract 6005.01, Los Angeles County, California",633,14,11,5,6,3,3,0,619,177,128,49,442,336,106,06,037,600501
06037600502,"Census Tract 6005.02, Los Angeles County, California",594,17,0,0,0,17,17,0,577,223,194,29,354,262,92,06,037,600502
06037600702,"Census Tract 6007.02, Los Angeles County, California",1130,75,30,30,0,45,0,45,1055,357,308,49,698,528,170,06,037,600702
06025010700,"Census Tract 107, Imperial County, California",1205,38,25,25,0,13,13,0,1167,424,275,149,743,512,231,06,025,010700
06025010900,"Census Tract 109, Imperial County, California",1429,21,21,21,0,0,0,0,1408,774,476,298,634,404,230,06,025,010900
06025011201,"Census Tract 112.01, Imperial County, California",1631,137,98,27,71,39,13,26,1494,663,469,194,831,564,267,06,025,011201
06025011500,"Census Tract 115, Imperial County, California",1490,47,9,9,0,38,38,0,1443,569,394,175,874,443,431,06,025,011500
06025012100,"Census Tract 121, Imperial County, California",1530,57,0,0,0,57,57,0,1473,315,222,93,1158,965,193,06,025,012100
06025011300,"Census Tract 113, Imperial County, California",2986,208,127,57,70,81,68,13,2778,1114,726,388,1664,877,787,06,025,011300
06025010300,"Census Tract 103, Imperial County, California",171,7,3,3,0,4,4,0,164,113,58,55,51,36,15,06,025,010300
06025011000,"Census Tract 110, Imperial County, California",3873,407,265,180,85,142,142,0,3466,1311,1152,159,2155,1575,580,06,025,011000
06025011100,"Census Tract 111, Imperial County, California",947,41,23,23,0,18,18,0,906,309,182,127,597,440,157,06,025,011100
06025011600,"Census Tract 116, Imperial County, California",1389,45,12,12,0,33,33,0,1344,396,197,199,948,566,382,06,025,011600
06025012400,"Census Tract 124, Imperial County, California",49,0,0,0,0,0,0,0,49,0,0,0,49,42,7,06,025,012400
06025010600,"Census Tract 106, Imperial County, California",1292,32,12,12,0,20,20,0,1260,668,491,177,592,495,97,06,025,010600
06025010500,"Census Tract 105, Imperial County, California",1558,91,59,59,0,32,0,32,1467,531,225,306,936,522,414,06,025,010500
06025011202,"Census Tract 112.02, Imperial County, California",1227,104,79,20,59,25,16,9,1123,361,192,169,762,464,298,06,025,011202
06025011700,"Census Tract 117, Imperial County, California",1249,33,33,8,25,0,0,0,1216,558,280,278,658,429,229,06,025,011700
06073004700,"Census Tract 47, San Diego County, California",430,26,26,9,17,0,0,0,404,101,80,21,303,213,90,06,073,004700
06037910504,"Census Tract 9105.04, Los Angeles County, California",1254,69,6,6,0,63,35,28,1185,498,367,131,687,311,376,06,037,910504
06037910505,"Census Tract 9105.05, Los Angeles County, California",831,11,11,11,0,0,0,0,820,348,168,180,472,262,210,06,037,910505
06037910210,"Census Tract 9102.10, Los Angeles County, California",1806,75,75,75,0,0,0,0,1731,808,581,227,923,597,326,06,037,910210
06037910605,"Census Tract 9106.05, Los Angeles County, California",1226,17,17,17,0,0,0,0,1209,468,324,144,741,389,352,06,037,910605
06037910606,"Census Tract 9106.06, Los Angeles County, California",775,44,44,26,18,0,0,0,731,263,136,127,468,227,241,06,037,910606
06037910711,"Census Tract 9107.11, Los Angeles County, California",1667,53,53,37,16,0,0,0,1614,776,410,366,838,546,292,06,037,910711
06037910712,"Census Tract 9107.12, Los Angeles County, California",663,39,11,0,11,28,8,20,624,230,124,106,394,248,146,06,037,910712
06073019803,"Census Tract 198.03, San Diego County, California",1169,90,77,66,11,13,13,0,1079,470,303,167,609,474,135,06,073,019803
06073019903,"Census Tract 199.03, San Diego County, California",1189,58,44,30,14,14,14,0,1131,510,377,133,621,488,133,06,073,019903
06087110200,"Census Tract 1102, Santa Cruz County, California",1785,188,149,72,77,39,0,39,1597,581,383,198,1016,836,180,06,087,110200
06025011803,"Census Tract 118.03, Imperial County, California",1265,110,110,19,91,0,0,0,1155,554,438,116,601,363,238,06,025,011803
06025012302,"Census Tract 123.02, Imperial County, California",1116,14,9,0,9,5,5,0,1102,473,270,203,629,470,159,06,025,012302
06025011400,"Census Tract 114, Imperial County, California",992,39,19,19,0,20,0,20,953,353,239,114,600,296,304,06,025,011400
06025012301,"Census Tract 123.01, Imperial County, California",303,95,26,26,0,69,69,0,208,139,116,23,69,11,58,06,025,012301
06025010800,"Census Tract 108, Imperial County, California",127,0,0,0,0,0,0,0,127,82,44,38,45,41,4,06,025,010800
06025011802,"Census Tract 118.02, Imperial County, California",1143,98,69,32,37,29,29,0,1045,551,341,210,494,381,113,06,025,011802
06025011801,"Census Tract 118.01, Imperial County, California",961,55,45,45,0,10,10,0,906,363,257,106,543,415,128,06,025,011801
06025011900,"Census Tract 119, Imperial County, California",3039,298,224,81,143,74,74,0,2741,966,643,323,1775,911,864,06,025,011900
06025012200,"Census Tract 122, Imperial County, California",1706,84,46,24,22,38,0,38,1622,604,348,256,1018,595,423,06,025,012200
06051000200,"Census Tract 2, Mono County, California",2118,68,68,68,0,0,0,0,2050,670,630,40,1380,1192,188,06,051,000200
06069000200,"Census Tract 2, San Benito County, California",1276,99,42,10,32,57,11,46,1177,500,352,148,677,422,255,06,069,000200
06069000600,"Census Tract 6, San Benito County, California",2381,188,137,93,44,51,20,31,2193,903,717,186,1290,1094,196,06,069,000600
06069000100,"Census Tract 1, San Benito County, California",904,42,42,42,0,0,0,0,862,337,236,101,525,407,118,06,069,000100
06069000400,"Census Tract 4, San Benito County, California",1407,59,37,37,0,22,0,22,1348,599,394,205,749,645,104,06,069,000400
06069000300,"Census Tract 3, San Benito County, California",1086,52,17,17,0,35,28,7,1034,526,384,142,508,342,166,06,069,000300
06001424002,"Census Tract 4240.02, Alameda County, California",660,24,20,8,12,4,4,0,636,297,188,109,339,251,88,06,001,424002
06001430900,"Census Tract 4309, Alameda County, California",1303,113,68,35,33,45,45,0,1190,491,337,154,699,589,110,06,001,430900
06001431000,"Census Tract 4310, Alameda County, California",790,94,63,40,23,31,23,8,696,462,359,103,234,226,8,06,001,431000
06001432800,"Census Tract 4328, Alameda County, California",802,25,16,16,0,9,9,0,777,396,322,74,381,315,66,06,001,432800
06001433102,"Census Tract 4331.02, Alameda County, California",1026,67,23,23,0,44,44,0,959,423,373,50,536,384,152,06,001,433102
06085507904,"Census Tract 5079.04, Santa Clara County, California",609,5,5,5,0,0,0,0,604,420,322,98,184,71,113,06,085,507904
06085508504,"Census Tract 5085.04, Santa Clara County, California",2260,174,174,100,74,0,0,0,2086,1310,688,622,776,627,149,06,085,508504
06085508505,"Census Tract 5085.05, Santa Clara County, California",1174,97,97,37,60,0,0,0,1077,646,467,179,431,387,44,06,085,508505
06085508704,"Census Tract 5087.04, Santa Clara County, California",2377,161,161,32,129,0,0,0,2216,1319,947,372,897,826,71,06,085,508704
06037577603,"Census Tract 5776.03, Los Angeles County, California",1664,25,25,25,0,0,0,0,1639,640,501,139,999,766,233,06,037,577603
06037601002,"Census Tract 6010.02, Los Angeles County, California",1406,69,53,53,0,16,16,0,1337,426,284,142,911,670,241,06,037,601002
06037601401,"Census Tract 6014.01, Los Angeles County, California",1196,102,60,36,24,42,31,11,1094,333,213,120,761,624,137,06,037,601401
06037602004,"Census Tract 6020.04, Los Angeles County, California",899,13,0,0,0,13,0,13,886,318,185,133,568,360,208,06,037,602004
06037602301,"Census Tract 6023.01, Los Angeles County, California",1400,164,109,48,61,55,55,0,1236,523,451,72,713,481,232,06,037,602301
06037602403,"Census Tract 6024.03, Los Angeles County, California",1459,84,38,11,27,46,36,10,1375,590,440,150,785,653,132,06,037,602403
06037603001,"Census Tract 6030.01, Los Angeles County, California",1661,23,4,1,3,19,0,19,1638,675,563,112,963,729,234,06,037,603001
06037503401,"Census Tract 5034.01, Los Angeles County, California",1503,165,165,97,68,0,0,0,1338,495,434,61,843,591,252,06,037,503401
06037532400,"Census Tract 5324, Los Angeles County, California",17,0,0,0,0,0,0,0,17,10,8,2,7,7,0,06,037,532400
06037402502,"Census Tract 4025.02, Los Angeles County, California",1816,83,54,54,0,29,17,12,1733,598,394,204,1135,737,398,06,037,402502
06037404600,"Census Tract 4046, Los Angeles County, California",303,12,3,0,3,9,7,2,291,103,76,27,188,132,56,06,037,404600
06037301204,"Census Tract 3012.04, Los Angeles County, California",1357,57,57,36,21,0,0,0,1300,559,401,158,741,625,116,06,037,301204
06037311600,"Census Tract 3116, Los Angeles County, California",2042,96,96,96,0,0,0,0,1946,614,481,133,1332,1073,259,06,037,311600
06073013308,"Census Tract 133.08, San Diego County, California",1041,31,31,7,24,0,0,0,1010,321,247,74,689,557,132,06,073,013308
06073013309,"Census Tract 133.09, San Diego County, California",1488,12,12,12,0,0,0,0,1476,907,648,259,569,413,156,06,073,013309
06073013410,"Census Tract 134.10, San Diego County, California",1831,132,78,78,0,54,32,22,1699,898,743,155,801,534,267,06,073,013410
06073013418,"Census Tract 134.18, San Diego County, California",1361,137,52,52,0,85,85,0,1224,510,430,80,714,596,118,06,073,013418
06073013504,"Census Tract 135.04, San Diego County, California",887,64,64,31,33,0,0,0,823,368,292,76,455,379,76,06,073,013504
06073013601,"Census Tract 136.01, San Diego County, California",1235,133,69,69,0,64,60,4,1102,496,338,158,606,443,163,06,073,013601
06073013903,"Census Tract 139.03, San Diego County, California",981,44,33,33,0,11,11,0,937,391,338,53,546,326,220,06,073,013903
06073013907,"Census Tract 139.07, San Diego County, California",1186,32,32,0,32,0,0,0,1154,511,331,180,643,481,162,06,073,013907
06073014602,"Census Tract 146.02, San Diego County, California",1345,136,136,110,26,0,0,0,1209,551,447,104,658,542,116,06,073,014602
06073014803,"Census Tract 148.03, San Diego County, California",1497,97,49,11,38,48,48,0,1400,532,439,93,868,672,196,06,073,014803
06073015701,"Census Tract 157.01, San Diego County, California",1766,179,75,31,44,104,104,0,1587,501,176,325,1086,711,375,06,073,015701
06073016617,"Census Tract 166.17, San Diego County, California",747,15,15,15,0,0,0,0,732,368,326,42,364,317,47,06,073,016617
06073016810,"Census Tract 168.10, San Diego County, California",630,44,44,33,11,0,0,0,586,309,213,96,277,172,105,06,073,016810
06073016811,"Census Tract 168.11, San Diego County, California",835,33,28,16,12,5,0,5,802,415,333,82,387,283,104,06,073,016811
06073017014,"Census Tract 170.14, San Diego County, California",72,0,0,0,0,0,0,0,72,26,26,0,46,39,7,06,073,017014
06073017019,"Census Tract 170.19, San Diego County, California",719,0,0,0,0,0,0,0,719,391,258,133,328,306,22,06,073,017019
06073017032,"Census Tract 170.32, San Diego County, California",3972,87,87,0,87,0,0,0,3885,2487,1781,706,1398,792,606,06,073,017032
06073017037,"Census Tract 170.37, San Diego County, California",1331,61,46,46,0,15,15,0,1270,723,669,54,547,420,127,06,073,017037
06073017106,"Census Tract 171.06, San Diego County, California",880,30,14,14,0,16,16,0,850,341,151,190,509,318,191,06,073,017106
06073017601,"Census Tract 176.01, San Diego County, California",828,26,26,26,0,0,0,0,802,516,347,169,286,101,185,06,073,017601
06073000100,"Census Tract 1, San Diego County, California",541,0,0,0,0,0,0,0,541,294,258,36,247,108,139,06,073,000100
06067007402,"Census Tract 74.02, Sacramento County, California",1494,69,46,35,11,23,23,0,1425,520,242,278,905,565,340,06,067,007402
06067007406,"Census Tract 74.06, Sacramento County, California",2454,127,110,60,50,17,17,0,2327,963,649,314,1364,902,462,06,067,007406
06067007802,"Census Tract 78.02, Sacramento County, California",1012,9,9,9,0,0,0,0,1003,274,172,102,729,630,99,06,067,007802
06067008911,"Census Tract 89.11, Sacramento County, California",654,99,36,11,25,63,49,14,555,228,121,107,327,223,104,06,067,008911
06067009105,"Census Tract 91.05, Sacramento County, California",645,79,13,13,0,66,29,37,566,154,95,59,412,354,58,06,067,009105
06067009504,"Census Tract 95.04, Sacramento County, California",614,21,12,6,6,9,9,0,593,262,202,60,331,257,74,06,067,009504
06067009616,"Census Tract 96.16, Sacramento County, California",1776,91,37,8,29,54,38,16,1685,647,477,170,1038,599,439,06,067,009616
06067007001,"Census Tract 70.01, Sacramento County, California",1117,46,46,9,37,0,0,0,1071,496,303,193,575,344,231,06,067,007001
06067007602,"Census Tract 76.02, Sacramento County, California",1131,33,16,13,3,17,17,0,1098,426,297,129,672,467,205,06,067,007602
06067009108,"Census Tract 91.08, Sacramento County, California",858,43,0,0,0,43,43,0,815,413,293,120,402,305,97,06,067,009108
06067008207,"Census Tract 82.07, Sacramento County, California",984,40,40,40,0,0,0,0,944,426,347,79,518,347,171,06,067,008207
06067008909,"Census Tract 89.09, Sacramento County, California",501,18,5,5,0,13,13,0,483,213,154,59,270,183,87,06,067,008909
06067009609,"Census Tract 96.09, Sacramento County, California",1302,66,46,17,29,20,9,11,1236,567,386,181,669,371,298,06,067,009609
06067009323,"Census Tract 93.23, Sacramento County, California",1495,94,46,46,0,48,48,0,1401,654,562,92,747,499,248,06,067,009323
06067008131,"Census Tract 81.31, Sacramento County, California",1201,89,46,31,15,43,43,0,1112,548,392,156,564,524,40,06,067,008131
06067009109,"Census Tract 91.09, Sacramento County, California",1407,17,10,10,0,7,0,7,1390,503,463,40,887,577,310,06,067,009109
06067009800,"Census Tract 98, Sacramento County, California",393,13,13,13,0,0,0,0,380,127,55,72,253,116,137,06,067,009800
06067005001,"Census Tract 50.01, Sacramento County, California",1978,145,98,30,68,47,47,0,1833,515,383,132,1318,901,417,06,067,005001
06067007013,"Census Tract 70.13, Sacramento County, California",841,23,6,0,6,17,17,0,818,351,240,111,467,331,136,06,067,007013
06089011402,"Census Tract 114.02, Shasta County, California",745,25,16,16,0,9,9,0,720,370,311,59,350,263,87,06,089,011402
06089011403,"Census Tract 114.03, Shasta County, California",638,51,51,0,51,0,0,0,587,362,280,82,225,141,84,06,089,011403
06089011702,"Census Tract 117.02, Shasta County, California",735,69,10,10,0,59,29,30,666,272,181,91,394,315,79,06,089,011702
06089011701,"Census Tract 117.01, Shasta County, California",494,20,20,6,14,0,0,0,474,217,154,63,257,125,132,06,089,011701
06089011703,"Census Tract 117.03, Shasta County, California",662,12,12,12,0,0,0,0,650,294,238,56,356,272,84,06,089,011703
06089011801,"Census Tract 118.01, Shasta County, California",510,45,21,15,6,24,0,24,465,223,169,54,242,162,80,06,089,011801
06089011802,"Census Tract 118.02, Shasta County, California",534,42,15,0,15,27,14,13,492,213,169,44,279,173,106,06,089,011802
06089011803,"Census Tract 118.03, Shasta County, California",405,0,0,0,0,0,0,0,405,206,142,64,199,139,60,06,089,011803
06067008510,"Census Tract 85.10, Sacramento County, California",1220,60,60,49,11,0,0,0,1160,703,602,101,457,255,202,06,067,008510
06067008512,"Census Tract 85.12, Sacramento County, California",1084,56,56,56,0,0,0,0,1028,726,588,138,302,204,98,06,067,008512
06067008513,"Census Tract 85.13, Sacramento County, California",909,64,20,13,7,44,0,44,845,614,391,223,231,161,70,06,067,008513
06067008703,"Census Tract 87.03, Sacramento County, California",852,44,44,31,13,0,0,0,808,409,299,110,399,270,129,06,067,008703
06067008704,"Census Tract 87.04, Sacramento County, California",899,63,63,46,17,0,0,0,836,608,453,155,228,165,63,06,067,008704
06067008705,"Census Tract 87.05, Sacramento County, California",1816,135,135,119,16,0,0,0,1681,1024,736,288,657,543,114,06,067,008705
06067008801,"Census Tract 88.01, Sacramento County, California",1077,39,39,28,11,0,0,0,1038,609,459,150,429,299,130,06,067,008801
06067009010,"Census Tract 90.10, Sacramento County, California",1622,109,109,33,76,0,0,0,1513,441,326,115,1072,1009,63,06,067,009010
06067009011,"Census Tract 90.11, Sacramento County, California",955,30,30,23,7,0,0,0,925,585,458,127,340,242,98,06,067,009011
06067009201,"Census Tract 92.01, Sacramento County, California",781,70,51,10,41,19,6,13,711,328,271,57,383,274,109,06,067,009201
06067009324,"Census Tract 93.24, Sacramento County, California",589,17,12,12,0,5,5,0,572,346,261,85,226,131,95,06,067,009324
06067009325,"Census Tract 93.25, Sacramento County, California",102,0,0,0,0,0,0,0,102,65,44,21,37,28,9,06,067,009325
06067009326,"Census Tract 93.26, Sacramento County, California",1182,45,45,36,9,0,0,0,1137,660,488,172,477,256,221,06,067,009326
06067009328,"Census Tract 93.28, Sacramento County, California",1294,77,65,36,29,12,12,0,1217,723,548,175,494,256,238,06,067,009328
06067009329,"Census Tract 93.29, Sacramento County, California",646,26,26,5,21,0,0,0,620,230,178,52,390,248,142,06,067,009329
06067009330,"Census Tract 93.30, Sacramento County, California",1098,38,11,11,0,27,27,0,1060,625,497,128,435,342,93,06,067,009330
06073000600,"Census Tract 6, San Diego County, California",1078,25,25,17,8,0,0,0,1053,318,270,48,735,630,105,06,073,000600
06073012003,"Census Tract 120.03, San Diego County, California",759,17,13,6,7,4,4,0,742,384,251,133,358,254,104,06,073,012003
06073013203,"Census Tract 132.03, San Diego County, California",1832,65,47,47,0,18,18,0,1767,369,216,153,1398,963,435,06,073,013203
06073013204,"Census Tract 132.04, San Diego County, California",1035,17,11,11,0,6,6,0,1018,411,334,77,607,448,159,06,073,013204
06073013301,"Census Tract 133.01, San Diego County, California",1037,67,19,19,0,48,0,48,970,506,409,97,464,329,135,06,073,013301
06073013303,"Census Tract 133.03, San Diego County, California",1235,63,53,48,5,10,0,10,1172,572,373,199,600,366,234,06,073,013303
06067009331,"Census Tract 93.31, Sacramento County, California",1818,67,67,52,15,0,0,0,1751,944,753,191,807,589,218,06,067,009331
06067009332,"Census Tract 93.32, Sacramento County, California",299,13,7,7,0,6,6,0,286,129,89,40,157,50,107,06,067,009332
06067009407,"Census Tract 94.07, Sacramento County, California",2632,153,67,25,42,86,67,19,2479,1459,1128,331,1020,649,371,06,067,009407
06067009408,"Census Tract 94.08, Sacramento County, California",457,43,43,23,20,0,0,0,414,207,116,91,207,148,59,06,067,009408
06067009622,"Census Tract 96.22, Sacramento County, California",1653,108,87,87,0,21,21,0,1545,863,553,310,682,457,225,06,067,009622
06067009630,"Census Tract 96.30, Sacramento County, California",2814,121,121,74,47,0,0,0,2693,1309,1098,211,1384,857,527,06,067,009630
06067009632,"Census Tract 96.32, Sacramento County, California",1947,69,61,52,9,8,0,8,1878,860,694,166,1018,517,501,06,067,009632
06067009633,"Census Tract 96.33, Sacramento County, California",955,57,57,40,17,0,0,0,898,384,297,87,514,347,167,06,067,009633
06067009634,"Census Tract 96.34, Sacramento County, California",1435,64,47,0,47,17,8,9,1371,389,175,214,982,758,224,06,067,009634
06067009635,"Census Tract 96.35, Sacramento County, California",1783,93,62,44,18,31,31,0,1690,956,684,272,734,357,377,06,067,009635
06067009636,"Census Tract 96.36, Sacramento County, California",1954,130,130,103,27,0,0,0,1824,1035,804,231,789,527,262,06,067,009636
06067009637,"Census Tract 96.37, Sacramento County, California",1726,121,121,74,47,0,0,0,1605,800,672,128,805,468,337,06,067,009637
06067009638,"Census Tract 96.38, Sacramento County, California",2251,85,65,29,36,20,0,20,2166,1187,876,311,979,634,345,06,067,009638
06067009639,"Census Tract 96.39, Sacramento County, California",1008,67,27,27,0,40,29,11,941,477,367,110,464,341,123,06,067,009639
06067009900,"Census Tract 99, Sacramento County, California",717,10,0,0,0,10,0,10,707,405,282,123,302,204,98,06,067,009900
06081610000,"Census Tract 6100, San Mateo County, California",1387,111,74,47,27,37,37,0,1276,465,322,143,811,652,159,06,081,610000
06081610500,"Census Tract 6105, San Mateo County, California",1104,75,40,40,0,35,35,0,1029,492,344,148,537,369,168,06,081,610500
06081610601,"Census Tract 6106.01, San Mateo County, California",1725,184,120,39,81,64,64,0,1541,608,447,161,933,675,258,06,081,610601
06081611000,"Census Tract 6110, San Mateo County, California",1605,107,107,62,45,0,0,0,1498,846,531,315,652,512,140,06,081,611000
06081611200,"Census Tract 6112, San Mateo County, California",628,17,0,0,0,17,17,0,611,349,253,96,262,169,93,06,081,611200
06037189102,"Census Tract 1891.02, Los Angeles County, California",983,13,13,13,0,0,0,0,970,378,331,47,592,591,1,06,037,189102
06037189201,"Census Tract 1892.01, Los Angeles County, California",1291,0,0,0,0,0,0,0,1291,270,181,89,1021,900,121,06,037,189201
06037189202,"Census Tract 1892.02, Los Angeles County, California",620,27,27,15,12,0,0,0,593,220,149,71,373,307,66,06,037,189202
06037189903,"Census Tract 1899.03, Los Angeles County, California",705,0,0,0,0,0,0,0,705,101,92,9,604,437,167,06,037,189903
06037189904,"Census Tract 1899.04, Los Angeles County, California",850,0,0,0,0,0,0,0,850,197,159,38,653,595,58,06,037,189904
06037189905,"Census Tract 1899.05, Los Angeles County, California",744,18,18,9,9,0,0,0,726,217,192,25,509,387,122,06,037,189905
06037190201,"Census Tract 1902.01, Los Angeles County, California",706,13,13,0,13,0,0,0,693,99,65,34,594,357,237,06,037,190201
06037190202,"Census Tract 1902.02, Los Angeles County, California",933,17,0,0,0,17,17,0,916,141,141,0,775,744,31,06,037,190202
06037190401,"Census Tract 1904.01, Los Angeles County, California",1045,10,0,0,0,10,0,10,1035,213,168,45,822,724,98,06,037,190401
06037190402,"Census Tract 1904.02, Los Angeles County, California",657,0,0,0,0,0,0,0,657,249,235,14,408,323,85,06,037,190402
06037190801,"Census Tract 1908.01, Los Angeles County, California",791,12,4,4,0,8,0,8,779,84,65,19,695,459,236,06,037,190801
06053011602,"Census Tract 116.02, Monterey County, California",736,27,27,0,27,0,0,0,709,421,272,149,288,173,115,06,053,011602
06053011604,"Census Tract 116.04, Monterey County, California",250,40,40,0,40,0,0,0,210,129,98,31,81,54,27,06,053,011604
06053011801,"Census Tract 118.01, Monterey County, California",334,41,41,20,21,0,0,0,293,190,117,73,103,88,15,06,053,011801
06053011802,"Census Tract 118.02, Monterey County, California",187,3,0,0,0,3,0,3,184,96,96,0,88,52,36,06,053,011802
06053012502,"Census Tract 125.02, Monterey County, California",1109,27,27,12,15,0,0,0,1082,347,283,64,735,639,96,06,053,012502
06053014104,"Census Tract 141.04, Monterey County, California",1297,0,0,0,0,0,0,0,1297,0,0,0,1297,511,786,06,053,014104
06053014105,"Census Tract 141.05, Monterey County, California",1103,61,53,26,27,8,0,8,1042,441,368,73,601,313,288,06,053,014105
06053014107,"Census Tract 141.07, Monterey County, California",2201,255,223,93,130,32,0,32,1946,1222,781,441,724,564,160,06,053,014107
06053014201,"Census Tract 142.01, Monterey County, California",1092,42,19,19,0,23,8,15,1050,530,335,195,520,435,85,06,053,014201
06053014202,"Census Tract 142.02, Monterey County, California",1153,140,71,22,49,69,57,12,1013,331,213,118,682,348,334,06,053,014202
06053014500,"Census Tract 145, Monterey County, California",863,23,9,9,0,14,14,0,840,347,305,42,493,305,188,06,053,014500
06053014601,"Census Tract 146.01, Monterey County, California",1730,142,39,19,20,103,29,74,1588,833,616,217,755,520,235,06,053,014601
06037702803,"Census Tract 7028.03, Los Angeles County, California",666,77,30,9,21,47,18,29,589,282,218,64,307,265,42,06,037,702803
06037900806,"Census Tract 9008.06, Los Angeles County, California",1165,54,20,20,0,34,0,34,1111,305,80,225,806,341,465,06,037,900806
06037271500,"Census Tract 2715, Los Angeles County, California",628,40,40,30,10,0,0,0,588,296,274,22,292,244,48,06,037,271500
06037277200,"Census Tract 2772, Los Angeles County, California",796,25,4,4,0,21,21,0,771,175,112,63,596,507,89,06,037,277200
06037201401,"Census Tract 2014.01, Los Angeles County, California",1303,98,33,4,29,65,29,36,1205,436,331,105,769,504,265,06,037,201401
06037400304,"Census Tract 4003.04, Los Angeles County, California",1771,5,5,0,5,0,0,0,1766,900,791,109,866,579,287,06,037,400304
06037294110,"Census Tract 2941.10, Los Angeles County, California",941,74,62,38,24,12,12,0,867,325,186,139,542,390,152,06,037,294110
06037296300,"Census Tract 2963, Los Angeles County, California",1072,59,40,3,37,19,19,0,1013,464,383,81,549,393,156,06,037,296300
06037297000,"Census Tract 2970, Los Angeles County, California",1362,16,16,16,0,0,0,0,1346,632,540,92,714,522,192,06,037,297000
06037301203,"Census Tract 3012.03, Los Angeles County, California",1298,37,37,21,16,0,0,0,1261,473,384,89,788,644,144,06,037,301203
06037310703,"Census Tract 3107.03, Los Angeles County, California",1103,15,15,15,0,0,0,0,1088,444,339,105,644,331,313,06,037,310703
06037400602,"Census Tract 4006.02, Los Angeles County, California",1138,36,12,0,12,24,24,0,1102,476,377,99,626,477,149,06,037,400602
06037575901,"Census Tract 5759.01, Los Angeles County, California",1053,40,0,0,0,40,40,0,1013,282,141,141,731,523,208,06,037,575901
06081610304,"Census Tract 6103.04, San Mateo County, California",960,22,22,0,22,0,0,0,938,574,433,141,364,261,103,06,081,610304
06081610700,"Census Tract 6107, San Mateo County, California",1311,39,21,21,0,18,18,0,1272,761,579,182,511,378,133,06,081,610700
06081611600,"Census Tract 6116, San Mateo County, California",559,21,12,12,0,9,9,0,538,323,248,75,215,150,65,06,081,611600
06053014700,"Census Tract 147, Monterey County, California",1891,80,80,56,24,0,0,0,1811,725,557,168,1086,664,422,06,053,014700
06053014800,"Census Tract 148, Monterey County, California",1578,95,71,59,12,24,15,9,1483,811,441,370,672,408,264,06,053,014800
06053980000,"Census Tract 9800, Monterey County, California",0,0,0,0,0,0,0,0,0,0,0,0,0,0,0,06,053,980000
06083002705,"Census Tract 27.05, Santa Barbara County, California",876,52,27,0,27,25,8,17,824,273,215,58,551,391,160,06,083,002705
06083003004,"Census Tract 30.04, Santa Barbara County, California",1333,25,25,25,0,0,0,0,1308,509,455,54,799,394,405,06,083,003004
06083000200,"Census Tract 2, Santa Barbara County, California",946,0,0,0,0,0,0,0,946,389,212,177,557,518,39,06,083,000200
06083002403,"Census Tract 24.03, Santa Barbara County, California",1658,127,85,53,32,42,18,24,1531,494,397,97,1037,693,344,06,083,002403
06083002906,"Census Tract 29.06, Santa Barbara County, California",670,26,18,12,6,8,8,0,644,300,231,69,344,246,98,06,083,002906
06083002211,"Census Tract 22.11, Santa Barbara County, California",926,47,0,0,0,47,0,47,879,518,456,62,361,276,85,06,083,002211
06083002809,"Census Tract 28.09, Santa Barbara County, California",1044,27,27,27,0,0,0,0,1017,517,427,90,500,335,165,06,083,002809
06097151100,"Census Tract 1511, Sonoma County, California",1097,35,25,16,9,10,0,10,1062,623,451,172,439,357,82,06,097,151100
06097150602,"Census Tract 1506.02, Sonoma County, California",1009,10,0,0,0,10,10,0,999,630,567,63,369,337,32,06,097,150602
06097150701,"Census Tract 1507.01, Sonoma County, California",1235,51,44,15,29,7,0,7,1184,524,399,125,660,560,100,06,097,150701
06097151305,"Census Tract 1513.05, Sonoma County, California",1561,156,156,65,91,0,0,0,1405,454,301,153,951,685,266,06,097,151305
06097151307,"Census Tract 1513.07, Sonoma County, California",1176,79,71,60,11,8,0,8,1097,618,440,178,479,387,92,06,097,151307
06097151310,"Census Tract 1513.10, Sonoma County, California",2194,143,102,102,0,41,11,30,2051,400,316,84,1651,1031,620,06,097,151310
06097151900,"Census Tract 1519, Sonoma County, California",750,30,30,10,20,0,0,0,720,269,199,70,451,365,86,06,097,151900
06097152201,"Census Tract 1522.01, Sonoma County, California",1025,26,19,19,0,7,7,0,999,334,252,82,665,529,136,06,097,152201
06097152202,"Census Tract 1522.02, Sonoma County, California",1687,91,91,26,65,0,0,0,1596,938,812,126,658,544,114,06,097,152202
06097152904,"Census Tract 1529.04, Sonoma County, California",1296,27,18,0,18,9,9,0,1269,540,432,108,729,602,127,06,097,152904
06097153003,"Census Tract 1530.03, Sonoma County, California",1630,47,47,32,15,0,0,0,1583,578,348,230,1005,746,259,06,097,153003
06081600200,"Census Tract 6002, San Mateo County, California",940,36,16,0,16,20,20,0,904,415,393,22,489,449,40,06,081,600200
06081600300,"Census Tract 6003, San Mateo County, California",933,31,22,6,16,9,9,0,902,333,246,87,569,441,128,06,081,600300
06081600700,"Census Tract 6007, San Mateo County, California",2074,91,58,58,0,33,16,17,1983,548,446,102,1435,1127,308,06,081,600700
06081601502,"Census Tract 6015.02, San Mateo County, California",1316,36,36,36,0,0,0,0,1280,481,427,54,799,634,165,06,081,601502
06081602200,"Census Tract 6022, San Mateo County, California",2022,68,53,38,15,15,0,15,1954,837,610,227,1117,1044,73,06,081,602200
06081602300,"Census Tract 6023, San Mateo County, California",1015,46,41,27,14,5,5,0,969,441,300,141,528,405,123,06,081,602300
06081603700,"Census Tract 6037, San Mateo County, California",1079,57,42,35,7,15,12,3,1022,476,399,77,546,393,153,06,081,603700
06081603900,"Census Tract 6039, San Mateo County, California",1709,0,0,0,0,0,0,0,1709,695,613,82,1014,873,141,06,081,603900
06037199800,"Census Tract 1998, Los Angeles County, California",1182,91,58,12,46,33,33,0,1091,571,400,171,520,379,141,06,037,199800
06037201504,"Census Tract 2015.04, Los Angeles County, California",650,50,45,0,45,5,5,0,600,203,159,44,397,301,96,06,037,201504
06037204820,"Census Tract 2048.20, Los Angeles County, California",567,14,0,0,0,14,10,4,553,187,108,79,366,229,137,06,037,204820
06037206200,"Census Tract 2062, Los Angeles County, California",915,8,8,8,0,0,0,0,907,102,102,0,805,481,324,06,037,206200
06037208720,"Census Tract 2087.20, Los Angeles County, California",1105,50,31,0,31,19,0,19,1055,230,172,58,825,562,263,06,037,208720
06037211802,"Census Tract 2118.02, Los Angeles County, California",1092,39,21,0,21,18,0,18,1053,472,233,239,581,533,48,06,037,211802
06037212204,"Census Tract 2122.04, Los Angeles County, California",862,28,15,15,0,13,13,0,834,288,178,110,546,312,234,06,037,212204
06037212303,"Census Tract 2123.03, Los Angeles County, California",941,33,33,4,29,0,0,0,908,254,137,117,654,490,164,06,037,212303
06037212306,"Census Tract 2123.06, Los Angeles County, California",727,24,24,0,24,0,0,0,703,267,142,125,436,315,121,06,037,212306
06037213310,"Census Tract 2133.10, Los Angeles County, California",822,17,0,0,0,17,0,17,805,199,151,48,606,529,77,06,037,213310
06037214000,"Census Tract 2140, Los Angeles County, California",881,70,70,19,51,0,0,0,811,409,269,140,402,237,165,06,037,214000
06071005100,"Census Tract 51, San Bernardino County, California",2072,105,65,47,18,40,40,0,1967,669,496,173,1298,974,324,06,071,005100
06071006402,"Census Tract 64.02, San Bernardino County, California",1144,50,0,0,0,50,50,0,1094,408,293,115,686,464,222,06,071,006402
06071008402,"Census Tract 84.02, San Bernardino County, California",1624,32,32,0,32,0,0,0,1592,711,520,191,881,389,492,06,071,008402
06071009400,"Census Tract 94, San Bernardino County, California",912,215,30,30,0,185,31,154,697,186,139,47,511,253,258,06,071,009400
06071009707,"Census Tract 97.07, San Bernardino County, California",640,0,0,0,0,0,0,0,640,389,284,105,251,88,163,06,071,009707
06071009708,"Census Tract 97.08, San Bernardino County, California",1052,67,0,0,0,67,9,58,985,511,289,222,474,252,222,06,071,009708
06071009711,"Census Tract 97.11, San Bernardino County, California",2211,114,114,44,70,0,0,0,2097,860,355,505,1237,832,405,06,071,009711
06071009714,"Census Tract 97.14, San Bernardino County, California",809,77,24,9,15,53,6,47,732,351,213,138,381,169,212,06,071,009714
06071003200,"Census Tract 32, San Bernardino County, California",1910,54,0,0,0,54,54,0,1856,788,475,313,1068,785,283,06,071,003200
06037920037,"Census Tract 9200.37, Los Angeles County, California",2164,181,47,0,47,134,117,17,1983,783,490,293,1200,786,414,06,037,920037
06037920042,"Census Tract 9200.42, Los Angeles County, California",1990,180,80,52,28,100,100,0,1810,630,440,190,1180,898,282,06,037,920042
06037920107,"Census Tract 9201.07, Los Angeles County, California",1433,130,113,45,68,17,0,17,1303,791,527,264,512,435,77,06,037,920107
06037920328,"Census Tract 9203.28, Los Angeles County, California",566,0,0,0,0,0,0,0,566,218,130,88,348,278,70,06,037,920328
06037900804,"Census Tract 9008.04, Los Angeles County, California",886,79,19,14,5,60,60,0,807,256,184,72,551,287,264,06,037,900804
06037551201,"Census Tract 5512.01, Los Angeles County, California",873,0,0,0,0,0,0,0,873,422,198,224,451,336,115,06,037,551201
06037551600,"Census Tract 5516, Los Angeles County, California",0,0,0,0,0,0,0,0,0,0,0,0,0,0,0,06,037,551600
06037900704,"Census Tract 9007.04, Los Angeles County, California",799,72,18,18,0,54,42,12,727,150,105,45,577,462,115,06,037,900704
06037900805,"Census Tract 9008.05, Los Angeles County, California",949,46,3,0,3,43,32,11,903,391,214,177,512,254,258,06,037,900805
06037900900,"Census Tract 9009, Los Angeles County, California",801,26,26,10,16,0,0,0,775,412,217,195,363,202,161,06,037,900900
06037910206,"Census Tract 9102.06, Los Angeles County, California",964,36,29,18,11,7,7,0,928,534,421,113,394,273,121,06,037,910206
06037910301,"Census Tract 9103.01, Los Angeles County, California",634,20,20,12,8,0,0,0,614,337,240,97,277,208,69,06,037,910301
06037910502,"Census Tract 9105.02, Los Angeles County, California",978,14,0,0,0,14,0,14,964,435,211,224,529,368,161,06,037,910502
06037910707,"Census Tract 9107.07, Los Angeles County, California",1314,43,0,0,0,43,0,43,1271,365,197,168,906,646,260,06,037,910707
06037920017,"Census Tract 9200.17, Los Angeles County, California",1198,49,49,26,23,0,0,0,1149,509,425,84,640,474,166,06,037,920017
06037543701,"Census Tract 5437.01, Los Angeles County, California",776,51,40,35,5,11,0,11,725,234,207,27,491,342,149,06,037,543701
06037543702,"Census Tract 5437.02, Los Angeles County, California",1749,61,53,53,0,8,0,8,1688,698,481,217,990,730,260,06,037,543702
06037543801,"Census Tract 5438.01, Los Angeles County, California",1080,72,61,57,4,11,11,0,1008,444,282,162,564,428,136,06,037,543801
06037551300,"Census Tract 5513, Los Angeles County, California",1282,62,38,16,22,24,24,0,1220,370,292,78,850,619,231,06,037,551300
06037120107,"Census Tract 1201.07, Los Angeles County, California",962,42,21,9,12,21,0,21,920,366,198,168,554,341,213,06,037,120107
06037120108,"Census Tract 1201.08, Los Angeles County, California",1311,69,38,19,19,31,12,19,1242,392,242,150,850,593,257,06,037,120108
06037121101,"Census Tract 1211.01, Los Angeles County, California",785,65,51,46,5,14,0,14,720,262,161,101,458,325,133,06,037,121101
06037121102,"Census Tract 1211.02, Los Angeles County, California",646,16,8,8,0,8,8,0,630,240,140,100,390,259,131,06,037,121102
06059063008,"Census Tract 630.08, Orange County, California",121,0,0,0,0,0,0,0,121,19,5,14,102,97,5,06,059,063008
06037310501,"Census Tract 3105.01, Los Angeles County, California",1136,48,7,7,0,41,35,6,1088,356,266,90,732,612,120,06,037,310501
06037302505,"Census Tract 3025.05, Los Angeles County, California",1075,12,12,12,0,0,0,0,1063,493,312,181,570,391,179,06,037,302505
06037302506,"Census Tract 3025.06, Los Angeles County, California",804,14,14,0,14,0,0,0,790,376,308,68,414,390,24,06,037,302506
06037310601,"Census Tract 3106.01, Los Angeles County, California",1830,177,144,24,120,33,0,33,1653,859,440,419,794,641,153,06,037,310601
06037310602,"Census Tract 3106.02, Los Angeles County, California",661,54,54,28,26,0,0,0,607,295,175,120,312,211,101,06,037,310602
06037320201,"Census Tract 3202.01, Los Angeles County, California",1009,20,10,0,10,10,10,0,989,440,233,207,549,346,203,06,037,320201
06007000903,"Census Tract 9.03, Butte County, California",2004,92,64,60,4,28,0,28,1912,478,375,103,1434,1145,289,06,007,000903
06007000904,"Census Tract 9.04, Butte County, California",1327,102,102,82,20,0,0,0,1225,533,430,103,692,471,221,06,007,000904
06007001703,"Census Tract 17.03, Butte County, California",521,40,31,7,24,9,9,0,481,189,168,21,292,265,27,06,007,001703
06007001704,"Census Tract 17.04, Butte County, California",498,102,14,14,0,88,49,39,396,233,190,43,163,79,84,06,007,001704
06007002601,"Census Tract 26.01, Butte County, California",377,53,13,0,13,40,40,0,324,208,147,61,116,62,54,06,007,002601
06007002602,"Census Tract 26.02, Butte County, California",507,27,27,0,27,0,0,0,480,220,120,100,260,186,74,06,007,002602
06007003001,"Census Tract 30.01, Butte County, California",686,27,16,0,16,11,0,11,659,158,86,72,501,182,319,06,007,003001
06007003002,"Census Tract 30.02, Butte County, California",725,37,0,0,0,37,37,0,688,247,158,89,441,257,184,06,007,003002
06007003501,"Census Tract 35.01, Butte County, California",812,110,61,61,0,49,10,39,702,374,259,115,328,234,94,06,007,003501
06007003502,"Census Tract 35.02, Butte County, California",1083,88,42,19,23,46,46,0,995,482,321,161,513,290,223,06,007,003502
06007003700,"Census Tract 37, Butte County, California",1045,52,24,24,0,28,28,0,993,402,210,192,591,222,369,06,007,003700
06009000121,"Census Tract 1.21, Calaveras County, California",730,23,12,0,12,11,11,0,707,213,170,43,494,294,200,06,009,000121
06009000122,"Census Tract 1.22, Calaveras County, California",535,10,10,10,0,0,0,0,525,141,113,28,384,262,122,06,009,000122
06009000501,"Census Tract 5.01, Calaveras County, California",507,50,37,25,12,13,0,13,457,243,117,126,214,108,106,06,009,000501
06009000503,"Census Tract 5.03, Calaveras County, California",195,0,0,0,0,0,0,0,195,107,68,39,88,81,7,06,009,000503
06009000504,"Census Tract 5.04, Calaveras County, California",18,0,0,0,0,0,0,0,18,3,0,3,15,9,6,06,009,000504
06013302005,"Census Tract 3020.05, Contra Costa County, California",1471,39,39,24,15,0,0,0,1432,710,470,240,722,439,283,06,013,302005
06013302006,"Census Tract 3020.06, Contra Costa County, California",1153,51,51,32,19,0,0,0,1102,560,386,174,542,460,82,06,013,302006
06013302007,"Census Tract 3020.07, Contra Costa County, California",1783,125,84,55,29,41,31,10,1658,683,465,218,975,531,444,06,013,302007
06037132501,"Census Tract 1325.01, Los Angeles County, California",1080,64,58,48,10,6,6,0,1016,359,179,180,657,552,105,06,037,132501
06037132502,"Census Tract 1325.02, Los Angeles County, California",910,12,0,0,0,12,12,0,898,322,226,96,576,357,219,06,037,132502
06037134001,"Census Tract 1340.01, Los Angeles County, California",997,44,19,19,0,25,25,0,953,388,255,133,565,423,142,06,037,134001
06037134521,"Census Tract 1345.21, Los Angeles County, California",893,89,36,13,23,53,9,44,804,365,244,121,439,278,161,06,037,134521
06037134903,"Census Tract 1349.03, Los Angeles County, California",2073,105,18,18,0,87,46,41,1968,948,625,323,1020,755,265,06,037,134903
06037134002,"Census Tract 1340.02, Los Angeles County, California",959,41,37,23,14,4,0,4,918,332,216,116,586,464,122,06,037,134002
06037134423,"Census Tract 1344.23, Los Angeles County, California",726,0,0,0,0,0,0,0,726,354,293,61,372,272,100,06,037,134423
06037134424,"Census Tract 1344.24, Los Angeles County, California",605,14,14,3,11,0,0,0,591,285,169,116,306,218,88,06,037,134424
06037134522,"Census Tract 1345.22, Los Angeles County, California",1123,50,21,0,21,29,29,0,1073,376,291,85,697,595,102,06,037,134522
06059052423,"Census Tract 524.23, Orange County, California",1619,98,51,34,17,47,0,47,1521,782,592,190,739,590,149,06,059,052423
06059052519,"Census Tract 525.19, Orange County, California",1053,81,81,65,16,0,0,0,972,449,247,202,523,369,154,06,059,052519
06065030502,"Census Tract 305.02, Riverside County, California",500,14,0,0,0,14,14,0,486,163,113,50,323,192,131,06,065,030502
06065031703,"Census Tract 317.03, Riverside County, California",945,35,35,10,25,0,0,0,910,557,282,275,353,285,68,06,065,031703
06089012702,"Census Tract 127.02, Shasta County, California",611,15,15,0,15,0,0,0,596,428,241,187,168,145,23,06,089,012702
06089010500,"Census Tract 105, Shasta County, California",1613,4,4,4,0,0,0,0,1609,641,505,136,968,712,256,06,089,010500
06089011600,"Census Tract 116, Shasta County, California",731,77,57,28,29,20,0,20,654,232,184,48,422,275,147,06,089,011600
06089011900,"Census Tract 119, Shasta County, California",657,78,45,19,26,33,18,15,579,343,245,98,236,162,74,06,089,011900
06089012301,"Census Tract 123.01, Shasta County, California",556,0,0,0,0,0,0,0,556,291,123,168,265,87,178,06,089,012301
06089012302,"Census Tract 123.02, Shasta County, California",993,37,37,37,0,0,0,0,956,642,428,214,314,187,127,06,089,012302
06089010900,"Census Tract 109, Shasta County, California",861,33,33,11,22,0,0,0,828,323,243,80,505,298,207,06,089,010900
06023000100,"Census Tract 1, Humboldt County, California",939,164,74,23,51,90,37,53,775,203,160,43,572,479,93,06,023,000100
06023000200,"Census Tract 2, Humboldt County, California",1129,33,33,15,18,0,0,0,1096,330,192,138,766,571,195,06,023,000200
06023010102,"Census Tract 101.02, Humboldt County, California",387,36,27,27,0,9,0,9,351,245,204,41,106,48,58,06,023,010102
06023000900,"Census Tract 9, Humboldt County, California",1016,10,3,3,0,7,7,0,1006,419,331,88,587,441,146,06,023,000900
06023011000,"Census Tract 110, Humboldt County, California",991,61,42,18,24,19,0,19,930,449,345,104,481,315,166,06,023,011000
06023000800,"Census Tract 8, Humboldt County, California",1200,7,7,0,7,0,0,0,1193,238,235,3,955,799,156,06,023,000800
06023010501,"Census Tract 105.01, Humboldt County, California",1666,119,64,52,12,55,55,0,1547,554,345,209,993,822,171,06,023,010501
06023010200,"Census Tract 102, Humboldt County, California",505,13,5,5,0,8,8,0,492,208,120,88,284,180,104,06,023,010200
06023011100,"Census Tract 111, Humboldt County, California",940,113,38,9,29,75,24,51,827,327,241,86,500,356,144,06,023,011100
06023000700,"Census Tract 7, Humboldt County, California",1113,43,18,18,0,25,0,25,1070,383,308,75,687,579,108,06,023,000700
06037242000,"Census Tract 2420, Los Angeles County, California",1032,85,11,0,11,74,52,22,947,353,222,131,594,421,173,06,037,242000
06037242700,"Census Tract 2427, Los Angeles County, California",1409,144,54,9,45,90,69,21,1265,442,215,227,823,632,191,06,037,242700
06037267200,"Census Tract 2672, Los Angeles County, California",1683,60,60,13,47,0,0,0,1623,668,602,66,955,722,233,06,037,267200
06037267600,"Census Tract 2676, Los Angeles County, California",811,12,12,12,0,0,0,0,799,261,101,160,538,367,171,06,037,267600
06037402301,"Census Tract 4023.01, Los Angeles County, California",1446,66,36,18,18,30,9,21,1380,575,319,256,805,496,309,06,037,402301
06037402403,"Census Tract 4024.03, Los Angeles County, California",1728,106,85,25,60,21,21,0,1622,312,223,89,1310,774,536,06,037,402403
06037134302,"Census Tract 1343.02, Los Angeles County, California",802,13,13,13,0,0,0,0,789,364,277,87,425,345,80,06,037,134302
06037134303,"Census Tract 1343.03, Los Angeles County, California",1550,34,34,34,0,0,0,0,1516,632,487,145,884,634,250,06,037,134303
06037134421,"Census Tract 1344.21, Los Angeles County, California",844,24,11,11,0,13,13,0,820,375,324,51,445,264,181,06,037,134421
06037134520,"Census Tract 1345.20, Los Angeles County, California",1619,108,25,0,25,83,32,51,1511,625,436,189,886,612,274,06,037,134520
06037135111,"Census Tract 1351.11, Los Angeles County, California",787,119,119,64,55,0,0,0,668,296,216,80,372,332,40,06,037,135111
06059074407,"Census Tract 744.07, Orange County, California",1770,52,24,24,0,28,19,9,1718,796,562,234,922,632,290,06,059,074407
06059074802,"Census Tract 748.02, Orange County, California",1940,182,104,33,71,78,60,18,1758,817,385,432,941,591,350,06,059,074802
06059075100,"Census Tract 751, Orange County, California",2587,136,83,37,46,53,28,25,2451,992,571,421,1459,780,679,06,059,075100
06065046800,"Census Tract 468, Riverside County, California",2268,75,36,26,10,39,0,39,2193,673,288,385,1520,974,546,06,065,046800
06065046900,"Census Tract 469, Riverside County, California",320,30,30,11,19,0,0,0,290,126,104,22,164,126,38,06,065,046900
06065047000,"Census Tract 470, Riverside County, California",293,33,24,0,24,9,9,0,260,94,76,18,166,95,71,06,065,047000
06065047201,"Census Tract 472.01, Riverside County, California",183,8,0,0,0,8,0,8,175,97,23,74,78,37,41,06,065,047201
06065047202,"Census Tract 472.02, Riverside County, California",267,8,0,0,0,8,0,8,259,145,105,40,114,86,28,06,065,047202
06065047900,"Census Tract 479, Riverside County, California",3037,138,125,94,31,13,13,0,2899,1463,935,528,1436,913,523,06,065,047900
06065048100,"Census Tract 481, Riverside County, California",1840,102,74,41,33,28,28,0,1738,926,693,233,812,576,236,06,065,048100
06065048200,"Census Tract 482, Riverside County, California",1238,59,49,39,10,10,10,0,1179,624,462,162,555,293,262,06,065,048200
06065048300,"Census Tract 483, Riverside County, California",2044,120,76,19,57,44,0,44,1924,689,466,223,1235,775,460,06,065,048300
06013308002,"Census Tract 3080.02, Contra Costa County, California",1191,65,65,43,22,0,0,0,1126,485,394,91,641,346,295,06,013,308002
06013316000,"Census Tract 3160, Contra Costa County, California",304,16,0,0,0,16,0,16,288,29,29,0,259,151,108,06,013,316000
06013319000,"Census Tract 3190, Contra Costa County, California",2212,81,63,42,21,18,18,0,2131,943,792,151,1188,820,368,06,013,319000
06081601300,"Census Tract 6013, San Mateo County, California",1951,78,15,8,7,63,63,0,1873,831,665,166,1042,742,300,06,081,601300
06081601501,"Census Tract 6015.01, San Mateo County, California",1359,80,65,28,37,15,15,0,1279,490,417,73,789,612,177,06,081,601501
06081601700,"Census Tract 6017, San Mateo County, California",840,40,40,40,0,0,0,0,800,462,413,49,338,210,128,06,081,601700
06065048700,"Census Tract 487, Riverside County, California",1284,93,93,75,18,0,0,0,1191,534,382,152,657,515,142,06,065,048700
06065048800,"Census Tract 488, Riverside County, California",1351,75,54,27,27,21,21,0,1276,489,248,241,787,526,261,06,065,048800
06083001306,"Census Tract 13.06, Santa Barbara County, California",516,55,55,47,8,0,0,0,461,195,138,57,266,159,107,06,083,001306
06083001402,"Census Tract 14.02, Santa Barbara County, California",459,43,34,23,11,9,0,9,416,166,101,65,250,143,107,06,083,001402
06083001604,"Census Tract 16.04, Santa Barbara County, California",1061,65,65,0,65,0,0,0,996,456,306,150,540,477,63,06,083,001604
06083001706,"Census Tract 17.06, Santa Barbara County, California",552,36,36,24,12,0,0,0,516,261,186,75,255,159,96,06,083,001706
06083001704,"Census Tract 17.04, Santa Barbara County, California",828,34,34,34,0,0,0,0,794,400,326,74,394,197,197,06,083,001704
06083002606,"Census Tract 26.06, Santa Barbara County, California",836,158,158,105,53,0,0,0,678,588,410,178,90,82,8,06,083,002606
06083002915,"Census Tract 29.15, Santa Barbara County, California",295,21,21,7,14,0,0,0,274,134,111,23,140,123,17,06,083,002915
06083002502,"Census Tract 25.02, Santa Barbara County, California",1722,64,31,8,23,33,21,12,1658,842,596,246,816,582,234,06,083,002502
06083002922,"Census Tract 29.22, Santa Barbara County, California",5326,36,23,23,0,13,0,13,5290,345,246,99,4945,2132,2813,06,083,002922
06081602000,"Census Tract 6020, San Mateo County, California",1985,64,64,54,10,0,0,0,1921,930,780,150,991,722,269,06,081,602000
06081602400,"Census Tract 6024, San Mateo County, California",1808,43,43,0,43,0,0,0,1765,862,834,28,903,772,131,06,081,602400
06081603000,"Census Tract 6030, San Mateo County, California",1167,19,19,19,0,0,0,0,1148,479,410,69,669,594,75,06,081,603000
06037463900,"Census Tract 4639, Los Angeles County, California",491,0,0,0,0,0,0,0,491,281,247,34,210,171,39,06,037,463900
06037464200,"Census Tract 4642, Los Angeles County, California",1074,135,135,81,54,0,0,0,939,529,317,212,410,150,260,06,037,464200
06037297120,"Census Tract 2971.20, Los Angeles County, California",747,53,53,40,13,0,0,0,694,244,155,89,450,356,94,06,037,297120
06037297400,"Census Tract 2974, Los Angeles County, California",456,0,0,0,0,0,0,0,456,264,152,112,192,171,21,06,037,297400
06037300501,"Census Tract 3005.01, Los Angeles County, California",754,34,34,34,0,0,0,0,720,349,196,153,371,267,104,06,037,300501
06037300502,"Census Tract 3005.02, Los Angeles County, California",1293,0,0,0,0,0,0,0,1293,587,414,173,706,538,168,06,037,300502
06037301000,"Census Tract 3010, Los Angeles County, California",1278,64,64,64,0,0,0,0,1214,412,347,65,802,495,307,06,037,301000
06037301602,"Census Tract 3016.02, Los Angeles County, California",1162,37,24,12,12,13,0,13,1125,531,408,123,594,494,100,06,037,301602
06037302301,"Census Tract 3023.01, Los Angeles County, California",879,11,11,11,0,0,0,0,868,527,270,257,341,262,79,06,037,302301
06037311200,"Census Tract 3112, Los Angeles County, California",776,20,20,20,0,0,0,0,756,367,289,78,389,381,8,06,037,311200
06037400800,"Census Tract 4008, Los Angeles County, California",3029,41,41,19,22,0,0,0,2988,263,193,70,2725,1514,1211,06,037,400800
06037401704,"Census Tract 4017.04, Los Angeles County, California",1721,81,28,0,28,53,33,20,1640,542,339,203,1098,764,334,06,037,401704
06037401800,"Census Tract 4018, Los Angeles County, California",1824,14,14,0,14,0,0,0,1810,808,620,188,1002,618,384,06,037,401800
06037541801,"Census Tract 5418.01, Los Angeles County, California",1536,138,32,13,19,106,0,106,1398,470,240,230,928,648,280,06,037,541801
06037542200,"Census Tract 5422, Los Angeles County, California",1966,104,31,16,15,73,55,18,1862,736,451,285,1126,505,621,06,037,542200
06037542402,"Census Tract 5424.02, Los Angeles County, California",820,0,0,0,0,0,0,0,820,325,224,101,495,359,136,06,037,542402
06037542700,"Census Tract 5427, Los Angeles County, California",1723,165,74,8,66,91,45,46,1558,630,473,157,928,682,246,06,037,542700
06037543305,"Census Tract 5433.05, Los Angeles County, California",825,16,0,0,0,16,16,0,809,351,237,114,458,345,113,06,037,543305
06037543501,"Census Tract 5435.01, Los Angeles County, California",1616,44,29,29,0,15,15,0,1572,659,522,137,913,607,306,06,037,543501
06037543903,"Census Tract 5439.03, Los Angeles County, California",935,38,12,0,12,26,26,0,897,374,330,44,523,417,106,06,037,543903
06037550000,"Census Tract 5500, Los Angeles County, California",237,11,0,0,0,11,11,0,226,55,39,16,171,92,79,06,037,550000
06037401902,"Census Tract 4019.02, Los Angeles County, California",1315,27,27,14,13,0,0,0,1288,827,686,141,461,316,145,06,037,401902
06037403500,"Census Tract 4035, Los Angeles County, California",323,3,3,3,0,0,0,0,320,156,87,69,164,103,61,06,037,403500
06037555002,"Census Tract 5550.02, Los Angeles County, California",933,60,47,20,27,13,0,13,873,374,258,116,499,438,61,06,037,555002
06037572301,"Census Tract 5723.01, Los Angeles County, California",1011,107,48,21,27,59,37,22,904,359,268,91,545,389,156,06,037,572301
06037575102,"Census Tract 5751.02, Los Angeles County, California",1224,44,25,19,6,19,5,14,1180,351,209,142,829,489,340,06,037,575102
06037600911,"Census Tract 6009.11, Los Angeles County, California",786,17,0,0,0,17,17,0,769,334,287,47,435,318,117,06,037,600911
06037603600,"Census Tract 6036, Los Angeles County, California",932,29,29,29,0,0,0,0,903,452,367,85,451,350,101,06,037,603600
06037621002,"Census Tract 6210.02, Los Angeles County, California",234,34,15,6,9,19,19,0,200,64,64,0,136,136,0,06,037,621002
06037700400,"Census Tract 7004, Los Angeles County, California",1545,106,89,45,44,17,17,0,1439,447,362,85,992,973,19,06,037,700400
06037702501,"Census Tract 7025.01, Los Angeles County, California",1352,106,106,93,13,0,0,0,1246,576,448,128,670,525,145,06,037,702501
06037900705,"Census Tract 9007.05, Los Angeles County, California",921,74,58,26,32,16,16,0,847,423,233,190,424,280,144,06,037,900705
06037463102,"Census Tract 4631.02, Los Angeles County, California",895,50,50,27,23,0,0,0,845,371,268,103,474,236,238,06,037,463102
06037482402,"Census Tract 4824.02, Los Angeles County, California",1657,18,18,18,0,0,0,0,1639,784,574,210,855,528,327,06,037,482402
06037533401,"Census Tract 5334.01, Los Angeles County, California",1543,43,36,0,36,7,7,0,1500,573,326,247,927,650,277,06,037,533401
06037534301,"Census Tract 5343.01, Los Angeles County, California",1165,75,75,48,27,0,0,0,1090,440,341,99,650,453,197,06,037,534301
06037542000,"Census Tract 5420, Los Angeles County, California",1104,39,16,3,13,23,0,23,1065,379,186,193,686,501,185,06,037,542000
06075023400,"Census Tract 234, San Francisco County, California",876,30,5,5,0,25,25,0,846,228,185,43,618,492,126,06,075,023400
06001433700,"Census Tract 4337, Alameda County, California",929,92,76,76,0,16,10,6,837,314,194,120,523,373,150,06,001,433700
06001407300,"Census Tract 4073, Alameda County, California",675,26,14,0,14,12,12,0,649,235,159,76,414,361,53,06,001,407300
06001421500,"Census Tract 4215, Alameda County, California",633,6,6,6,0,0,0,0,627,375,257,118,252,134,118,06,001,421500
06055200900,"Census Tract 2009, Napa County, California",93,0,0,0,0,0,0,0,93,27,4,23,66,10,56,06,055,200900
06055201200,"Census Tract 2012, Napa County, California",820,51,38,38,0,13,13,0,769,434,263,171,335,233,102,06,055,201200
06073009704,"Census Tract 97.04, San Diego County, California",1465,74,74,74,0,0,0,0,1391,743,608,135,648,509,139,06,073,009704
06073008800,"Census Tract 88, San Diego County, California",1794,58,36,27,9,22,22,0,1736,800,523,277,936,665,271,06,073,008800
06073009106,"Census Tract 91.06, San Diego County, California",2378,19,19,19,0,0,0,0,2359,280,192,88,2079,599,1480,06,073,009106
06073008311,"Census Tract 83.11, San Diego County, California",443,18,18,0,18,0,0,0,425,232,105,127,193,64,129,06,073,008311
06073013606,"Census Tract 136.06, San Diego County, California",1554,34,19,0,19,15,15,0,1520,662,525,137,858,704,154,06,073,013606
06073013802,"Census Tract 138.02, San Diego County, California",817,8,8,5,3,0,0,0,809,342,251,91,467,317,150,06,073,013802
06073013905,"Census Tract 139.05, San Diego County, California",918,69,52,34,18,17,0,17,849,505,402,103,344,256,88,06,073,013905
06073014200,"Census Tract 142, San Diego County, California",1504,50,48,20,28,2,0,2,1454,701,624,77,753,475,278,06,073,014200
06073014300,"Census Tract 143, San Diego County, California",1164,46,46,46,0,0,0,0,1118,466,284,182,652,423,229,06,073,014300
06073015200,"Census Tract 152, San Diego County, California",662,0,0,0,0,0,0,0,662,374,333,41,288,225,63,06,073,015200
06065043266,"Census Tract 432.66, Riverside County, California",1617,104,65,29,36,39,26,13,1513,599,487,112,914,656,258,06,065,043266
06065043267,"Census Tract 432.67, Riverside County, California",1532,109,86,38,48,23,23,0,1423,700,462,238,723,499,224,06,065,043267
06065043270,"Census Tract 432.70, Riverside County, California",1441,53,53,0,53,0,0,0,1388,651,531,120,737,444,293,06,065,043270
06065043271,"Census Tract 432.71, Riverside County, California",891,38,38,34,4,0,0,0,853,477,338,139,376,202,174,06,065,043271
06065043272,"Census Tract 432.72, Riverside County, California",890,42,42,11,31,0,0,0,848,381,258,123,467,353,114,06,065,043272
06065043276,"Census Tract 432.76, Riverside County, California",1038,48,33,15,18,15,0,15,990,439,298,141,551,440,111,06,065,043276
06065043278,"Census Tract 432.78, Riverside County, California",1507,31,20,0,20,11,11,0,1476,793,550,243,683,498,185,06,065,043278
06065043279,"Census Tract 432.79, Riverside County, California",1238,81,71,43,28,10,10,0,1157,437,331,106,720,542,178,06,065,043279
06065043291,"Census Tract 432.91, Riverside County, California",2009,76,30,30,0,46,35,11,1933,873,632,241,1060,683,377,06,065,043291
06065043316,"Census Tract 433.16, Riverside County, California",534,6,6,6,0,0,0,0,528,287,222,65,241,173,68,06,065,043316
06065043317,"Census Tract 433.17, Riverside County, California",1675,17,17,0,17,0,0,0,1658,822,439,383,836,583,253,06,065,043317
06065043512,"Census Tract 435.12, Riverside County, California",1826,116,81,56,25,35,12,23,1710,711,487,224,999,599,400,06,065,043512
06065043513,"Census Tract 435.13, Riverside County, California",719,7,7,7,0,0,0,0,712,250,182,68,462,167,295,06,065,043513
06065043517,"Census Tract 435.17, Riverside County, California",1910,70,70,50,20,0,0,0,1840,914,558,356,926,486,440,06,065,043517
06065043274,"Census Tract 432.74, Riverside County, California",604,8,8,4,4,0,0,0,596,249,202,47,347,225,122,06,065,043274
06065043810,"Census Tract 438.10, Riverside County, California",985,66,45,0,45,21,21,0,919,349,274,75,570,206,364,06,065,043810
06065043811,"Census Tract 438.11, Riverside County, California",879,68,23,0,23,45,45,0,811,280,178,102,531,312,219,06,065,043811
06065043812,"Census Tract 438.12, Riverside County, California",46,0,0,0,0,0,0,0,46,0,0,0,46,14,32,06,065,043812
06065043814,"Census Tract 438.14, Riverside County, California",24,0,0,0,0,0,0,0,24,16,16,0,8,8,0,06,065,043814
06065043601,"Census Tract 436.01, Riverside County, California",945,66,13,5,8,53,39,14,879,316,145,171,563,188,375,06,065,043601
06065043602,"Census Tract 436.02, Riverside County, California",1084,68,61,61,0,7,0,7,1016,319,128,191,697,418,279,06,065,043602
06065043813,"Census Tract 438.13, Riverside County, California",1150,44,6,0,6,38,38,0,1106,365,200,165,741,252,489,06,065,043813
06065043818,"Census Tract 438.18, Riverside County, California",1245,10,10,10,0,0,0,0,1235,548,372,176,687,407,280,06,065,043818
06065043820,"Census Tract 438.20, Riverside County, California",1078,54,54,54,0,0,0,0,1024,511,303,208,513,266,247,06,065,043820
06065031401,"Census Tract 314.01, Riverside County, California",2120,120,19,19,0,101,63,38,2000,873,630,243,1127,610,517,06,065,031401
06065040807,"Census Tract 408.07, Riverside County, California",888,60,50,48,2,10,0,10,828,415,287,128,413,305,108,06,065,040807
06065041001,"Census Tract 410.01, Riverside County, California",876,37,28,0,28,9,0,9,839,338,188,150,501,310,191,06,065,041001
06037277000,"Census Tract 2770, Los Angeles County, California",1086,97,97,59,38,0,0,0,989,555,410,145,434,294,140,06,037,277000
06037291130,"Census Tract 2911.30, Los Angeles County, California",893,18,9,9,0,9,9,0,875,308,166,142,567,409,158,06,037,291130
06073013307,"Census Tract 133.07, San Diego County, California",1172,108,56,56,0,52,52,0,1064,492,326,166,572,272,300,06,073,013307
06073013401,"Census Tract 134.01, San Diego County, California",828,67,55,42,13,12,12,0,761,328,194,134,433,271,162,06,073,013401
06073013415,"Census Tract 134.15, San Diego County, California",329,0,0,0,0,0,0,0,329,140,112,28,189,152,37,06,073,013415
06075026404,"Census Tract 264.04, San Francisco County, California",718,30,21,13,8,9,0,9,688,272,224,48,416,304,112,06,075,026404
06075030600,"Census Tract 306, San Francisco County, California",447,50,50,50,0,0,0,0,397,233,189,44,164,121,43,06,075,030600
06075031000,"Census Tract 310, San Francisco County, California",575,42,42,42,0,0,0,0,533,331,290,41,202,159,43,06,075,031000
06075033201,"Census Tract 332.01, San Francisco County, California",2760,0,0,0,0,0,0,0,2760,55,52,3,2705,1684,1021,06,075,033201
06075011100,"Census Tract 111, San Francisco County, California",1484,27,27,27,0,0,0,0,1457,308,283,25,1149,1081,68,06,075,011100
06075011700,"Census Tract 117, San Francisco County, California",448,13,13,3,10,0,0,0,435,151,136,15,284,200,84,06,075,011700
06073005700,"Census Tract 57, San Diego County, California",482,25,7,7,0,18,0,18,457,69,66,3,388,309,79,06,073,005700
06073005800,"Census Tract 58, San Diego County, California",1353,24,24,24,0,0,0,0,1329,336,299,37,993,921,72,06,073,005800
06073006801,"Census Tract 68.01, San Diego County, California",831,10,0,0,0,10,10,0,821,371,275,96,450,392,58,06,073,006801
06073018611,"Census Tract 186.11, San Diego County, California",2407,63,51,51,0,12,12,0,2344,1369,863,506,975,474,501,06,073,018611
06073019203,"Census Tract 192.03, San Diego County, California",605,14,14,7,7,0,0,0,591,310,237,73,281,213,68,06,073,019203
06073019501,"Census Tract 195.01, San Diego County, California",1093,59,36,6,30,23,13,10,1034,479,276,203,555,375,180,06,073,019501
06073019804,"Census Tract 198.04, San Diego County, California",814,20,20,4,16,0,0,0,794,481,386,95,313,240,73,06,073,019804
06073019805,"Census Tract 198.05, San Diego County, California",797,59,59,59,0,0,0,0,738,413,255,158,325,256,69,06,073,019805
06073020018,"Census Tract 200.18, San Diego County, California",2129,143,143,31,112,0,0,0,1986,1007,604,403,979,667,312,06,073,020018
06073020108,"Census Tract 201.08, San Diego County, California",1700,128,32,12,20,96,88,8,1572,751,500,251,821,568,253,06,073,020108
06073020401,"Census Tract 204.01, San Diego County, California",392,12,6,6,0,6,6,0,380,194,136,58,186,129,57,06,073,020401
06073020404,"Census Tract 204.04, San Diego County, California",1164,51,51,7,44,0,0,0,1113,424,319,105,689,577,112,06,073,020404
06073020709,"Census Tract 207.09, San Diego County, California",1740,75,75,44,31,0,0,0,1665,960,749,211,705,485,220,06,073,020709
06073007800,"Census Tract 78, San Diego County, California",1855,49,49,28,21,0,0,0,1806,879,681,198,927,693,234,06,073,007800
06073008002,"Census Tract 80.02, San Diego County, California",575,79,79,68,11,0,0,0,496,265,226,39,231,187,44,06,073,008002
06073008349,"Census Tract 83.49, San Diego County, California",928,76,66,43,23,10,10,0,852,380,327,53,472,336,136,06,073,008349
06073008353,"Census Tract 83.53, San Diego County, California",1139,18,18,18,0,0,0,0,1121,566,473,93,555,366,189,06,073,008353
06073008357,"Census Tract 83.57, San Diego County, California",1219,89,89,48,41,0,0,0,1130,572,407,165,558,343,215,06,073,008357
06073008503,"Census Tract 85.03, San Diego County, California",1592,45,25,25,0,20,0,20,1547,650,589,61,897,733,164,06,073,008503
06073008506,"Census Tract 85.06, San Diego County, California",987,46,46,22,24,0,0,0,941,296,185,111,645,462,183,06,073,008506
06073008901,"Census Tract 89.01, San Diego County, California",1886,50,31,27,4,19,19,0,1836,634,515,119,1202,943,259,06,073,008901
06073009107,"Census Tract 91.07, San Diego County, California",1998,51,24,0,24,27,27,0,1947,388,306,82,1559,1101,458,06,073,009107
06073009901,"Census Tract 99.01, San Diego County, California",39,9,5,5,0,4,4,0,30,10,10,0,20,20,0,06,073,009901
06073010109,"Census Tract 101.09, San Diego County, California",1316,37,6,6,0,31,31,0,1279,542,422,120,737,451,286,06,073,010109
06073011100,"Census Tract 111, San Diego County, California",878,41,41,29,12,0,0,0,837,451,285,166,386,261,125,06,073,011100
06073012101,"Census Tract 121.01, San Diego County, California",551,36,33,7,26,3,3,0,515,239,156,83,276,151,125,06,073,012101
06073020025,"Census Tract 200.25, San Diego County, California",1226,17,17,17,0,0,0,0,1209,504,349,155,705,480,225,06,073,020025
06073020017,"Census Tract 200.17, San Diego County, California",850,20,8,0,8,12,12,0,830,517,397,120,313,150,163,06,073,020017
06073020022,"Census Tract 200.22, San Diego County, California",1821,160,160,131,29,0,0,0,1661,703,533,170,958,674,284,06,073,020022
06073020023,"Census Tract 200.23, San Diego County, California",972,34,34,34,0,0,0,0,938,392,292,100,546,336,210,06,073,020023
06073020105,"Census Tract 201.05, San Diego County, California",952,95,61,54,7,34,34,0,857,309,261,48,548,404,144,06,073,020105
06073020210,"Census Tract 202.10, San Diego County, California",1149,91,60,19,41,31,0,31,1058,565,437,128,493,378,115,06,073,020210
06073020710,"Census Tract 207.10, San Diego County, California",338,4,4,4,0,0,0,0,334,151,121,30,183,70,113,06,073,020710
06073020109,"Census Tract 201.09, San Diego County, California",1188,27,8,0,8,19,19,0,1161,611,444,167,550,503,47,06,073,020109
06013340002,"Census Tract 3400.02, Contra Costa County, California",1527,33,33,15,18,0,0,0,1494,850,602,248,644,532,112,06,013,340002
06037212202,"Census Tract 2122.02, Los Angeles County, California",893,37,37,37,0,0,0,0,856,234,195,39,622,524,98,06,037,212202
06037432500,"Census Tract 4325, Los Angeles County, California",1883,91,20,0,20,71,22,49,1792,759,654,105,1033,769,264,06,037,432500
06037433802,"Census Tract 4338.02, Los Angeles County, California",755,31,23,7,16,8,8,0,724,300,212,88,424,340,84,06,037,433802
06037462900,"Census Tract 4629, Los Angeles County, California",915,86,77,65,12,9,9,0,829,460,349,111,369,241,128,06,037,462900
06037404302,"Census Tract 4043.02, Los Angeles County, California",495,33,17,17,0,16,16,0,462,189,93,96,273,245,28,06,037,404302
06037433402,"Census Tract 4334.02, Los Angeles County, California",1115,37,0,0,0,37,16,21,1078,512,294,218,566,250,316,06,037,433402
06037461000,"Census Tract 4610, Los Angeles County, California",1682,31,0,0,0,31,0,31,1651,597,434,163,1054,674,380,06,037,461000
06037480702,"Census Tract 4807.02, Los Angeles County, California",915,22,7,7,0,15,15,0,893,535,407,128,358,263,95,06,037,480702
06037530302,"Census Tract 5303.02, Los Angeles County, California",1912,36,23,23,0,13,13,0,1876,576,368,208,1300,1002,298,06,037,530302
06037532102,"Census Tract 5321.02, Los Angeles County, California",1083,40,0,0,0,40,40,0,1043,352,199,153,691,475,216,06,037,532102
06037201503,"Census Tract 2015.03, Los Angeles County, California",1023,95,29,22,7,66,38,28,928,288,157,131,640,464,176,06,037,201503
06037207400,"Census Tract 2074, Los Angeles County, California",206,5,5,5,0,0,0,0,201,28,28,0,173,162,11,06,037,207400
06037208903,"Census Tract 2089.03, Los Angeles County, California",925,66,39,30,9,27,27,0,859,161,94,67,698,537,161,06,037,208903
06037209200,"Census Tract 2092, Los Angeles County, California",1260,8,0,0,0,8,8,0,1252,500,357,143,752,542,210,06,037,209200
06037210010,"Census Tract 2100.10, Los Angeles County, California",929,12,12,0,12,0,0,0,917,358,266,92,559,371,188,06,037,210010
06037211420,"Census Tract 2114.20, Los Angeles County, California",908,28,28,21,7,0,0,0,880,234,170,64,646,497,149,06,037,211420
06037212203,"Census Tract 2122.03, Los Angeles County, California",829,29,11,11,0,18,18,0,800,185,80,105,615,491,124,06,037,212203
06037212610,"Census Tract 2126.10, Los Angeles County, California",1157,65,60,34,26,5,0,5,1092,355,219,136,737,559,178,06,037,212610
06037214400,"Census Tract 2144, Los Angeles County, California",1280,17,17,17,0,0,0,0,1263,434,402,32,829,775,54,06,037,214400
06037214600,"Census Tract 2146, Los Angeles County, California",812,17,0,0,0,17,0,17,795,294,277,17,501,494,7,06,037,214600
06037218120,"Census Tract 2181.20, Los Angeles County, California",1187,131,108,33,75,23,0,23,1056,357,297,60,699,471,228,06,037,218120
06037218500,"Census Tract 2185, Los Angeles County, California",615,22,16,16,0,6,6,0,593,257,180,77,336,252,84,06,037,218500
06037221210,"Census Tract 2212.10, Los Angeles County, California",796,18,10,8,2,8,0,8,778,276,208,68,502,406,96,06,037,221210
06037221302,"Census Tract 2213.02, Los Angeles County, California",1449,47,0,0,0,47,0,47,1402,336,257,79,1066,909,157,06,037,221302
06037224200,"Census Tract 2242, Los Angeles County, California",705,44,19,19,0,25,18,7,661,196,108,88,465,315,150,06,037,224200
06037463500,"Census Tract 4635, Los Angeles County, California",1995,87,87,41,46,0,0,0,1908,541,313,228,1367,1028,339,06,037,463500
06037460900,"Census Tract 4609, Los Angeles County, California",1873,97,46,39,7,51,44,7,1776,627,483,144,1149,890,259,06,037,460900
06037461100,"Census Tract 4611, Los Angeles County, California",1329,72,45,10,35,27,27,0,1257,518,397,121,739,475,264,06,037,461100
06037461700,"Census Tract 4617, Los Angeles County, California",270,21,14,11,3,7,7,0,249,133,95,38,116,98,18,06,037,461700
06037480101,"Census Tract 4801.01, Los Angeles County, California",858,23,11,0,11,12,0,12,835,290,220,70,545,377,168,06,037,480101
06037480802,"Census Tract 4808.02, Los Angeles County, California",774,14,14,0,14,0,0,0,760,301,225,76,459,309,150,06,037,480802
06037501504,"Census Tract 5015.04, Los Angeles County, California",984,86,58,39,19,28,11,17,898,245,173,72,653,424,229,06,037,501504
06037501600,"Census Tract 5016, Los Angeles County, California",1668,51,46,20,26,5,5,0,1617,559,374,185,1058,593,465,06,037,501600
06037530203,"Census Tract 5302.03, Los Angeles County, California",880,68,12,0,12,56,56,0,812,278,191,87,534,332,202,06,037,530203
06037530400,"Census Tract 5304, Los Angeles County, California",938,26,12,12,0,14,14,0,912,268,109,159,644,478,166,06,037,530400
06037531201,"Census Tract 5312.01, Los Angeles County, California",1194,85,68,0,68,17,17,0,1109,486,348,138,623,436,187,06,037,531201
06037531202,"Census Tract 5312.02, Los Angeles County, California",1025,0,0,0,0,0,0,0,1025,440,332,108,585,411,174,06,037,531202
06037531800,"Census Tract 5318, Los Angeles County, California",1098,54,12,0,12,42,36,6,1044,475,336,139,569,420,149,06,037,531800
06059021807,"Census Tract 218.07, Orange County, California",1034,60,32,21,11,28,28,0,974,498,385,113,476,340,136,06,059,021807
06059021825,"Census Tract 218.25, Orange County, California",511,30,30,30,0,0,0,0,481,253,182,71,228,163,65,06,059,021825
06059032034,"Census Tract 320.34, Orange County, California",1064,55,55,55,0,0,0,0,1009,544,389,155,465,323,142,06,059,032034
06059086903,"Census Tract 869.03, Orange County, California",2305,70,15,15,0,55,37,18,2235,906,703,203,1329,968,361,06,059,086903
06059088002,"Census Tract 880.02, Orange County, California",832,55,28,28,0,27,27,0,777,188,122,66,589,336,253,06,059,088002
06059088202,"Census Tract 882.02, Orange County, California",695,48,38,13,25,10,10,0,647,298,239,59,349,280,69,06,059,088202
06001406000,"Census Tract 4060, Alameda County, California",862,16,0,0,0,16,0,16,846,336,245,91,510,422,88,06,001,406000
06001406100,"Census Tract 4061, Alameda County, California",1230,35,35,0,35,0,0,0,1195,412,252,160,783,487,296,06,001,406100
06001406500,"Census Tract 4065, Alameda County, California",1528,76,76,48,28,0,0,0,1452,429,329,100,1023,765,258,06,001,406500
06001407500,"Census Tract 4075, Alameda County, California",1261,51,12,12,0,39,23,16,1210,391,215,176,819,484,335,06,001,407500
06001407900,"Census Tract 4079, Alameda County, California",878,49,49,49,0,0,0,0,829,399,363,36,430,339,91,06,001,407900
06001408100,"Census Tract 4081, Alameda County, California",1482,67,48,48,0,19,19,0,1415,523,438,85,892,739,153,06,001,408100
06001408500,"Census Tract 4085, Alameda County, California",1444,182,118,109,9,64,38,26,1262,375,252,123,887,593,294,06,001,408500
06001408700,"Census Tract 4087, Alameda County, California",2116,83,19,19,0,64,64,0,2033,710,469,241,1323,828,495,06,001,408700
06001409200,"Census Tract 4092, Alameda County, California",978,32,17,6,11,15,7,8,946,403,267,136,543,284,259,06,001,409200
06001409500,"Census Tract 4095, Alameda County, California",1039,99,67,12,55,32,0,32,940,364,213,151,576,408,168,06,001,409500
06001409600,"Census Tract 4096, Alameda County, California",1378,35,19,4,15,16,16,0,1343,447,326,121,896,534,362,06,001,409600
06001410200,"Census Tract 4102, Alameda County, California",1028,159,33,0,33,126,64,62,869,115,67,48,754,562,192,06,001,410200
06001421300,"Census Tract 4213, Alameda County, California",654,33,22,14,8,11,11,0,621,365,330,35,256,231,25,06,001,421300
06001421700,"Census Tract 4217, Alameda County, California",926,57,57,46,11,0,0,0,869,258,175,83,611,404,207,06,001,421700
06001422000,"Census Tract 4220, Alameda County, California",578,57,41,37,4,16,16,0,521,195,152,43,326,246,80,06,001,422000
06001422300,"Census Tract 4223, Alameda County, California",930,65,65,65,0,0,0,0,865,300,261,39,565,415,150,06,001,422300
06001422800,"Census Tract 4228, Alameda County, California",4874,9,9,0,9,0,0,0,4865,111,65,46,4754,1930,2824,06,001,422800
06001423602,"Census Tract 4236.02, Alameda County, California",2741,0,0,0,0,0,0,0,2741,277,215,62,2464,1552,912,06,001,423602
06001427100,"Census Tract 4271, Alameda County, California",658,49,49,25,24,0,0,0,609,392,372,20,217,171,46,06,001,427100
06001430500,"Census Tract 4305, Alameda County, California",1398,66,59,47,12,7,0,7,1332,547,365,182,785,645,140,06,001,430500
06001430600,"Census Tract 4306, Alameda County, California",1405,47,32,32,0,15,15,0,1358,755,680,75,603,531,72,06,001,430600
06001430700,"Census Tract 4307, Alameda County, California",905,57,28,19,9,29,8,21,848,533,408,125,315,194,121,06,001,430700
06001400200,"Census Tract 4002, Alameda County, California",490,13,13,13,0,0,0,0,477,226,207,19,251,223,28,06,001,400200
06001401100,"Census Tract 4011, Alameda County, California",1686,29,29,29,0,0,0,0,1657,308,256,52,1349,1196,153,06,001,401100
06001401400,"Census Tract 4014, Alameda County, California",1321,19,19,13,6,0,0,0,1302,509,292,217,793,559,234,06,001,401400
06029000908,"Census Tract 9.08, Kern County, California",1270,68,68,47,21,0,0,0,1202,606,506,100,596,255,341,06,029,000908
06029001000,"Census Tract 10, Kern County, California",2600,216,90,46,44,126,39,87,2384,1293,551,742,1091,688,403,06,029,001000
06029003811,"Census Tract 38.11, Kern County, California",500,8,8,3,5,0,0,0,492,319,221,98,173,153,20,06,029,003811
06029005501,"Census Tract 55.01, Kern County, California",925,0,0,0,0,0,0,0,925,478,328,150,447,183,264,06,029,005501
06029000700,"Census Tract 7, Kern County, California",1304,42,42,34,8,0,0,0,1262,468,413,55,794,470,324,06,029,000700
06029002814,"Census Tract 28.14, Kern County, California",1043,97,57,18,39,40,7,33,946,311,197,114,635,481,154,06,029,002814
06059052515,"Census Tract 525.15, Orange County, California",2755,99,99,20,79,0,0,0,2656,1489,948,541,1167,770,397,06,059,052515
06059052517,"Census Tract 525.17, Orange County, California",3459,245,245,198,47,0,0,0,3214,2188,1105,1083,1026,584,442,06,059,052517
06059052518,"Census Tract 525.18, Orange County, California",2322,197,182,0,182,15,15,0,2125,1227,739,488,898,747,151,06,059,052518
06037501503,"Census Tract 5015.03, Los Angeles County, California",1448,0,0,0,0,0,0,0,1448,620,443,177,828,547,281,06,037,501503
06037530003,"Census Tract 5300.03, Los Angeles County, California",526,43,22,12,10,21,0,21,483,173,141,32,310,209,101,06,037,530003
06037530902,"Census Tract 5309.02, Los Angeles County, California",804,40,7,0,7,33,12,21,764,322,222,100,442,253,189,06,037,530902
06037531604,"Census Tract 5316.04, Los Angeles County, California",1018,39,23,17,6,16,0,16,979,419,290,129,560,315,245,06,037,531604
06037533105,"Census Tract 5331.05, Los Angeles County, California",665,0,0,0,0,0,0,0,665,316,231,85,349,198,151,06,037,533105
06037533106,"Census Tract 5331.06, Los Angeles County, California",401,3,0,0,0,3,3,0,398,113,89,24,285,186,99,06,037,533106
06037310100,"Census Tract 3101, Los Angeles County, California",1288,56,56,56,0,0,0,0,1232,792,449,343,440,288,152,06,037,310100
06037310400,"Census Tract 3104, Los Angeles County, California",766,23,21,16,5,2,0,2,743,435,335,100,308,243,65,06,037,310400
06037320300,"Census Tract 3203, Los Angeles County, California",1589,58,21,13,8,37,37,0,1531,565,376,189,966,576,390,06,037,320300
06013325000,"Census Tract 3250, Contra Costa County, California",1294,33,33,33,0,0,0,0,1261,682,562,120,579,419,160,06,013,325000
06001400700,"Census Tract 4007, Alameda County, California",1250,70,70,19,51,0,0,0,1180,357,254,103,823,717,106,06,001,400700
06001402700,"Census Tract 4027, Alameda County, California",583,26,0,0,0,26,14,12,557,195,151,44,362,296,66,06,001,402700
06001402900,"Census Tract 4029, Alameda County, California",389,14,14,0,14,0,0,0,375,45,33,12,330,247,83,06,001,402900
06001403400,"Census Tract 4034, Alameda County, California",1186,61,61,61,0,0,0,0,1125,222,173,49,903,848,55,06,001,403400
06001404600,"Census Tract 4046, Alameda County, California",795,53,53,53,0,0,0,0,742,467,393,74,275,195,80,06,001,404600
06001406201,"Census Tract 4062.01, Alameda County, California",1182,99,41,41,0,58,24,34,1083,312,233,79,771,512,259,06,001,406201
06001406800,"Census Tract 4068, Alameda County, California",921,63,62,55,7,1,1,0,858,317,282,35,541,465,76,06,001,406800
06001407800,"Census Tract 4078, Alameda County, California",1335,10,10,8,2,0,0,0,1325,278,244,34,1047,541,506,06,001,407800
06001408000,"Census Tract 4080, Alameda County, California",621,23,23,23,0,0,0,0,598,177,177,0,421,256,165,06,001,408000
06001408200,"Census Tract 4082, Alameda County, California",1189,32,12,12,0,20,20,0,1157,371,333,38,786,589,197,06,001,408200
06001409900,"Census Tract 4099, Alameda County, California",659,65,48,48,0,17,0,17,594,322,273,49,272,204,68,06,001,409900
06001420200,"Census Tract 4202, Alameda County, California",759,39,39,31,8,0,0,0,720,431,361,70,289,248,41,06,001,420200
06037401603,"Census Tract 4016.03, Los Angeles County, California",443,23,23,17,6,0,0,0,420,245,191,54,175,114,61,06,037,401603
06037401701,"Census Tract 4017.01, Los Angeles County, California",756,22,22,8,14,0,0,0,734,330,252,78,404,330,74,06,037,401701
06037121221,"Census Tract 1212.21, Los Angeles County, California",633,34,20,14,6,14,0,14,599,256,162,94,343,245,98,06,037,121221
06037121222,"Census Tract 1212.22, Los Angeles County, California",1662,108,27,0,27,81,38,43,1554,519,342,177,1035,620,415,06,037,121222
06037121801,"Census Tract 1218.01, Los Angeles County, California",912,0,0,0,0,0,0,0,912,365,229,136,547,364,183,06,037,121801
06037121802,"Census Tract 1218.02, Los Angeles County, California",744,32,25,10,15,7,7,0,712,231,101,130,481,298,183,06,037,121802
06037122121,"Census Tract 1221.21, Los Angeles County, California",606,11,11,0,11,0,0,0,595,251,152,99,344,213,131,06,037,122121
06037122122,"Census Tract 1221.22, Los Angeles County, California",672,33,0,0,0,33,26,7,639,275,137,138,364,219,145,06,037,122122
06037123901,"Census Tract 1239.01, Los Angeles County, California",1040,16,0,0,0,16,16,0,1024,600,445,155,424,267,157,06,037,123901
06037123902,"Census Tract 1239.02, Los Angeles County, California",620,21,21,21,0,0,0,0,599,306,205,101,293,242,51,06,037,123902
06037124103,"Census Tract 1241.03, Los Angeles County, California",502,33,18,0,18,15,0,15,469,206,124,82,263,185,78,06,037,124103
06037124104,"Census Tract 1241.04, Los Angeles County, California",565,26,26,21,5,0,0,0,539,174,139,35,365,298,67,06,037,124104
06037124105,"Census Tract 1241.05, Los Angeles County, California",616,36,36,0,36,0,0,0,580,261,149,112,319,219,100,06,037,124105
06059042333,"Census Tract 423.33, Orange County, California",831,0,0,0,0,0,0,0,831,376,229,147,455,294,161,06,059,042333
06059052404,"Census Tract 524.04, Orange County, California",183,0,0,0,0,0,0,0,183,84,5,79,99,7,92,06,059,052404
06059052415,"Census Tract 524.15, Orange County, California",882,20,20,0,20,0,0,0,862,443,329,114,419,277,142,06,059,052415
06059052418,"Census Tract 524.18, Orange County, California",6428,310,310,114,196,0,0,0,6118,3762,2493,1269,2356,1901,455,06,059,052418
06059052419,"Census Tract 524.19, Orange County, California",937,51,36,36,0,15,15,0,886,483,343,140,403,212,191,06,059,052419
06059052421,"Census Tract 524.21, Orange County, California",1491,80,63,22,41,17,17,0,1411,657,437,220,754,604,150,06,059,052421
06061022011,"Census Tract 220.11, Placer County, California",226,0,0,0,0,0,0,0,226,132,126,6,94,61,33,06,061,022011
06061022013,"Census Tract 220.13, Placer County, California",489,8,8,4,4,0,0,0,481,237,155,82,244,145,99,06,061,022013
06061022014,"Census Tract 220.14, Placer County, California",189,13,13,13,0,0,0,0,176,96,85,11,80,80,0,06,061,022014
06061022100,"Census Tract 221, Placer County, California",76,0,0,0,0,0,0,0,76,62,56,6,14,14,0,06,061,022100
06061022200,"Census Tract 222, Placer County, California",202,30,21,21,0,9,0,9,172,79,61,18,93,88,5,06,061,022200
06061022300,"Census Tract 223, Placer County, California",43,0,0,0,0,0,0,0,43,24,10,14,19,0,19,06,061,022300
06061022400,"Census Tract 224, Placer County, California",1019,84,72,36,36,12,12,0,935,527,396,131,408,270,138,06,061,022400
06061022500,"Census Tract 225, Placer County, California",1431,28,28,28,0,0,0,0,1403,918,736,182,485,282,203,06,061,022500
06061022600,"Census Tract 226, Placer County, California",1423,66,42,10,32,24,24,0,1357,624,364,260,733,600,133,06,061,022600
06061022800,"Census Tract 228, Placer County, California",1084,90,88,12,76,2,2,0,994,667,459,208,327,247,80,06,061,022800
06061022900,"Census Tract 229, Placer County, California",1424,13,13,9,4,0,0,0,1411,860,636,224,551,369,182,06,061,022900
06061023000,"Census Tract 230, Placer County, California",945,68,68,46,22,0,0,0,877,528,390,138,349,271,78,06,061,023000
06061023100,"Census Tract 231, Placer County, California",2232,142,142,92,50,0,0,0,2090,1107,867,240,983,730,253,06,061,023100
06061023200,"Census Tract 232, Placer County, California",1511,103,103,72,31,0,0,0,1408,958,712,246,450,364,86,06,061,023200
06061023300,"Census Tract 233, Placer County, California",1307,81,63,32,31,18,18,0,1226,759,572,187,467,390,77,06,061,023300
06061023400,"Census Tract 234, Placer County, California",1260,60,32,21,11,28,28,0,1200,827,567,260,373,224,149,06,061,023400
06061023500,"Census Tract 235, Placer County, California",1436,141,141,95,46,0,0,0,1295,761,507,254,534,382,152,06,061,023500
06061023600,"Census Tract 236, Placer County, California",24,0,0,0,0,0,0,0,24,24,24,0,0,0,0,06,061,023600
06061023700,"Census Tract 237, Placer County, California",28,0,0,0,0,0,0,0,28,17,17,0,11,11,0,06,061,023700
06061023800,"Census Tract 238, Placer County, California",95,31,11,11,0,20,20,0,64,10,10,0,54,47,7,06,061,023800
06061023900,"Census Tract 239, Placer County, California",914,50,43,29,14,7,0,7,864,436,373,63,428,297,131,06,061,023900
06073013310,"Census Tract 133.1, San Diego County, California",8048,184,184,136,48,0,0,0,7864,3903,2468,1435,3961,2722,1239,06,073,013310
06073013314,"Census Tract 133.14, San Diego County, California",5366,269,202,107,95,67,67,0,5097,2894,1999,895,2203,1433,770,06,073,013314
06073013420,"Census Tract 134.20, San Diego County, California",857,43,36,31,5,7,7,0,814,441,275,166,373,247,126,06,073,013420
06073013421,"Census Tract 134.21, San Diego County, California",1110,17,17,11,6,0,0,0,1093,428,288,140,665,374,291,06,073,013421
06001420500,"Census Tract 4205, Alameda County, California",684,44,38,29,9,6,6,0,640,332,276,56,308,226,82,06,001,420500
06001421600,"Census Tract 4216, Alameda County, California",744,65,65,50,15,0,0,0,679,377,326,51,302,165,137,06,001,421600
06001421900,"Census Tract 4219, Alameda County, California",1069,32,32,32,0,0,0,0,1037,468,359,109,569,400,169,06,001,421900
06001422200,"Census Tract 4222, Alameda County, California",852,27,27,27,0,0,0,0,825,357,305,52,468,337,131,06,001,422200
06001435700,"Census Tract 4357, Alameda County, California",1119,79,79,37,42,0,0,0,1040,481,364,117,559,270,289,06,001,435700
06001436100,"Census Tract 4361, Alameda County, California",1278,54,54,26,28,0,0,0,1224,549,438,111,675,471,204,06,001,436100
06001438204,"Census Tract 4382.04, Alameda County, California",1067,8,8,8,0,0,0,0,1059,638,394,244,421,307,114,06,001,438204
06001440333,"Census Tract 4403.33, Alameda County, California",738,42,33,33,0,9,0,9,696,329,267,62,367,196,171,06,001,440333
06001440334,"Census Tract 4403.34, Alameda County, California",1132,102,91,65,26,11,11,0,1030,373,311,62,657,501,156,06,001,440334
06001440335,"Census Tract 4403.35, Alameda County, California",1828,188,188,164,24,0,0,0,1640,1119,796,323,521,419,102,06,001,440335
06001440336,"Census Tract 4403.36, Alameda County, California",1103,58,28,28,0,30,30,0,1045,489,370,119,556,447,109,06,001,440336
06001441523,"Census Tract 4415.23, Alameda County, California",1305,97,97,68,29,0,0,0,1208,843,486,357,365,323,42,06,001,441523
06001441524,"Census Tract 4415.24, Alameda County, California",1103,80,80,50,30,0,0,0,1023,826,494,332,197,127,70,06,001,441524
06001441924,"Census Tract 4419.24, Alameda County, California",1824,113,113,51,62,0,0,0,1711,1222,863,359,489,331,158,06,001,441924
06001441925,"Census Tract 4419.25, Alameda County, California",2093,206,172,123,49,34,34,0,1887,1360,836,524,527,451,76,06,001,441925
06001441926,"Census Tract 4419.26, Alameda County, California",1228,109,105,30,75,4,4,0,1119,786,505,281,333,184,149,06,001,441926
06001441927,"Census Tract 4419.27, Alameda County, California",1320,108,108,83,25,0,0,0,1212,882,419,463,330,276,54,06,001,441927
06001442301,"Census Tract 4423.01, Alameda County, California",1168,54,54,54,0,0,0,0,1114,688,407,281,426,179,247,06,001,442301
06001442601,"Census Tract 4426.01, Alameda County, California",954,70,37,0,37,33,33,0,884,531,379,152,353,266,87,06,001,442601
06001442602,"Census Tract 4426.02, Alameda County, California",1131,29,9,9,0,20,10,10,1102,678,392,286,424,257,167,06,001,442602
06001443104,"Census Tract 4431.04, Alameda County, California",1304,19,19,12,7,0,0,0,1285,882,510,372,403,224,179,06,001,443104
06001443105,"Census Tract 4431.05, Alameda County, California",1106,44,44,37,7,0,0,0,1062,752,596,156,310,178,132,06,001,443105
06001442302,"Census Tract 4423.02, Alameda County, California",1622,87,87,8,79,0,0,0,1535,952,593,359,583,466,117,06,001,442302
06037262501,"Census Tract 2625.01, Los Angeles County, California",734,53,53,11,42,0,0,0,681,454,252,202,227,77,150,06,037,262501
06037262604,"Census Tract 2626.04, Los Angeles County, California",1079,0,0,0,0,0,0,0,1079,821,450,371,258,159,99,06,037,262604
06037262704,"Census Tract 2627.04, Los Angeles County, California",797,0,0,0,0,0,0,0,797,382,260,122,415,299,116,06,037,262704
06037262706,"Census Tract 2627.06, Los Angeles County, California",689,26,26,11,15,0,0,0,663,369,167,202,294,154,140,06,037,262706
06037262802,"Census Tract 2628.02, Los Angeles County, California",540,27,27,10,17,0,0,0,513,294,184,110,219,119,100,06,037,262802
06059074702,"Census Tract 747.02, Orange County, California",1675,114,49,13,36,65,22,43,1561,581,415,166,980,512,468,06,059,074702
06059075405,"Census Tract 754.05, Orange County, California",741,4,4,0,4,0,0,0,737,369,246,123,368,245,123,06,059,075405
06059075604,"Census Tract 756.04, Orange County, California",1243,56,56,37,19,0,0,0,1187,771,576,195,416,231,185,06,059,075604
06059075607,"Census Tract 756.07, Orange County, California",1610,89,89,18,71,0,0,0,1521,749,544,205,772,678,94,06,059,075607
06075016500,"Census Tract 165, San Francisco County, California",2302,84,84,66,18,0,0,0,2218,461,364,97,1757,1604,153,06,075,016500
06075030700,"Census Tract 307, San Francisco County, California",1267,49,49,30,19,0,0,0,1218,873,729,144,345,289,56,06,075,030700
06075035100,"Census Tract 351, San Francisco County, California",2674,99,99,81,18,0,0,0,2575,1044,760,284,1531,1195,336,06,075,035100
06075013000,"Census Tract 130, San Francisco County, California",1662,62,62,62,0,0,0,0,1600,408,376,32,1192,1192,0,06,075,013000
06075026002,"Census Tract 260.02, San Francisco County, California",717,40,35,23,12,5,0,5,677,265,227,38,412,319,93,06,075,026002
06075026402,"Census Tract 264.02, San Francisco County, California",1201,110,25,25,0,85,85,0,1091,504,318,186,587,435,152,06,075,026402
06075030301,"Census Tract 303.01, San Francisco County, California",1559,111,88,60,28,23,0,23,1448,659,625,34,789,701,88,06,075,030301
06075030800,"Census Tract 308, San Francisco County, California",1382,28,28,28,0,0,0,0,1354,737,550,187,617,483,134,06,075,030800
06075025402,"Census Tract 254.02, San Francisco County, California",799,55,55,55,0,0,0,0,744,328,270,58,416,393,23,06,075,025402
06075026200,"Census Tract 262, San Francisco County, California",1777,96,96,96,0,0,0,0,1681,605,476,129,1076,863,213,06,075,026200
06075021600,"Census Tract 216, San Francisco County, California",957,39,39,39,0,0,0,0,918,536,490,46,382,347,35,06,075,021600
06073014901,"Census Tract 149.01, San Diego County, California",924,19,19,9,10,0,0,0,905,539,480,59,366,303,63,06,073,014901
06073016503,"Census Tract 165.03, San Diego County, California",715,55,30,22,8,25,25,0,660,350,317,33,310,221,89,06,073,016503
06073016504,"Census Tract 165.04, San Diego County, California",2077,238,104,93,11,134,41,93,1839,671,622,49,1168,891,277,06,073,016504
06075030900,"Census Tract 309, San Francisco County, California",1465,21,0,0,0,21,19,2,1444,788,716,72,656,340,316,06,075,030900
06075047901,"Census Tract 479.01, San Francisco County, California",1819,23,23,0,23,0,0,0,1796,765,514,251,1031,921,110,06,075,047901
06091010000,"Census Tract 100, Sierra County, California",414,10,10,9,1,0,0,0,404,129,85,44,275,262,13,06,091,010000
06073003501,"Census Tract 35.01, San Diego County, California",1322,29,13,0,13,16,16,0,1293,448,274,174,845,634,211,06,073,003501
06073005200,"Census Tract 52, San Diego County, California",1967,17,17,17,0,0,0,0,1950,728,566,162,1222,974,248,06,073,005200
06073006000,"Census Tract 60, San Diego County, California",1064,41,41,41,0,0,0,0,1023,265,229,36,758,686,72,06,073,006000
06073005000,"Census Tract 50, San Diego County, California",712,54,21,5,16,33,33,0,658,246,162,84,412,263,149,06,073,005000
06073006200,"Census Tract 62, San Diego County, California",0,0,0,0,0,0,0,0,0,0,0,0,0,0,0,06,073,006200
06073007600,"Census Tract 76, San Diego County, California",1400,16,16,16,0,0,0,0,1384,377,361,16,1007,841,166,06,073,007600
06073017047,"Census Tract 170.47, San Diego County, California",752,21,21,21,0,0,0,0,731,496,365,131,235,165,70,06,073,017047
06073017107,"Census Tract 171.07, San Diego County, California",587,14,14,7,7,0,0,0,573,352,271,81,221,168,53,06,073,017107
06073018504,"Census Tract 185.04, San Diego County, California",1693,40,40,40,0,0,0,0,1653,798,488,310,855,629,226,06,073,018504
06073018509,"Census Tract 185.09, San Diego County, California",1383,22,10,10,0,12,0,12,1361,470,360,110,891,676,215,06,073,018509
06073018517,"Census Tract 185.17, San Diego County, California",1144,67,7,0,7,60,0,60,1077,409,254,155,668,508,160,06,073,018517
06073018612,"Census Tract 186.12, San Diego County, California",751,45,36,0,36,9,9,0,706,386,259,127,320,292,28,06,073,018612
06037553801,"Census Tract 5538.01, Los Angeles County, California",1247,0,0,0,0,0,0,0,1247,523,286,237,724,458,266,06,037,553801
06037554511,"Census Tract 5545.11, Los Angeles County, California",883,19,19,0,19,0,0,0,864,421,320,101,443,304,139,06,037,554511
06037554515,"Census Tract 5545.15, Los Angeles County, California",904,41,31,7,24,10,0,10,863,291,215,76,572,477,95,06,037,554515
06037554517,"Census Tract 5545.17, Los Angeles County, California",985,7,7,0,7,0,0,0,978,594,381,213,384,282,102,06,037,554517
06037554519,"Census Tract 5545.19, Los Angeles County, California",686,31,31,22,9,0,0,0,655,300,197,103,355,158,197,06,037,554519
06037554900,"Census Tract 5549, Los Angeles County, California",2073,188,78,0,78,110,19,91,1885,842,574,268,1043,761,282,06,037,554900
06037555103,"Census Tract 5551.03, Los Angeles County, California",1209,41,41,21,20,0,0,0,1168,508,485,23,660,390,270,06,037,555103
06037570501,"Census Tract 5705.01, Los Angeles County, California",2285,107,92,19,73,15,15,0,2178,812,518,294,1366,756,610,06,037,570501
06037570502,"Census Tract 5705.02, Los Angeles County, California",1623,71,22,21,1,49,21,28,1552,733,518,215,819,520,299,06,037,570502
06037571200,"Census Tract 5712, Los Angeles County, California",1795,75,44,28,16,31,31,0,1720,712,599,113,1008,819,189,06,037,571200
06037571300,"Census Tract 5713, Los Angeles County, California",1044,33,33,33,0,0,0,0,1011,416,329,87,595,391,204,06,037,571300
06037571900,"Census Tract 5719, Los Angeles County, California",1240,84,39,20,19,45,45,0,1156,704,493,211,452,247,205,06,037,571900
06037572302,"Census Tract 5723.02, Los Angeles County, California",1147,85,42,30,12,43,19,24,1062,324,202,122,738,524,214,06,037,572302
06037572500,"Census Tract 5725, Los Angeles County, California",859,76,37,37,0,39,39,0,783,141,88,53,642,381,261,06,037,572500
06037573403,"Census Tract 5734.03, Los Angeles County, California",974,23,23,23,0,0,0,0,951,345,272,73,606,346,260,06,037,573403
06037574300,"Census Tract 5743, Los Angeles County, California",1421,123,123,68,55,0,0,0,1298,644,593,51,654,463,191,06,037,574300
06037575101,"Census Tract 5751.01, Los Angeles County, California",1398,39,30,17,13,9,0,9,1359,302,208,94,1057,755,302,06,037,575101
06037575803,"Census Tract 5758.03, Los Angeles County, California",781,83,26,22,4,57,35,22,698,218,142,76,480,301,179,06,037,575803
06037291220,"Census Tract 2912.20, Los Angeles County, California",848,64,31,31,0,33,6,27,784,288,172,116,496,305,191,06,037,291220
06037294410,"Census Tract 2944.10, Los Angeles County, California",1591,118,92,33,59,26,9,17,1473,479,324,155,994,642,352,06,037,294410
06037296210,"Census Tract 2962.10, Los Angeles County, California",760,117,35,0,35,82,48,34,643,176,114,62,467,358,109,06,037,296210
06037134103,"Census Tract 1341.03, Los Angeles County, California",1109,70,70,70,0,0,0,0,1039,457,340,117,582,384,198,06,037,134103
06037432902,"Census Tract 4329.02, Los Angeles County, California",711,11,11,11,0,0,0,0,700,359,319,40,341,193,148,06,037,432902
06037433602,"Census Tract 4336.02, Los Angeles County, California",660,53,17,9,8,36,11,25,607,231,105,126,376,191,185,06,037,433602
06037920108,"Census Tract 9201.08, Los Angeles County, California",1377,104,95,86,9,9,9,0,1273,858,496,362,415,335,80,06,037,920108
06037920112,"Census Tract 9201.12, Los Angeles County, California",852,28,28,28,0,0,0,0,824,390,284,106,434,297,137,06,037,920112
06037920326,"Census Tract 9203.26, Los Angeles County, California",1652,59,59,59,0,0,0,0,1593,846,670,176,747,599,148,06,037,920326
06037101300,"Census Tract 1013, Los Angeles County, California",990,12,12,12,0,0,0,0,978,498,427,71,480,272,208,06,037,101300
06037480500,"Census Tract 4805, Los Angeles County, California",1090,49,49,23,26,0,0,0,1041,499,442,57,542,451,91,06,037,480500
06037481101,"Census Tract 4811.01, Los Angeles County, California",1199,48,24,17,7,24,24,0,1151,409,310,99,742,565,177,06,037,481101
06037481401,"Census Tract 4814.01, Los Angeles County, California",1695,18,0,0,0,18,0,18,1677,721,534,187,956,556,400,06,037,481401
06037481902,"Census Tract 4819.02, Los Angeles County, California",801,0,0,0,0,0,0,0,801,243,124,119,558,421,137,06,037,481902
06037208401,"Census Tract 2084.01, Los Angeles County, California",970,56,56,25,31,0,0,0,914,361,295,66,553,380,173,06,037,208401
06037208402,"Census Tract 2084.02, Los Angeles County, California",698,61,61,19,42,0,0,0,637,162,118,44,475,369,106,06,037,208402
06037208501,"Census Tract 2085.01, Los Angeles County, California",698,24,16,16,0,8,0,8,674,227,142,85,447,344,103,06,037,208501
06037208502,"Census Tract 2085.02, Los Angeles County, California",1008,28,12,12,0,16,0,16,980,346,240,106,634,437,197,06,037,208502
06037208801,"Census Tract 2088.01, Los Angeles County, California",610,20,0,0,0,20,20,0,590,133,87,46,457,335,122,06,037,208801
06071012300,"Census Tract 123, San Bernardino County, California",863,43,0,0,0,43,0,43,820,91,0,91,729,0,729,06,071,012300
06071012400,"Census Tract 124, San Bernardino County, California",874,51,6,0,6,45,0,45,823,297,185,112,526,354,172,06,071,012400
06071012500,"Census Tract 125, San Bernardino County, California",1435,124,29,12,17,95,57,38,1311,540,248,292,771,464,307,06,071,012500
06071012700,"Census Tract 127, San Bernardino County, California",953,21,21,7,14,0,0,0,932,475,404,71,457,395,62,06,071,012700
06071025000,"Census Tract 250, San Bernardino County, California",2239,296,136,34,102,160,160,0,1943,1605,876,729,338,274,64,06,071,025000
06071025100,"Census Tract 251, San Bernardino County, California",150,11,0,0,0,11,6,5,139,55,49,6,84,55,29,06,071,025100
06071980100,"Census Tract 9801, San Bernardino County, California",0,0,0,0,0,0,0,0,0,0,0,0,0,0,0,06,071,980100
06071980200,"Census Tract 9802, San Bernardino County, California",162,19,7,0,7,12,0,12,143,61,0,61,82,0,82,06,071,980200
06073000202,"Census Tract 2.02, San Diego County, California",1434,23,23,23,0,0,0,0,1411,572,508,64,839,683,156,06,073,000202
06073002712,"Census Tract 27.12, San Diego County, California",1335,75,75,62,13,0,0,0,1260,360,235,125,900,595,305,06,073,002712
06073003305,"Census Tract 33.05, San Diego County, California",1735,31,25,6,19,6,6,0,1704,554,430,124,1150,551,599,06,073,003305
06085510801,"Census Tract 5108.01, Santa Clara County, California",1068,0,0,0,0,0,0,0,1068,726,469,257,342,221,121,06,085,510801
06085510803,"Census Tract 5108.03, Santa Clara County, California",525,9,9,9,0,0,0,0,516,325,210,115,191,137,54,06,085,510803
06085511500,"Census Tract 5115, Santa Clara County, California",2207,48,48,33,15,0,0,0,2159,846,746,100,1313,924,389,06,085,511500
06085503703,"Census Tract 5037.03, Santa Clara County, California",1105,11,11,6,5,0,0,0,1094,371,257,114,723,506,217,06,085,503703
06085503708,"Census Tract 5037.08, Santa Clara County, California",658,51,34,34,0,17,9,8,607,268,223,45,339,241,98,06,085,503708
06085504002,"Census Tract 5040.02, Santa Clara County, California",1496,81,53,44,9,28,10,18,1415,486,357,129,929,633,296,06,085,504002
06085502601,"Census Tract 5026.01, Santa Clara County, California",399,0,0,0,0,0,0,0,399,251,164,87,148,122,26,06,085,502601
06085502907,"Census Tract 5029.07, Santa Clara County, California",881,24,24,18,6,0,0,0,857,407,346,61,450,355,95,06,085,502907
06085503208,"Census Tract 5032.08, Santa Clara County, California",1266,48,39,25,14,9,0,9,1218,493,406,87,725,513,212,06,085,503208
06085503315,"Census Tract 5033.15, Santa Clara County, California",2499,29,14,14,0,15,15,0,2470,1016,725,291,1454,1132,322,06,085,503315
06085505800,"Census Tract 5058, Santa Clara County, California",961,37,37,21,16,0,0,0,924,541,444,97,383,313,70,06,085,505800
06037103300,"Census Tract 1033, Los Angeles County, California",701,52,36,21,15,16,16,0,649,356,292,64,293,214,79,06,037,103300
06037104401,"Census Tract 1044.01, Los Angeles County, California",792,11,5,5,0,6,6,0,781,346,200,146,435,320,115,06,037,104401
06037104500,"Census Tract 1045, Los Angeles County, California",708,55,0,0,0,55,30,25,653,246,154,92,407,352,55,06,037,104500
06037107020,"Census Tract 1070.20, Los Angeles County, California",1519,11,0,0,0,11,0,11,1508,568,379,189,940,523,417,06,037,107020
06085512033,"Census Tract 5120.33, Santa Clara County, California",2111,209,158,98,60,51,51,0,1902,827,610,217,1075,815,260,06,085,512033
06085512035,"Census Tract 5120.35, Santa Clara County, California",997,33,33,25,8,0,0,0,964,539,362,177,425,292,133,06,085,512035
06029006006,"Census Tract 60.06, Kern County, California",737,50,37,0,37,13,0,13,687,363,260,103,324,226,98,06,029,006006
06029006007,"Census Tract 60.07, Kern County, California",894,82,82,68,14,0,0,0,812,452,304,148,360,141,219,06,029,006007
06029006008,"Census Tract 60.08, Kern County, California",994,52,52,24,28,0,0,0,942,430,296,134,512,271,241,06,029,006008
06029006303,"Census Tract 63.03, Kern County, California",1401,89,56,36,20,33,6,27,1312,594,349,245,718,241,477,06,029,006303
06029006304,"Census Tract 63.04, Kern County, California",1019,150,75,56,19,75,39,36,869,349,195,154,520,210,310,06,029,006304
06029006403,"Census Tract 64.03, Kern County, California",1667,112,51,29,22,61,50,11,1555,950,541,409,605,310,295,06,029,006403
06029006404,"Census Tract 64.04, Kern County, California",744,65,40,11,29,25,20,5,679,255,186,69,424,197,227,06,029,006404
06029006500,"Census Tract 65, Kern County, California",360,56,11,11,0,45,14,31,304,122,63,59,182,84,98,06,029,006500
06031001401,"Census Tract 14.01, Kings County, California",589,36,36,5,31,0,0,0,553,239,140,99,314,167,147,06,031,001401
06031001402,"Census Tract 14.02, Kings County, California",462,4,0,0,0,4,0,4,458,193,77,116,265,49,216,06,031,001402
06031981800,"Census Tract 9818, Kings County, California",0,0,0,0,0,0,0,0,0,0,0,0,0,0,0,06,031,981800
06033000501,"Census Tract 5.01, Lake County, California",647,0,0,0,0,0,0,0,647,248,129,119,399,301,98,06,033,000501
06033000502,"Census Tract 5.02, Lake County, California",338,9,9,9,0,0,0,0,329,102,39,63,227,178,49,06,033,000502
06033000701,"Census Tract 7.01, Lake County, California",756,12,0,0,0,12,12,0,744,183,123,60,561,355,206,06,033,000701
06033000702,"Census Tract 7.02, Lake County, California",779,85,0,0,0,85,46,39,694,251,182,69,443,261,182,06,033,000702
06033000801,"Census Tract 8.01, Lake County, California",562,10,0,0,0,10,10,0,552,184,113,71,368,211,157,06,033,000801
06033000802,"Census Tract 8.02, Lake County, California",1058,78,48,25,23,30,0,30,980,355,212,143,625,432,193,06,033,000802
06035040303,"Census Tract 403.03, Lassen County, California",471,51,27,5,22,24,10,14,420,196,114,82,224,125,99,06,035,040303
06035040304,"Census Tract 403.04, Lassen County, California",336,24,17,17,0,7,5,2,312,121,66,55,191,120,71,06,035,040304
06035040305,"Census Tract 403.05, Lassen County, California",720,68,39,26,13,29,26,3,652,336,252,84,316,229,87,06,035,040305
06037102104,"Census Tract 1021.04, Los Angeles County, California",924,75,75,75,0,0,0,0,849,511,346,165,338,224,114,06,037,102104
06037102107,"Census Tract 1021.07, Los Angeles County, California",895,36,4,4,0,32,32,0,859,472,284,188,387,194,193,06,037,102107
06037101122,"Census Tract 1011.22, Los Angeles County, California",542,0,0,0,0,0,0,0,542,201,160,41,341,220,121,06,037,101122
06037102105,"Census Tract 1021.05, Los Angeles County, California",485,16,16,6,10,0,0,0,469,257,214,43,212,146,66,06,037,102105
06037102103,"Census Tract 1021.03, Los Angeles County, California",390,28,9,9,0,19,19,0,362,213,148,65,149,84,65,06,037,102103
06037104124,"Census Tract 1041.24, Los Angeles County, California",1022,34,25,10,15,9,0,9,988,346,249,97,642,411,231,06,037,104124
06037104108,"Census Tract 1041.08, Los Angeles County, California",1437,27,0,0,0,27,27,0,1410,563,432,131,847,568,279,06,037,104108
06037104203,"Census Tract 1042.03, Los Angeles County, California",1445,69,30,30,0,39,0,39,1376,595,366,229,781,546,235,06,037,104203
06013343001,"Census Tract 3430.01, Contra Costa County, California",1080,35,35,35,0,0,0,0,1045,394,288,106,651,555,96,06,013,343001
06013346102,"Census Tract 3461.02, Contra Costa County, California",866,0,0,0,0,0,0,0,866,474,291,183,392,202,190,06,013,346102
06073019107,"Census Tract 191.07, San Diego County, California",373,53,52,23,29,1,1,0,320,153,81,72,167,106,61,06,073,019107
06073020020,"Census Tract 200.20, San Diego County, California",1880,112,90,90,0,22,22,0,1768,1072,817,255,696,466,230,06,073,020020
06073007200,"Census Tract 72, San Diego County, California",2075,30,30,19,11,0,0,0,2045,330,252,78,1715,592,1123,06,073,007200
06073015302,"Census Tract 153.02, San Diego County, California",789,36,30,0,30,6,0,6,753,352,200,152,401,214,187,06,073,015302
06073016401,"Census Tract 164.01, San Diego County, California",1049,49,44,14,30,5,5,0,1000,487,426,61,513,285,228,06,073,016401
06073016613,"Census Tract 166.13, San Diego County, California",512,17,17,17,0,0,0,0,495,240,173,67,255,206,49,06,073,016613
06099000803,"Census Tract 8.03, Stanislaus County, California",1083,121,73,31,42,48,33,15,962,490,251,239,472,336,136,06,099,000803
06099000906,"Census Tract 9.06, Stanislaus County, California",1216,179,179,58,121,0,0,0,1037,575,469,106,462,374,88,06,099,000906
06059110111,"Census Tract 1101.11, Orange County, California",1570,64,47,21,26,17,17,0,1506,697,551,146,809,538,271,06,059,110111
06059110113,"Census Tract 1101.13, Orange County, California",393,0,0,0,0,0,0,0,393,179,134,45,214,179,35,06,059,110113
06059110605,"Census Tract 1106.05, Orange County, California",1663,116,116,39,77,0,0,0,1547,872,511,361,675,514,161,06,059,110605
06059052416,"Census Tract 524.16, Orange County, California",1268,46,23,23,0,23,23,0,1222,597,439,158,625,418,207,06,059,052416
06059052426,"Census Tract 524.26, Orange County, California",5425,297,279,225,54,18,18,0,5128,3051,1920,1131,2077,1438,639,06,059,052426
06059062632,"Census Tract 626.32, Orange County, California",649,11,11,0,11,0,0,0,638,330,245,85,308,200,108,06,059,062632
06059042206,"Census Tract 422.06, Orange County, California",555,33,33,19,14,0,0,0,522,265,237,28,257,239,18,06,059,042206
06059052522,"Census Tract 525.22, Orange County, California",1205,26,26,18,8,0,0,0,1179,624,401,223,555,345,210,06,059,052522
06059063009,"Census Tract 630.09, Orange County, California",289,21,15,8,7,6,6,0,268,136,95,41,132,105,27,06,059,063009
06059063907,"Census Tract 639.07, Orange County, California",2339,68,55,27,28,13,13,0,2271,850,645,205,1421,1403,18,06,059,063907
06059074601,"Census Tract 746.01, Orange County, California",1887,53,30,30,0,23,10,13,1834,882,435,447,952,694,258,06,059,074601
06059001707,"Census Tract 17.07, Orange County, California",1884,72,72,34,38,0,0,0,1812,1032,687,345,780,510,270,06,059,001707
06099001002,"Census Tract 10.02, Stanislaus County, California",798,35,35,19,16,0,0,0,763,276,229,47,487,347,140,06,099,001002
06099001100,"Census Tract 11, Stanislaus County, California",1045,15,15,8,7,0,0,0,1030,349,194,155,681,462,219,06,099,001100
06099001601,"Census Tract 16.01, Stanislaus County, California",1158,139,43,0,43,96,19,77,1019,395,272,123,624,370,254,06,099,001601
06099002604,"Census Tract 26.04, Stanislaus County, California",1158,59,59,29,30,0,0,0,1099,502,367,135,597,494,103,06,099,002604
06099002801,"Census Tract 28.01, Stanislaus County, California",1209,191,116,42,74,75,30,45,1018,619,422,197,399,233,166,06,099,002801
06099002802,"Census Tract 28.02, Stanislaus County, California",1277,61,44,44,0,17,0,17,1216,708,446,262,508,157,351,06,099,002802
06099003906,"Census Tract 39.06, Stanislaus County, California",1485,149,106,33,73,43,35,8,1336,463,293,170,873,563,310,06,099,003906
06099000402,"Census Tract 4.02, Stanislaus County, California",2947,100,91,50,41,9,0,9,2847,1544,1045,499,1303,784,519,06,099,000402
06099000404,"Census Tract 4.04, Stanislaus County, California",1305,97,97,60,37,0,0,0,1208,544,338,206,664,468,196,06,099,000404
06099000905,"Census Tract 9.05, Stanislaus County, California",1376,19,19,0,19,0,0,0,1357,669,446,223,688,535,153,06,099,000905
06099000908,"Census Tract 9.08, Stanislaus County, California",1207,19,19,19,0,0,0,0,1188,505,310,195,683,474,209,06,099,000908
06099000912,"Census Tract 9.12, Stanislaus County, California",4346,139,139,114,25,0,0,0,4207,2180,1787,393,2027,1549,478,06,099,000912
06099002002,"Census Tract 20.02, Stanislaus County, California",830,35,11,11,0,24,0,24,795,298,164,134,497,355,142,06,099,002002
06099002302,"Census Tract 23.02, Stanislaus County, California",880,49,49,9,40,0,0,0,831,371,152,219,460,231,229,06,099,002302
06099003400,"Census Tract 34, Stanislaus County, California",381,19,19,0,19,0,0,0,362,132,21,111,230,74,156,06,099,003400
06099003700,"Census Tract 37, Stanislaus County, California",956,112,80,52,28,32,0,32,844,479,272,207,365,220,145,06,099,003700
06099003802,"Census Tract 38.02, Stanislaus County, California",1285,48,36,7,29,12,0,12,1237,488,296,192,749,432,317,06,099,003802
06099000201,"Census Tract 2.01, Stanislaus County, California",1409,72,19,19,0,53,53,0,1337,574,398,176,763,335,428,06,099,000201
06099000807,"Census Tract 8.07, Stanislaus County, California",935,93,30,5,25,63,43,20,842,310,179,131,532,483,49,06,099,000807
06099000909,"Census Tract 9.09, Stanislaus County, California",1108,79,40,19,21,39,21,18,1029,384,213,171,645,535,110,06,099,000909
06099001001,"Census Tract 10.01, Stanislaus County, California",1127,13,13,13,0,0,0,0,1114,558,393,165,556,429,127,06,099,001001
06099003907,"Census Tract 39.07, Stanislaus County, California",1375,26,26,26,0,0,0,0,1349,662,572,90,687,436,251,06,099,003907
06099001700,"Census Tract 17, Stanislaus County, California",665,46,30,0,30,16,0,16,619,197,94,103,422,180,242,06,099,001700
06099001800,"Census Tract 18, Stanislaus County, California",485,32,17,17,0,15,15,0,453,132,95,37,321,266,55,06,099,001800
06099001900,"Census Tract 19, Stanislaus County, California",1206,55,38,20,18,17,17,0,1151,452,272,180,699,501,198,06,099,001900
06099002603,"Census Tract 26.03, Stanislaus County, California",678,30,30,25,5,0,0,0,648,212,161,51,436,257,179,06,099,002603
06099002702,"Census Tract 27.02, Stanislaus County, California",1822,136,105,57,48,31,15,16,1686,867,520,347,819,518,301,06,099,002702
06099002901,"Census Tract 29.01, Stanislaus County, California",887,67,55,8,47,12,1,11,820,436,293,143,384,263,121,06,099,002901
06099003904,"Census Tract 39.04, Stanislaus County, California",1076,57,14,7,7,43,43,0,1019,430,245,185,589,406,183,06,099,003904
06001420100,"Census Tract 4201, Alameda County, California",560,6,6,6,0,0,0,0,554,297,247,50,257,177,80,06,001,420100
06001422900,"Census Tract 4229, Alameda County, California",1906,23,23,23,0,0,0,0,1883,107,107,0,1776,1043,733,06,001,422900
06001436800,"Census Tract 4368, Alameda County, California",1136,29,20,7,13,9,0,9,1107,561,427,134,546,510,36,06,001,436800
06001436401,"Census Tract 4364.01, Alameda County, California",1848,142,102,102,0,40,0,40,1706,790,622,168,916,719,197,06,001,436401
06001410400,"Census Tract 4104, Alameda County, California",1013,60,39,23,16,21,6,15,953,395,323,72,558,432,126,06,001,410400
06059089001,"Census Tract 890.01, Orange County, California",1742,33,9,9,0,24,24,0,1709,850,639,211,859,573,286,06,059,089001
06059075702,"Census Tract 757.02, Orange County, California",762,32,32,32,0,0,0,0,730,357,250,107,373,248,125,06,059,075702
06059086801,"Census Tract 868.01, Orange County, California",1026,95,71,50,21,24,24,0,931,403,266,137,528,387,141,06,059,086801
06059087602,"Census Tract 876.02, Orange County, California",1834,98,73,73,0,25,25,0,1736,784,481,303,952,627,325,06,059,087602
06059088601,"Census Tract 886.01, Orange County, California",1587,74,28,14,14,46,25,21,1513,642,503,139,871,614,257,06,059,088601
06059099238,"Census Tract 992.38, Orange County, California",631,14,14,14,0,0,0,0,617,341,240,101,276,190,86,06,059,099238
06059099310,"Census Tract 993.10, Orange County, California",971,26,22,22,0,4,4,0,945,452,255,197,493,413,80,06,059,099310
06059110106,"Census Tract 1101.06, Orange County, California",847,23,9,0,9,14,14,0,824,399,264,135,425,324,101,06,059,110106
06059062628,"Census Tract 626.28, Orange County, California",1206,26,26,18,8,0,0,0,1180,381,244,137,799,366,433,06,059,062628
06013340001,"Census Tract 3400.01, Contra Costa County, California",1389,35,35,17,18,0,0,0,1354,522,421,101,832,668,164,06,013,340001
06013343003,"Census Tract 3430.03, Contra Costa County, California",670,21,21,21,0,0,0,0,649,418,311,107,231,150,81,06,013,343003
06013345103,"Census Tract 3451.03, Contra Costa County, California",994,34,15,7,8,19,7,12,960,583,458,125,377,224,153,06,013,345103
06013345105,"Census Tract 3451.05, Contra Costa County, California",1365,50,50,50,0,0,0,0,1315,630,467,163,685,404,281,06,013,345105
06013345108,"Census Tract 3451.08, Contra Costa County, California",1718,117,105,84,21,12,12,0,1601,1036,772,264,565,427,138,06,013,345108
06013346201,"Census Tract 3462.01, Contra Costa County, California",1218,51,51,21,30,0,0,0,1167,586,359,227,581,362,219,06,013,346201
06013348000,"Census Tract 3480, Contra Costa County, California",927,18,18,18,0,0,0,0,909,435,281,154,474,190,284,06,013,348000
06013355304,"Census Tract 3553.04, Contra Costa County, California",1755,35,35,17,18,0,0,0,1720,1013,783,230,707,479,228,06,013,355304
06013356002,"Census Tract 3560.02, Contra Costa County, California",1092,38,38,38,0,0,0,0,1054,504,414,90,550,355,195,06,013,356002
06013359204,"Census Tract 3592.04, Contra Costa County, California",1045,81,64,64,0,17,17,0,964,418,357,61,546,426,120,06,013,359204
06013365002,"Census Tract 3650.02, Contra Costa County, California",1426,119,74,42,32,45,28,17,1307,538,383,155,769,541,228,06,013,365002
06013366002,"Census Tract 3660.02, Contra Costa County, California",1535,157,44,44,0,113,113,0,1378,537,315,222,841,596,245,06,013,366002
06013367200,"Census Tract 3672, Contra Costa County, California",1526,27,17,7,10,10,10,0,1499,660,403,257,839,540,299,06,013,367200
06013369001,"Census Tract 3690.01, Contra Costa County, California",1774,31,0,0,0,31,0,31,1743,641,311,330,1102,638,464,06,013,369001
06013373000,"Census Tract 3730, Contra Costa County, California",1059,44,18,18,0,26,13,13,1015,501,269,232,514,292,222,06,013,373000
06013377000,"Census Tract 3770, Contra Costa County, California",1598,39,39,10,29,0,0,0,1559,774,461,313,785,574,211,06,013,377000
06013385200,"Census Tract 3852, Contra Costa County, California",240,8,8,8,0,0,0,0,232,148,120,28,84,71,13,06,013,385200
06013388000,"Census Tract 3880, Contra Costa County, California",602,54,54,25,29,0,0,0,548,238,173,65,310,237,73,06,013,388000
06013391000,"Census Tract 3910, Contra Costa County, California",495,16,16,16,0,0,0,0,479,240,175,65,239,102,137,06,013,391000
06013392000,"Census Tract 3920, Contra Costa County, California",454,49,38,10,28,11,11,0,405,262,213,49,143,93,50,06,013,392000
06013374000,"Census Tract 3740, Contra Costa County, California",1308,105,34,5,29,71,0,71,1203,478,338,140,725,572,153,06,013,374000
06013379000,"Census Tract 3790, Contra Costa County, California",1925,145,46,29,17,99,76,23,1780,769,521,248,1011,670,341,06,013,379000
06013381000,"Census Tract 3810, Contra Costa County, California",1768,48,37,0,37,11,11,0,1720,704,379,325,1016,580,436,06,013,381000
06013382000,"Census Tract 3820, Contra Costa County, California",2025,100,100,60,40,0,0,0,1925,479,358,121,1446,1071,375,06,013,382000
06013383000,"Census Tract 3830, Contra Costa County, California",1080,101,43,27,16,58,58,0,979,530,386,144,449,384,65,06,013,383000
06013384000,"Census Tract 3840, Contra Costa County, California",671,33,32,32,0,1,0,1,638,380,345,35,258,128,130,06,013,384000
06013313101,"Census Tract 3131.01, Contra Costa County, California",1685,131,54,27,27,77,40,37,1554,576,368,208,978,864,114,06,013,313101
06013335000,"Census Tract 3350, Contra Costa County, California",606,52,52,25,27,0,0,0,554,306,188,118,248,231,17,06,013,335000
06037401901,"Census Tract 4019.01, Los Angeles County, California",2210,0,0,0,0,0,0,0,2210,13,13,0,2197,1147,1050,06,037,401901
06037402801,"Census Tract 4028.01, Los Angeles County, California",1198,74,43,0,43,31,14,17,1124,456,145,311,668,393,275,06,037,402801
06037403304,"Census Tract 4033.04, Los Angeles County, California",1143,0,0,0,0,0,0,0,1143,515,384,131,628,358,270,06,037,403304
06037403316,"Census Tract 4033.16, Los Angeles County, California",1684,145,145,35,110,0,0,0,1539,649,516,133,890,627,263,06,037,403316
06037403320,"Census Tract 4033.20, Los Angeles County, California",1136,78,78,30,48,0,0,0,1058,481,361,120,577,373,204,06,037,403320
06037403404,"Census Tract 4034.04, Los Angeles County, California",478,8,8,0,8,0,0,0,470,233,179,54,237,124,113,06,037,403404
06037403406,"Census Tract 4034.06, Los Angeles County, California",702,35,6,0,6,29,0,29,667,298,173,125,369,251,118,06,037,403406
06037403801,"Census Tract 4038.01, Los Angeles County, California",1483,18,18,18,0,0,0,0,1465,702,540,162,763,587,176,06,037,403801
06037650001,"Census Tract 6500.01, Los Angeles County, California",1255,72,30,0,30,42,42,0,1183,530,364,166,653,330,323,06,037,650001
06037650501,"Census Tract 6505.01, Los Angeles County, California",617,14,14,14,0,0,0,0,603,288,186,102,315,211,104,06,037,650501
06037651102,"Census Tract 6511.02, Los Angeles County, California",669,55,55,35,20,0,0,0,614,416,330,86,198,159,39,06,037,651102
06037300702,"Census Tract 3007.02, Los Angeles County, California",1045,15,15,15,0,0,0,0,1030,602,340,262,428,230,198,06,037,300702
06037300902,"Census Tract 3009.02, Los Angeles County, California",271,21,21,21,0,0,0,0,250,140,101,39,110,83,27,06,037,300902
06037403902,"Census Tract 4039.02, Los Angeles County, California",1013,56,47,43,4,9,0,9,957,453,346,107,504,337,167,06,037,403902
06037404301,"Census Tract 4043.01, Los Angeles County, California",1384,72,39,0,39,33,33,0,1312,626,426,200,686,458,228,06,037,404301
06037404803,"Census Tract 4048.03, Los Angeles County, California",424,16,7,7,0,9,9,0,408,137,105,32,271,199,72,06,037,404803
06037404903,"Census Tract 4049.03, Los Angeles County, California",657,4,4,0,4,0,0,0,653,238,155,83,415,306,109,06,037,404903
06037190520,"Census Tract 1905.20, Los Angeles County, California",987,35,35,35,0,0,0,0,952,267,183,84,685,615,70,06,037,190520
06037190901,"Census Tract 1909.01, Los Angeles County, California",1202,109,74,44,30,35,0,35,1093,340,235,105,753,478,275,06,037,190901
06037191203,"Census Tract 1912.03, Los Angeles County, California",590,25,0,0,0,25,25,0,565,195,163,32,370,308,62,06,037,191203
06037191610,"Census Tract 1916.10, Los Angeles County, California",1128,19,0,0,0,19,0,19,1109,292,199,93,817,698,119,06,037,191610
06037191810,"Census Tract 1918.10, Los Angeles County, California",992,26,26,18,8,0,0,0,966,311,212,99,655,492,163,06,037,191810
06081604600,"Census Tract 6046, San Mateo County, California",614,27,27,27,0,0,0,0,587,310,250,60,277,201,76,06,081,604600
06081605500,"Census Tract 6055, San Mateo County, California",1932,35,35,0,35,0,0,0,1897,655,329,326,1242,1152,90,06,081,605500
06081605800,"Census Tract 6058, San Mateo County, California",410,0,0,0,0,0,0,0,410,283,178,105,127,99,28,06,081,605800
06081607400,"Census Tract 6074, San Mateo County, California",1187,134,96,86,10,38,16,22,1053,497,358,139,556,474,82,06,081,607400
06081607900,"Census Tract 6079, San Mateo County, California",822,23,23,23,0,0,0,0,799,348,191,157,451,383,68,06,081,607900
06081608400,"Census Tract 6084, San Mateo County, California",1539,77,77,77,0,0,0,0,1462,658,581,77,804,772,32,06,081,608400
06073017051,"Census Tract 170.51, San Diego County, California",1029,32,17,17,0,15,0,15,997,585,351,234,412,332,80,06,073,017051
06073017053,"Census Tract 170.53, San Diego County, California",578,14,14,14,0,0,0,0,564,404,266,138,160,110,50,06,073,017053
06073017054,"Census Tract 170.54, San Diego County, California",1118,41,41,23,18,0,0,0,1077,548,438,110,529,474,55,06,073,017054
06073017052,"Census Tract 170.52, San Diego County, California",1118,46,46,46,0,0,0,0,1072,669,398,271,403,279,124,06,073,017052
06073017055,"Census Tract 170.55, San Diego County, California",1253,107,107,79,28,0,0,0,1146,604,478,126,542,471,71,06,073,017055
06073017109,"Census Tract 171.09, San Diego County, California",1397,72,72,0,72,0,0,0,1325,820,478,342,505,254,251,06,073,017109
06073017110,"Census Tract 171.10, San Diego County, California",2649,49,49,49,0,0,0,0,2600,1272,797,475,1328,830,498,06,073,017110
06037301300,"Census Tract 3013, Los Angeles County, California",361,29,29,5,24,0,0,0,332,150,114,36,182,127,55,06,037,301300
06037123303,"Census Tract 1233.03, Los Angeles County, California",945,11,5,0,5,6,0,6,934,289,163,126,645,410,235,06,037,123303
06037123420,"Census Tract 1234.20, Los Angeles County, California",1311,47,11,3,8,36,36,0,1264,514,334,180,750,479,271,06,037,123420
06037127300,"Census Tract 1273, Los Angeles County, California",910,88,37,37,0,51,51,0,822,366,261,105,456,360,96,06,037,127300
06037127520,"Census Tract 1275.20, Los Angeles County, California",1132,135,76,66,10,59,44,15,997,395,252,143,602,437,165,06,037,127520
06037128303,"Census Tract 1283.03, Los Angeles County, California",992,11,11,0,11,0,0,0,981,392,197,195,589,475,114,06,037,128303
06037131100,"Census Tract 1311, Los Angeles County, California",794,7,7,7,0,0,0,0,787,369,313,56,418,296,122,06,037,131100
06077004600,"Census Tract 46, San Joaquin County, California",1387,58,58,58,0,0,0,0,1329,552,363,189,777,485,292,06,077,004600
06013341000,"Census Tract 3410, Contra Costa County, California",1239,103,91,81,10,12,12,0,1136,582,455,127,554,390,164,06,013,341000
06013343002,"Census Tract 3430.02, Contra Costa County, California",1033,62,62,62,0,0,0,0,971,417,331,86,554,340,214,06,013,343002
06013345101,"Census Tract 3451.01, Contra Costa County, California",1322,47,27,27,0,20,20,0,1275,734,541,193,541,331,210,06,013,345101
06013350000,"Census Tract 3500, Contra Costa County, California",1391,0,0,0,0,0,0,0,1391,800,649,151,591,465,126,06,013,350000
06013355301,"Census Tract 3553.01, Contra Costa County, California",1785,125,125,108,17,0,0,0,1660,940,658,282,720,538,182,06,013,355301
06013358000,"Census Tract 3580, Contra Costa County, California",1664,73,53,33,20,20,0,20,1591,611,453,158,980,570,410,06,013,358000
06013359102,"Census Tract 3591.02, Contra Costa County, California",1315,159,76,43,33,83,83,0,1156,461,341,120,695,543,152,06,013,359102
06013367100,"Census Tract 3671, Contra Costa County, California",1294,68,25,0,25,43,11,32,1226,346,245,101,880,661,219,06,013,367100
06013372000,"Census Tract 3720, Contra Costa County, California",1995,43,31,0,31,12,12,0,1952,840,711,129,1112,1019,93,06,013,372000
06013390100,"Census Tract 3901, Contra Costa County, California",426,24,19,15,4,5,0,5,402,266,230,36,136,70,66,06,013,390100
06013306002,"Census Tract 3060.02, Contra Costa County, California",661,17,17,17,0,0,0,0,644,220,116,104,424,372,52,06,013,306002
06013311000,"Census Tract 3110, Contra Costa County, California",1265,112,74,20,54,38,11,27,1153,400,337,63,753,636,117,06,013,311000
06013314102,"Census Tract 3141.02, Contra Costa County, California",1712,95,95,45,50,0,0,0,1617,752,571,181,865,730,135,06,013,314102
06013314103,"Census Tract 3141.03, Contra Costa County, California",1643,63,54,20,34,9,9,0,1580,614,398,216,966,806,160,06,013,314103
06013331000,"Census Tract 3310, Contra Costa County, California",1409,141,141,101,40,0,0,0,1268,734,575,159,534,426,108,06,013,331000
06013345102,"Census Tract 3451.02, Contra Costa County, California",790,30,30,17,13,0,0,0,760,504,446,58,256,176,80,06,013,345102
06013346101,"Census Tract 3461.01, Contra Costa County, California",473,23,23,23,0,0,0,0,450,312,190,122,138,73,65,06,013,346101
06013351200,"Census Tract 3512, Contra Costa County, California",1027,46,46,27,19,0,0,0,981,645,423,222,336,185,151,06,013,351200
06013346203,"Census Tract 3462.03, Contra Costa County, California",623,28,28,20,8,0,0,0,595,354,159,195,241,160,81,06,013,346203
06013346204,"Census Tract 3462.04, Contra Costa County, California",1402,131,131,42,89,0,0,0,1271,869,432,437,402,277,125,06,013,346204
06013351101,"Census Tract 3511.01, Contra Costa County, California",10,0,0,0,0,0,0,0,10,0,0,0,10,10,0,06,013,351101
06013351102,"Census Tract 3511.02, Contra Costa County, California",34,0,0,0,0,0,0,0,34,0,0,0,34,34,0,06,013,351102
06013351103,"Census Tract 3511.03, Contra Costa County, California",4,0,0,0,0,0,0,0,4,2,2,0,2,0,2,06,013,351103
06013355107,"Census Tract 3551.07, Contra Costa County, California",1153,108,81,68,13,27,0,27,1045,472,351,121,573,413,160,06,013,355107
06013355108,"Census Tract 3551.08, Contra Costa County, California",3688,0,0,0,0,0,0,0,3688,1457,1062,395,2231,1501,730,06,013,355108
06013355109,"Census Tract 3551.09, Contra Costa County, California",1704,48,48,30,18,0,0,0,1656,666,425,241,990,682,308,06,013,355109
06037407602,"Census Tract 4076.02, Los Angeles County, California",994,15,5,5,0,10,10,0,979,296,179,117,683,492,191,06,037,407602
06037407801,"Census Tract 4078.01, Los Angeles County, California",1368,56,51,17,34,5,0,5,1312,478,365,113,834,547,287,06,037,407801
06037407802,"Census Tract 4078.02, Los Angeles County, California",803,32,11,11,0,21,15,6,771,300,252,48,471,361,110,06,037,407802
06037408003,"Census Tract 4080.03, Los Angeles County, California",1037,65,57,57,0,8,8,0,972,348,282,66,624,446,178,06,037,408003
06037408004,"Census Tract 4080.04, Los Angeles County, California",671,9,2,0,2,7,7,0,662,315,265,50,347,256,91,06,037,408004
06037408005,"Census Tract 4080.05, Los Angeles County, California",1143,10,10,0,10,0,0,0,1133,587,478,109,546,354,192,06,037,408005
06037408006,"Census Tract 4080.06, Los Angeles County, California",791,22,0,0,0,22,22,0,769,361,308,53,408,324,84,06,037,408006
06037408136,"Census Tract 4081.36, Los Angeles County, California",909,19,19,19,0,0,0,0,890,380,288,92,510,350,160,06,037,408136
06073017813,"Census Tract 178.13, San Diego County, California",786,0,0,0,0,0,0,0,786,306,217,89,480,364,116,06,073,017813
06073018613,"Census Tract 186.13, San Diego County, California",1230,68,18,18,0,50,33,17,1162,599,393,206,563,389,174,06,073,018613
06073019808,"Census Tract 198.08, San Diego County, California",723,49,49,49,0,0,0,0,674,255,190,65,419,301,118,06,073,019808
06037408137,"Census Tract 4081.37, Los Angeles County, California",1106,31,6,6,0,25,25,0,1075,390,314,76,685,526,159,06,037,408137
06037408138,"Census Tract 4081.38, Los Angeles County, California",1376,62,30,29,1,32,0,32,1314,491,258,233,823,629,194,06,037,408138
06037408139,"Census Tract 4081.39, Los Angeles County, California",1067,49,27,27,0,22,22,0,1018,354,216,138,664,350,314,06,037,408139
06037408140,"Census Tract 4081.40, Los Angeles County, California",940,40,4,4,0,36,36,0,900,348,211,137,552,385,167,06,037,408140
06037408141,"Census Tract 4081.41, Los Angeles County, California",1396,95,35,12,23,60,37,23,1301,484,310,174,817,527,290,06,037,408141
06037408504,"Census Tract 4085.04, Los Angeles County, California",1505,24,19,8,11,5,5,0,1481,547,404,143,934,638,296,06,037,408504
06037408505,"Census Tract 4085.05, Los Angeles County, California",472,23,16,0,16,7,7,0,449,233,167,66,216,188,28,06,037,408505
06037408630,"Census Tract 4086.30, Los Angeles County, California",632,71,38,27,11,33,16,17,561,229,192,37,332,193,139,06,037,408630
06037408631,"Census Tract 4086.31, Los Angeles County, California",968,54,54,41,13,0,0,0,914,421,330,91,493,359,134,06,037,408631
06065940500,"Census Tract 9405, Riverside County, California",149,0,0,0,0,0,0,0,149,91,71,20,58,41,17,06,065,940500
06065940600,"Census Tract 9406, Riverside County, California",344,8,8,8,0,0,0,0,336,188,150,38,148,48,100,06,065,940600
06065940700,"Census Tract 9407, Riverside County, California",316,23,7,7,0,16,16,0,293,109,103,6,184,157,27,06,065,940700
06065940800,"Census Tract 9408, Riverside County, California",184,4,2,2,0,2,2,0,180,53,42,11,127,101,26,06,065,940800
06065940900,"Census Tract 9409, Riverside County, California",83,2,2,2,0,0,0,0,81,23,23,0,58,25,33,06,065,940900
06065941000,"Census Tract 9410, Riverside County, California",304,30,23,21,2,7,0,7,274,94,92,2,180,126,54,06,065,941000
06065941100,"Census Tract 9411, Riverside County, California",58,3,3,3,0,0,0,0,55,14,8,6,41,34,7,06,065,941100
06029002700,"Census Tract 27, Kern County, California",1415,63,0,0,0,63,63,0,1352,605,391,214,747,660,87,06,029,002700
06029003124,"Census Tract 31.24, Kern County, California",1417,67,46,39,7,21,21,0,1350,493,397,96,857,658,199,06,029,003124
06039000507,"Census Tract 5.07, Madera County, California",2681,201,109,81,28,92,92,0,2480,1135,746,389,1345,693,652,06,039,000507
06039000602,"Census Tract 6.02, Madera County, California",944,71,31,0,31,40,40,0,873,364,214,150,509,293,216,06,039,000602
06037201120,"Census Tract 2011.20, Los Angeles County, California",1045,130,68,68,0,62,24,38,915,261,182,79,654,418,236,06,037,201120
06037201200,"Census Tract 2012, Los Angeles County, California",571,74,30,25,5,44,12,32,497,203,144,59,294,200,94,06,037,201200
06037201501,"Census Tract 2015.01, Los Angeles County, California",1382,104,31,25,6,73,47,26,1278,458,283,175,820,544,276,06,037,201501
06037201700,"Census Tract 2017, Los Angeles County, California",2154,69,17,0,17,52,36,16,2085,375,296,79,1710,1017,693,06,037,201700
06037203300,"Census Tract 2033, Los Angeles County, California",578,6,6,6,0,0,0,0,572,83,57,26,489,246,243,06,037,203300
06037206020,"Census Tract 2060.20, Los Angeles County, California",401,13,0,0,0,13,4,9,388,75,22,53,313,136,177,06,037,206020
06037208610,"Census Tract 2086.10, Los Angeles County, California",1353,77,26,9,17,51,22,29,1276,420,313,107,856,619,237,06,037,208610
06037208620,"Census Tract 2086.20, Los Angeles County, California",1115,73,54,9,45,19,19,0,1042,382,308,74,660,541,119,06,037,208620
06037209102,"Census Tract 2091.02, Los Angeles County, California",1350,46,46,0,46,0,0,0,1304,465,281,184,839,511,328,06,037,209102
06037211701,"Census Tract 2117.01, Los Angeles County, California",732,59,59,43,16,0,0,0,673,305,263,42,368,324,44,06,037,211701
06037135201,"Census Tract 1352.01, Los Angeles County, California",673,8,8,3,5,0,0,0,665,278,245,33,387,301,86,06,037,135201
06037137000,"Census Tract 1370, Los Angeles County, California",990,60,45,30,15,15,15,0,930,459,352,107,471,325,146,06,037,137000
06037137501,"Census Tract 1375.01, Los Angeles County, California",1278,28,28,8,20,0,0,0,1250,632,475,157,618,474,144,06,037,137501
06037651002,"Census Tract 6510.02, Los Angeles County, California",918,44,31,25,6,13,13,0,874,372,271,101,502,395,107,06,037,651002
06037651201,"Census Tract 6512.01, Los Angeles County, California",903,29,29,29,0,0,0,0,874,509,454,55,365,268,97,06,037,651201
06037651221,"Census Tract 6512.21, Los Angeles County, California",921,32,28,17,11,4,0,4,889,502,287,215,387,250,137,06,037,651221
06037670403,"Census Tract 6704.03, Los Angeles County, California",473,0,0,0,0,0,0,0,473,284,165,119,189,111,78,06,037,670403
06037670413,"Census Tract 6704.13, Los Angeles County, California",806,38,32,32,0,6,0,6,768,541,303,238,227,136,91,06,037,670413
06037670701,"Census Tract 6707.01, Los Angeles County, California",1369,91,91,48,43,0,0,0,1278,669,540,129,609,384,225,06,037,670701
06037700300,"Census Tract 7003, Los Angeles County, California",1323,41,41,41,0,0,0,0,1282,312,312,0,970,897,73,06,037,700300
06037701501,"Census Tract 7015.01, Los Angeles County, California",1355,103,96,91,5,7,0,7,1252,553,413,140,699,623,76,06,037,701501
06037701701,"Census Tract 7017.01, Los Angeles County, California",873,30,30,19,11,0,0,0,843,275,220,55,568,478,90,06,037,701701
06037702201,"Census Tract 7022.01, Los Angeles County, California",1354,13,13,0,13,0,0,0,1341,581,493,88,760,550,210,06,037,702201
06059063103,"Census Tract 631.03, Orange County, California",566,30,30,12,18,0,0,0,536,334,257,77,202,144,58,06,059,063103
06059063701,"Census Tract 637.01, Orange County, California",1711,69,11,11,0,58,38,20,1642,658,395,263,984,808,176,06,059,063701
06037702700,"Census Tract 7027, Los Angeles County, California",707,14,0,0,0,14,14,0,693,420,326,94,273,163,110,06,037,702700
06037702801,"Census Tract 7028.01, Los Angeles County, California",1441,40,10,10,0,30,30,0,1401,517,361,156,884,649,235,06,037,702801
06037703001,"Census Tract 7030.01, Los Angeles County, California",2055,99,99,62,37,0,0,0,1956,758,611,147,1198,973,225,06,037,703001
06037900504,"Census Tract 9005.04, Los Angeles County, California",1733,30,30,26,4,0,0,0,1703,902,565,337,801,418,383,06,037,900504
06037900602,"Census Tract 9006.02, Los Angeles County, California",1272,30,23,16,7,7,7,0,1242,642,229,413,600,197,403,06,037,900602
06037900703,"Census Tract 9007.03, Los Angeles County, California",1077,3,3,3,0,0,0,0,1074,378,251,127,696,371,325,06,037,900703
06037910201,"Census Tract 9102.01, Los Angeles County, California",842,60,60,36,24,0,0,0,782,408,286,122,374,93,281,06,037,910201
06037213202,"Census Tract 2132.02, Los Angeles County, California",919,42,17,17,0,25,0,25,877,249,138,111,628,456,172,06,037,213202
06037214100,"Census Tract 2141, Los Angeles County, California",929,0,0,0,0,0,0,0,929,506,410,96,423,313,110,06,037,214100
06037217100,"Census Tract 2171, Los Angeles County, California",2025,64,10,10,0,54,48,6,1961,670,516,154,1291,971,320,06,037,217100
06037920044,"Census Tract 9200.44, Los Angeles County, California",586,66,61,54,7,5,5,0,520,303,215,88,217,178,39,06,037,920044
06037920045,"Census Tract 9200.45, Los Angeles County, California",1100,49,34,7,27,15,9,6,1051,534,461,73,517,364,153,06,037,920045
06037920114,"Census Tract 9201.14, Los Angeles County, California",2150,126,82,19,63,44,0,44,2024,1031,775,256,993,742,251,06,037,920114
06037920102,"Census Tract 9201.02, Los Angeles County, California",1250,87,78,57,21,9,0,9,1163,730,477,253,433,257,176,06,037,920102
06037920115,"Census Tract 9201.15, Los Angeles County, California",833,57,57,0,57,0,0,0,776,462,335,127,314,231,83,06,037,920115
06037920116,"Census Tract 9201.16, Los Angeles County, California",1266,172,144,62,82,28,12,16,1094,514,363,151,580,433,147,06,037,920116
06037920118,"Census Tract 9201.18, Los Angeles County, California",1481,86,86,77,9,0,0,0,1395,679,466,213,716,475,241,06,037,920118
06037920119,"Census Tract 9201.19, Los Angeles County, California",458,7,7,7,0,0,0,0,451,316,207,109,135,60,75,06,037,920119
06037920336,"Census Tract 9203.36, Los Angeles County, California",1598,158,88,42,46,70,27,43,1440,751,524,227,689,351,338,06,037,920336
06037920337,"Census Tract 9203.37, Los Angeles County, California",1982,89,63,35,28,26,26,0,1893,612,472,140,1281,990,291,06,037,920337
06037920338,"Census Tract 9203.38, Los Angeles County, California",1476,57,57,57,0,0,0,0,1419,735,478,257,684,371,313,06,037,920338
06037920339,"Census Tract 9203.39, Los Angeles County, California",2025,64,46,22,24,18,18,0,1961,1004,647,357,957,603,354,06,037,920339
06037930101,"Census Tract 9301.01, Los Angeles County, California",21,0,0,0,0,0,0,0,21,6,6,0,15,15,0,06,037,930101
06037930301,"Census Tract 9303.01, Los Angeles County, California",105,0,0,0,0,0,0,0,105,39,30,9,66,25,41,06,037,930301
06037980001,"Census Tract 9800.01, Los Angeles County, California",0,0,0,0,0,0,0,0,0,0,0,0,0,0,0,06,037,980001
06037980002,"Census Tract 9800.02, Los Angeles County, California",0,0,0,0,0,0,0,0,0,0,0,0,0,0,0,06,037,980002
06037980003,"Census Tract 9800.03, Los Angeles County, California",0,0,0,0,0,0,0,0,0,0,0,0,0,0,0,06,037,980003
06037980004,"Census Tract 9800.04, Los Angeles County, California",0,0,0,0,0,0,0,0,0,0,0,0,0,0,0,06,037,980004
06037980008,"Census Tract 9800.08, Los Angeles County, California",26,6,6,6,0,0,0,0,20,14,14,0,6,6,0,06,037,980008
06037980005,"Census Tract 9800.05, Los Angeles County, California",0,0,0,0,0,0,0,0,0,0,0,0,0,0,0,06,037,980005
06037980006,"Census Tract 9800.06, Los Angeles County, California",0,0,0,0,0,0,0,0,0,0,0,0,0,0,0,06,037,980006
06037980007,"Census Tract 9800.07, Los Angeles County, California",0,0,0,0,0,0,0,0,0,0,0,0,0,0,0,06,037,980007
06037980009,"Census Tract 9800.09, Los Angeles County, California",5,0,0,0,0,0,0,0,5,0,0,0,5,5,0,06,037,980009
06037980024,"Census Tract 9800.24, Los Angeles County, California",58,12,12,12,0,0,0,0,46,25,25,0,21,21,0,06,037,980024
06037980010,"Census Tract 9800.10, Los Angeles County, California",35,15,15,0,15,0,0,0,20,4,4,0,16,0,16,06,037,980010
06059042319,"Census Tract 423.19, Orange County, California",668,43,43,32,11,0,0,0,625,309,132,177,316,234,82,06,059,042319
06059042324,"Census Tract 423.24, Orange County, California",780,18,18,18,0,0,0,0,762,282,206,76,480,480,0,06,059,042324
06059042326,"Census Tract 423.26, Orange County, California",1055,36,36,0,36,0,0,0,1019,547,396,151,472,346,126,06,059,042326
06059042329,"Census Tract 423.29, Orange County, California",852,23,13,0,13,10,0,10,829,354,249,105,475,341,134,06,059,042329
06059042330,"Census Tract 423.30, Orange County, California",1545,136,89,31,58,47,47,0,1409,825,693,132,584,375,209,06,059,042330
06059042335,"Census Tract 423.35, Orange County, California",1763,141,141,75,66,0,0,0,1622,977,704,273,645,420,225,06,059,042335
06059042336,"Census Tract 423.36, Orange County, California",711,77,77,67,10,0,0,0,634,366,261,105,268,130,138,06,059,042336
06059042337,"Census Tract 423.37, Orange County, California",795,26,26,18,8,0,0,0,769,400,230,170,369,296,73,06,059,042337
06037530102,"Census Tract 5301.02, Los Angeles County, California",1101,73,37,15,22,36,36,0,1028,257,157,100,771,550,221,06,037,530102
06037104610,"Census Tract 1046.10, Los Angeles County, California",729,23,14,14,0,9,0,9,706,245,164,81,461,310,151,06,037,104610
06037106510,"Census Tract 1065.10, Los Angeles County, California",1019,61,32,20,12,29,29,0,958,441,407,34,517,390,127,06,037,106510
06037106641,"Census Tract 1066.41, Los Angeles County, California",483,11,11,11,0,0,0,0,472,232,166,66,240,182,58,06,037,106641
06037113213,"Census Tract 1132.13, Los Angeles County, California",1285,65,65,65,0,0,0,0,1220,491,300,191,729,478,251,06,037,113213
06037113233,"Census Tract 1132.33, Los Angeles County, California",2081,174,115,50,65,59,21,38,1907,598,358,240,1309,1082,227,06,037,113233
06037113303,"Census Tract 1133.03, Los Angeles County, California",841,34,25,25,0,9,9,0,807,395,340,55,412,260,152,06,037,113303
06095253000,"Census Tract 2530, Solano County, California",0,0,0,0,0,0,0,0,0,0,0,0,0,0,0,06,095,253000
06077005114,"Census Tract 51.14, San Joaquin County, California",2828,98,98,32,66,0,0,0,2730,1596,1127,469,1134,666,468,06,077,005114
06077005123,"Census Tract 51.23, San Joaquin County, California",1096,18,18,11,7,0,0,0,1078,496,268,228,582,388,194,06,077,005123
06037115302,"Census Tract 1153.02, Los Angeles County, California",1019,44,36,22,14,8,8,0,975,365,256,109,610,341,269,06,037,115302
06037117302,"Census Tract 1173.02, Los Angeles County, California",1223,20,20,14,6,0,0,0,1203,488,303,185,715,432,283,06,037,117302
06037121900,"Census Tract 1219, Los Angeles County, California",831,24,15,15,0,9,3,6,807,341,231,110,466,322,144,06,037,121900
06037900606,"Census Tract 9006.06, Los Angeles County, California",816,3,3,0,3,0,0,0,813,182,78,104,631,260,371,06,037,900606
06037900803,"Census Tract 9008.03, Los Angeles County, California",2629,115,13,13,0,102,46,56,2514,871,428,443,1643,463,1180,06,037,900803
06037901101,"Census Tract 9011.01, Los Angeles County, California",1491,50,43,19,24,7,7,0,1441,709,359,350,732,370,362,06,037,901101
06037910202,"Census Tract 9102.02, Los Angeles County, California",1558,59,59,32,27,0,0,0,1499,627,470,157,872,311,561,06,037,910202
06037910404,"Census Tract 9104.04, Los Angeles County, California",1119,42,31,5,26,11,11,0,1077,416,307,109,661,398,263,06,037,910404
06037910601,"Census Tract 9106.01, Los Angeles County, California",1980,173,104,23,81,69,29,40,1807,548,281,267,1259,576,683,06,037,910601
06037910808,"Census Tract 9108.08, Los Angeles County, California",622,9,0,0,0,9,9,0,613,381,309,72,232,177,55,06,037,910808
06037920013,"Census Tract 9200.13, Los Angeles County, California",1337,28,16,7,9,12,12,0,1309,850,669,181,459,363,96,06,037,920013
06037920016,"Census Tract 9200.16, Los Angeles County, California",1081,49,41,31,10,8,8,0,1032,566,463,103,466,300,166,06,037,920016
06037463300,"Census Tract 4633, Los Angeles County, California",379,11,11,11,0,0,0,0,368,189,158,31,179,153,26,06,037,463300
06037430802,"Census Tract 4308.02, Los Angeles County, California",900,80,80,46,34,0,0,0,820,336,233,103,484,229,255,06,037,430802
06037431900,"Census Tract 4319, Los Angeles County, California",1093,49,22,22,0,27,0,27,1044,490,353,137,554,298,256,06,037,431900
06037460700,"Census Tract 4607, Los Angeles County, California",1048,23,23,14,9,0,0,0,1025,535,372,163,490,213,277,06,037,460700
06037462100,"Census Tract 4621, Los Angeles County, California",1455,53,32,13,19,21,21,0,1402,470,340,130,932,690,242,06,037,462100
06037462400,"Census Tract 4624, Los Angeles County, California",861,0,0,0,0,0,0,0,861,356,318,38,505,299,206,06,037,462400
06037203100,"Census Tract 2031, Los Angeles County, California",1237,49,40,40,0,9,9,0,1188,312,240,72,876,563,313,06,037,203100
06037203500,"Census Tract 2035, Los Angeles County, California",887,24,19,6,13,5,0,5,863,267,150,117,596,416,180,06,037,203500
06037203720,"Census Tract 2037.20, Los Angeles County, California",1021,6,0,0,0,6,0,6,1015,394,206,188,621,349,272,06,037,203720
06037204200,"Census Tract 2042, Los Angeles County, California",916,47,22,22,0,25,10,15,869,303,163,140,566,255,311,06,037,204200
06037204300,"Census Tract 2043, Los Angeles County, California",1191,84,33,33,0,51,15,36,1107,389,193,196,718,363,355,06,037,204300
06037209300,"Census Tract 2093, Los Angeles County, California",1402,27,0,0,0,27,27,0,1375,359,251,108,1016,773,243,06,037,209300
06037209820,"Census Tract 2098.20, Los Angeles County, California",946,89,42,9,33,47,5,42,857,219,164,55,638,411,227,06,037,209820
06037403323,"Census Tract 4033.23, Los Angeles County, California",1185,89,79,42,37,10,10,0,1096,507,318,189,589,423,166,06,037,403323
06037403401,"Census Tract 4034.01, Los Angeles County, California",1208,71,71,20,51,0,0,0,1137,506,341,165,631,510,121,06,037,403401
06037404000,"Census Tract 4040, Los Angeles County, California",1315,83,27,27,0,56,0,56,1232,347,287,60,885,608,277,06,037,404000
06059063903,"Census Tract 639.03, Orange County, California",1052,20,13,0,13,7,7,0,1032,416,313,103,616,464,152,06,059,063903
06059063905,"Census Tract 639.05, Orange County, California",1048,68,42,42,0,26,26,0,980,406,363,43,574,435,139,06,059,063905
06059074004,"Census Tract 740.04, Orange County, California",1833,0,0,0,0,0,0,0,1833,722,471,251,1111,974,137,06,059,074004
06059074502,"Census Tract 745.02, Orange County, California",1491,115,44,15,29,71,33,38,1376,602,357,245,774,487,287,06,059,074502
06059075002,"Census Tract 750.02, Orange County, California",1813,82,61,37,24,21,0,21,1731,805,407,398,926,724,202,06,059,075002
06059075201,"Census Tract 752.01, Orange County, California",1751,129,109,54,55,20,20,0,1622,557,301,256,1065,721,344,06,059,075201
06059075302,"Census Tract 753.02, Orange County, California",1321,128,81,37,44,47,20,27,1193,573,364,209,620,573,47,06,059,075302
06059076103,"Census Tract 761.03, Orange County, California",2258,153,46,32,14,107,107,0,2105,1135,867,268,970,705,265,06,059,076103
06059076206,"Census Tract 762.06, Orange County, California",973,58,32,6,26,26,0,26,915,373,291,82,542,397,145,06,059,076206
06059001402,"Census Tract 14.02, Orange County, California",1270,83,69,57,12,14,6,8,1187,460,390,70,727,606,121,06,059,001402
06059001404,"Census Tract 14.04, Orange County, California",1197,32,32,25,7,0,0,0,1165,426,300,126,739,447,292,06,059,001404
06059001602,"Census Tract 16.02, Orange County, California",936,38,38,38,0,0,0,0,898,435,299,136,463,303,160,06,059,001602
06059001801,"Census Tract 18.01, Orange County, California",1317,80,26,18,8,54,54,0,1237,441,329,112,796,498,298,06,059,001801
06059001902,"Census Tract 19.02, Orange County, California",678,26,26,12,14,0,0,0,652,290,226,64,362,291,71,06,059,001902
06059011401,"Census Tract 114.01, Orange County, California",574,17,5,5,0,12,0,12,557,240,194,46,317,185,132,06,059,011401
06077005303,"Census Tract 53.03, San Joaquin County, California",1111,0,0,0,0,0,0,0,1111,479,265,214,632,485,147,06,077,005303
06077005403,"Census Tract 54.03, San Joaquin County, California",1381,127,113,89,24,14,14,0,1254,584,468,116,670,535,135,06,077,005403
06077002800,"Census Tract 28, San Joaquin County, California",1552,100,84,50,34,16,16,0,1452,599,406,193,853,521,332,06,077,002800
06077003213,"Census Tract 32.13, San Joaquin County, California",1066,66,11,11,0,55,23,32,1000,424,342,82,576,390,186,06,077,003213
06077003310,"Census Tract 33.10, San Joaquin County, California",986,116,32,32,0,84,43,41,870,425,297,128,445,333,112,06,077,003310
06077003500,"Census Tract 35, San Joaquin County, California",5708,272,228,58,170,44,41,3,5436,3117,2187,930,2319,1032,1287,06,077,003500
06077004104,"Census Tract 41.04, San Joaquin County, California",652,22,16,16,0,6,6,0,630,468,368,100,162,125,37,06,077,004104
06077004402,"Census Tract 44.02, San Joaquin County, California",1358,48,48,15,33,0,0,0,1310,632,428,204,678,377,301,06,077,004402
06077005108,"Census Tract 51.08, San Joaquin County, California",1207,73,25,23,2,48,0,48,1134,662,401,261,472,298,174,06,077,005108
06077005113,"Census Tract 51.13, San Joaquin County, California",1587,127,36,36,0,91,59,32,1460,505,372,133,955,579,376,06,077,005113
06077003405,"Census Tract 34.05, San Joaquin County, California",1089,92,21,0,21,71,44,27,997,432,210,222,565,383,182,06,077,003405
06077001101,"Census Tract 11.01, San Joaquin County, California",1207,72,28,28,0,44,44,0,1135,380,307,73,755,483,272,06,077,001101
06077000700,"Census Tract 7, San Joaquin County, California",1021,30,5,0,5,25,7,18,991,256,114,142,735,359,376,06,077,000700
06065041912,"Census Tract 419.12, Riverside County, California",1495,92,81,57,24,11,11,0,1403,649,399,250,754,472,282,06,065,041912
06065041913,"Census Tract 419.13, Riverside County, California",1571,46,46,28,18,0,0,0,1525,639,538,101,886,620,266,06,065,041913
06065042012,"Census Tract 420.12, Riverside County, California",1924,61,42,42,0,19,19,0,1863,920,707,213,943,636,307,06,065,042012
06065042014,"Census Tract 420.14, Riverside County, California",3265,184,59,46,13,125,86,39,3081,1330,1143,187,1751,1144,607,06,065,042014
06065042013,"Census Tract 420.13, Riverside County, California",2518,90,90,9,81,0,0,0,2428,1107,871,236,1321,880,441,06,065,042013
06065042217,"Census Tract 422.17, Riverside County, California",1437,19,9,9,0,10,10,0,1418,395,320,75,1023,683,340,06,065,042217
06073021900,"Census Tract 219, San Diego County, California",1317,55,39,39,0,16,16,0,1262,385,294,91,877,818,59,06,073,021900
06073022000,"Census Tract 220, San Diego County, California",1276,62,1,0,1,61,37,24,1214,510,365,145,704,489,215,06,073,022000
06073022100,"Census Tract 221, San Diego County, California",2380,176,125,76,49,51,33,18,2204,1025,455,570,1179,798,381,06,073,022100
06073990100,"Census Tract 9901, San Diego County, California",0,0,0,0,0,0,0,0,0,0,0,0,0,0,0,06,073,990100
06075011901,"Census Tract 119.01, San Francisco County, California",824,0,0,0,0,0,0,0,824,248,230,18,576,424,152,06,075,011901
06075011902,"Census Tract 119.02, San Francisco County, California",999,27,27,12,15,0,0,0,972,246,223,23,726,691,35,06,075,011902
06075012201,"Census Tract 122.01, San Francisco County, California",1320,65,65,65,0,0,0,0,1255,385,228,157,870,587,283,06,075,012201
06075012202,"Census Tract 122.02, San Francisco County, California",646,0,0,0,0,0,0,0,646,253,105,148,393,245,148,06,075,012202
06075012301,"Census Tract 123.01, San Francisco County, California",509,31,27,0,27,4,0,4,478,170,104,66,308,243,65,06,075,012301
06037143901,"Census Tract 1439.01, Los Angeles County, California",997,41,37,37,0,4,0,4,956,428,326,102,528,350,178,06,037,143901
06037183220,"Census Tract 1832.20, Los Angeles County, California",992,11,0,0,0,11,0,11,981,377,316,61,604,517,87,06,037,183220
06037185100,"Census Tract 1851, Los Angeles County, California",1834,69,69,34,35,0,0,0,1765,675,505,170,1090,908,182,06,037,185100
06037185320,"Census Tract 1853.20, Los Angeles County, California",821,8,0,0,0,8,8,0,813,263,133,130,550,372,178,06,037,185320
06037186100,"Census Tract 1861, Los Angeles County, California",1198,31,31,13,18,0,0,0,1167,514,384,130,653,555,98,06,037,186100
06037261101,"Census Tract 2611.01, Los Angeles County, California",738,54,54,24,30,0,0,0,684,479,380,99,205,145,60,06,037,261101
06037243000,"Census Tract 2430, Los Angeles County, California",2078,167,115,67,48,52,0,52,1911,616,307,309,1295,768,527,06,037,243000
06037262100,"Census Tract 2621, Los Angeles County, California",480,15,15,15,0,0,0,0,465,264,158,106,201,129,72,06,037,262100
06037262303,"Census Tract 2623.03, Los Angeles County, California",562,32,32,32,0,0,0,0,530,324,191,133,206,79,127,06,037,262303
06037262601,"Census Tract 2626.01, Los Angeles County, California",572,32,32,13,19,0,0,0,540,292,195,97,248,160,88,06,037,262601
06037400900,"Census Tract 4009, Los Angeles County, California",1186,66,57,38,19,9,0,9,1120,470,306,164,650,461,189,06,037,400900
06037401102,"Census Tract 4011.02, Los Angeles County, California",935,17,17,0,17,0,0,0,918,363,289,74,555,378,177,06,037,401102
06037401312,"Census Tract 4013.12, Los Angeles County, California",1202,27,9,9,0,18,0,18,1175,366,328,38,809,501,308,06,037,401312
06037402200,"Census Tract 4022, Los Angeles County, California",1701,178,147,43,104,31,14,17,1523,398,282,116,1125,805,320,06,037,402200
06037408723,"Census Tract 4087.23, Los Angeles County, California",780,31,20,13,7,11,5,6,749,326,241,85,423,287,136,06,037,408723
06059021823,"Census Tract 218.23, Orange County, California",968,47,47,23,24,0,0,0,921,428,265,163,493,358,135,06,059,021823
06059021824,"Census Tract 218.24, Orange County, California",514,20,20,20,0,0,0,0,494,324,232,92,170,123,47,06,059,021824
06059021914,"Census Tract 219.14, Orange County, California",986,64,60,60,0,4,4,0,922,357,263,94,565,418,147,06,059,021914
06059032028,"Census Tract 320.28, Orange County, California",725,36,36,17,19,0,0,0,689,324,229,95,365,326,39,06,059,032028
06059032033,"Census Tract 320.33, Orange County, California",1007,30,30,30,0,0,0,0,977,483,365,118,494,403,91,06,059,032033
06059032043,"Census Tract 320.43, Orange County, California",568,29,20,10,10,9,9,0,539,320,186,134,219,73,146,06,059,032043
06059042103,"Census Tract 421.03, Orange County, California",1596,116,105,20,85,11,11,0,1480,695,619,76,785,763,22,06,059,042103
06059042113,"Census Tract 421.13, Orange County, California",765,15,6,6,0,9,9,0,750,355,281,74,395,238,157,06,059,042113
06037209510,"Census Tract 2095.10, Los Angeles County, California",752,27,22,0,22,5,0,5,725,239,161,78,486,332,154,06,037,209510
06037212304,"Census Tract 2123.04, Los Angeles County, California",547,11,8,0,8,3,3,0,536,193,155,38,343,252,91,06,037,212304
06037530602,"Census Tract 5306.02, Los Angeles County, California",396,40,40,27,13,0,0,0,356,126,100,26,230,164,66,06,037,530602
06037532605,"Census Tract 5326.05, Los Angeles County, California",698,69,39,0,39,30,30,0,629,240,112,128,389,190,199,06,037,532605
06037535502,"Census Tract 5355.02, Los Angeles County, California",1480,30,15,0,15,15,15,0,1450,557,297,260,893,491,402,06,037,535502
06037540600,"Census Tract 5406, Los Angeles County, California",1172,84,18,0,18,66,48,18,1088,336,199,137,752,530,222,06,037,540600
06037543802,"Census Tract 5438.02, Los Angeles County, California",1550,74,60,60,0,14,14,0,1476,506,404,102,970,633,337,06,037,543802
06037551900,"Census Tract 5519, Los Angeles County, California",1209,52,52,31,21,0,0,0,1157,516,399,117,641,496,145,06,037,551900
06037554001,"Census Tract 5540.01, Los Angeles County, California",733,0,0,0,0,0,0,0,733,354,218,136,379,189,190,06,037,554001
06037602003,"Census Tract 6020.03, Los Angeles County, California",996,48,48,28,20,0,0,0,948,466,277,189,482,344,138,06,037,602003
06037553902,"Census Tract 5539.02, Los Angeles County, California",1489,27,27,21,6,0,0,0,1462,581,376,205,881,591,290,06,037,553902
06037910402,"Census Tract 9104.02, Los Angeles County, California",1027,53,29,14,15,24,18,6,974,352,211,141,622,273,349,06,037,910402
06037920331,"Census Tract 9203.31, Los Angeles County, California",788,48,18,9,9,30,30,0,740,419,288,131,321,153,168,06,037,920331
06037138000,"Census Tract 1380, Los Angeles County, California",869,36,36,36,0,0,0,0,833,538,477,61,295,141,154,06,037,138000
06037181600,"Census Tract 1816, Los Angeles County, California",1741,29,29,15,14,0,0,0,1712,268,212,56,1444,909,535,06,037,181600
06037187200,"Census Tract 1872, Los Angeles County, California",820,16,16,16,0,0,0,0,804,266,194,72,538,360,178,06,037,187200
06037191420,"Census Tract 1914.20, Los Angeles County, California",907,25,3,3,0,22,0,22,882,317,223,94,565,420,145,06,037,191420
06037195500,"Census Tract 1955, Los Angeles County, California",1681,24,24,24,0,0,0,0,1657,563,407,156,1094,1014,80,06,037,195500
06037408212,"Census Tract 4082.12, Los Angeles County, California",1262,56,56,33,23,0,0,0,1206,508,387,121,698,434,264,06,037,408212
06037139503,"Census Tract 1395.03, Los Angeles County, California",1654,97,49,32,17,48,0,48,1557,520,490,30,1037,865,172,06,037,139503
06037139504,"Census Tract 1395.04, Los Angeles County, California",1029,42,7,7,0,35,8,27,987,259,203,56,728,583,145,06,037,139504
06037408724,"Census Tract 4087.24, Los Angeles County, California",1477,106,91,60,31,15,0,15,1371,669,373,296,702,497,205,06,037,408724
06037430003,"Census Tract 4300.03, Los Angeles County, California",1232,90,90,90,0,0,0,0,1142,508,363,145,634,466,168,06,037,430003
06037430901,"Census Tract 4309.01, Los Angeles County, California",1222,97,62,49,13,35,26,9,1125,485,353,132,640,446,194,06,037,430901
06037430902,"Census Tract 4309.02, Los Angeles County, California",1271,20,20,10,10,0,0,0,1251,477,321,156,774,731,43,06,037,430902
06037431501,"Census Tract 4315.01, Los Angeles County, California",975,25,25,10,15,0,0,0,950,461,349,112,489,299,190,06,037,431501
06037431502,"Census Tract 4315.02, Los Angeles County, California",836,40,26,18,8,14,0,14,796,559,334,225,237,150,87,06,037,431502
06037433102,"Census Tract 4331.02, Los Angeles County, California",1097,47,35,27,8,12,12,0,1050,468,230,238,582,284,298,06,037,433102
06037433304,"Census Tract 4333.04, Los Angeles County, California",1477,0,0,0,0,0,0,0,1477,505,356,149,972,533,439,06,037,433304
06037433305,"Census Tract 4333.05, Los Angeles County, California",1269,39,0,0,0,39,39,0,1230,419,267,152,811,495,316,06,037,433305
06037433101,"Census Tract 4331.01, Los Angeles County, California",458,18,7,3,4,11,0,11,440,211,141,70,229,148,81,06,037,433101
06037433306,"Census Tract 4333.06, Los Angeles County, California",701,58,23,9,14,35,27,8,643,335,253,82,308,203,105,06,037,433306
06037433307,"Census Tract 4333.07, Los Angeles County, California",898,56,26,6,20,30,30,0,842,302,182,120,540,292,248,06,037,433307
06037433503,"Census Tract 4335.03, Los Angeles County, California",740,14,14,0,14,0,0,0,726,229,155,74,497,325,172,06,037,433503
06037433504,"Census Tract 4335.04, Los Angeles County, California",1019,64,19,7,12,45,9,36,955,569,307,262,386,216,170,06,037,433504
06037434003,"Census Tract 4340.03, Los Angeles County, California",1145,18,2,0,2,16,16,0,1127,347,228,119,780,450,330,06,037,434003
06077003205,"Census Tract 32.05, San Joaquin County, California",1061,68,51,12,39,17,17,0,993,282,143,139,711,497,214,06,077,003205
06067002500,"Census Tract 25, Sacramento County, California",236,6,6,6,0,0,0,0,230,105,101,4,125,89,36,06,067,002500
06067003600,"Census Tract 36, Sacramento County, California",669,34,27,14,13,7,7,0,635,247,156,91,388,341,47,06,067,003600
06067004004,"Census Tract 40.04, Sacramento County, California",1609,14,14,14,0,0,0,0,1595,602,474,128,993,808,185,06,067,004004
06067004008,"Census Tract 40.08, Sacramento County, California",868,28,28,28,0,0,0,0,840,334,271,63,506,409,97,06,067,004008
06067004009,"Census Tract 40.09, Sacramento County, California",1253,0,0,0,0,0,0,0,1253,561,455,106,692,628,64,06,067,004009
06067005101,"Census Tract 51.01, Sacramento County, California",1022,54,22,22,0,32,32,0,968,271,181,90,697,443,254,06,067,005101
06067005404,"Census Tract 54.04, Sacramento County, California",1084,80,80,0,80,0,0,0,1004,449,391,58,555,451,104,06,067,005404
06067007601,"Census Tract 76.01, Sacramento County, California",1628,104,41,10,31,63,63,0,1524,463,395,68,1061,815,246,06,067,007601
06067006400,"Census Tract 64, Sacramento County, California",1401,41,10,0,10,31,31,0,1360,540,379,161,820,428,392,06,067,006400
06067006600,"Census Tract 66, Sacramento County, California",1938,135,60,0,60,75,45,30,1803,790,539,251,1013,621,392,06,067,006600
06067007417,"Census Tract 74.17, Sacramento County, California",840,19,18,18,0,1,1,0,821,378,273,105,443,278,165,06,067,007417
06067008007,"Census Tract 80.07, Sacramento County, California",523,46,28,12,16,18,18,0,477,298,157,141,179,135,44,06,067,008007
06067008009,"Census Tract 80.09, Sacramento County, California",829,65,32,32,0,33,21,12,764,361,231,130,403,285,118,06,067,008009
06067008120,"Census Tract 81.20, Sacramento County, California",1297,85,59,17,42,26,0,26,1212,515,402,113,697,596,101,06,067,008120
06067008127,"Census Tract 81.27, Sacramento County, California",1267,100,88,67,21,12,0,12,1167,579,434,145,588,462,126,06,067,008127
06067008132,"Census Tract 81.32, Sacramento County, California",739,65,65,65,0,0,0,0,674,282,224,58,392,200,192,06,067,008132
06067008145,"Census Tract 81.45, Sacramento County, California",1786,123,123,70,53,0,0,0,1663,586,503,83,1077,750,327,06,067,008145
06099000910,"Census Tract 9.10, Stanislaus County, California",2000,123,96,79,17,27,27,0,1877,755,492,263,1122,810,312,06,099,000910
06099001200,"Census Tract 12, Stanislaus County, California",1007,56,18,18,0,38,38,0,951,288,213,75,663,464,199,06,099,001200
06099002301,"Census Tract 23.01, Stanislaus County, California",2085,219,185,73,112,34,22,12,1866,818,361,457,1048,514,534,06,099,002301
06099002602,"Census Tract 26.02, Stanislaus County, California",1329,87,60,10,50,27,19,8,1242,535,357,178,707,463,244,06,099,002602
06099002605,"Census Tract 26.05, Stanislaus County, California",831,54,36,7,29,18,18,0,777,372,203,169,405,268,137,06,099,002605
06099003100,"Census Tract 31, Stanislaus County, California",804,43,3,0,3,40,9,31,761,481,192,289,280,144,136,06,099,003100
06099003803,"Census Tract 38.03, Stanislaus County, California",699,70,20,9,11,50,50,0,629,282,157,125,347,191,156,06,099,003803
06099000302,"Census Tract 3.02, Stanislaus County, California",651,51,51,17,34,0,0,0,600,313,149,164,287,242,45,06,099,000302
06099000303,"Census Tract 3.03, Stanislaus County, California",1461,55,55,26,29,0,0,0,1406,682,477,205,724,481,243,06,099,000303
06099000501,"Census Tract 5.01, Stanislaus County, California",1755,69,69,53,16,0,0,0,1686,923,590,333,763,472,291,06,099,000501
06037236400,"Census Tract 2364, Los Angeles County, California",1117,115,115,23,92,0,0,0,1002,261,222,39,741,639,102,06,037,236400
06037237720,"Census Tract 2377.20, Los Angeles County, California",1056,70,18,0,18,52,17,35,986,297,155,142,689,396,293,06,037,237720
06037240500,"Census Tract 2405, Los Angeles County, California",2076,149,49,36,13,100,33,67,1927,784,430,354,1143,580,563,06,037,240500
06037240900,"Census Tract 2409, Los Angeles County, California",1575,130,25,25,0,105,33,72,1445,396,225,171,1049,568,481,06,037,240900
06037261102,"Census Tract 2611.02, Los Angeles County, California",672,37,37,24,13,0,0,0,635,347,210,137,288,181,107,06,037,261102
06037262200,"Census Tract 2622, Los Angeles County, California",948,5,5,5,0,0,0,0,943,486,310,176,457,235,222,06,037,262200
06037262301,"Census Tract 2623.01, Los Angeles County, California",964,26,20,11,9,6,0,6,938,218,104,114,720,420,300,06,037,262301
06037262400,"Census Tract 2624, Los Angeles County, California",540,35,35,32,3,0,0,0,505,325,189,136,180,51,129,06,037,262400
06037265100,"Census Tract 2651, Los Angeles County, California",291,21,11,0,11,10,0,10,270,126,68,58,144,91,53,06,037,265100
06037265301,"Census Tract 2653.01, Los Angeles County, California",6394,0,0,0,0,0,0,0,6394,0,0,0,6394,1950,4444,06,037,265301
06037530700,"Census Tract 5307, Los Angeles County, California",689,7,7,7,0,0,0,0,682,256,193,63,426,272,154,06,037,530700
06037531301,"Census Tract 5313.01, Los Angeles County, California",1254,79,0,0,0,79,26,53,1175,494,363,131,681,306,375,06,037,531301
06037531502,"Census Tract 5315.02, Los Angeles County, California",925,28,7,7,0,21,21,0,897,341,230,111,556,311,245,06,037,531502
06037103102,"Census Tract 1031.02, Los Angeles County, California",1000,76,76,61,15,0,0,0,924,496,319,177,428,320,108,06,037,103102
06037218300,"Census Tract 2183, Los Angeles County, California",1685,99,0,0,0,99,71,28,1586,551,485,66,1035,751,284,06,037,218300
06037218400,"Census Tract 2184, Los Angeles County, California",1328,78,65,28,37,13,13,0,1250,655,326,329,595,391,204,06,037,218400
06037219700,"Census Tract 2197, Los Angeles County, California",1144,71,40,0,40,31,31,0,1073,422,325,97,651,468,183,06,037,219700
06037220000,"Census Tract 2200, Los Angeles County, California",1328,41,41,17,24,0,0,0,1287,528,351,177,759,486,273,06,037,220000
06029003400,"Census Tract 34, Kern County, California",977,71,19,0,19,52,20,32,906,366,209,157,540,332,208,06,029,003400
06029003809,"Census Tract 38.09, Kern County, California",2974,93,50,20,30,43,43,0,2881,1634,918,716,1247,701,546,06,029,003809
06067008008,"Census Tract 80.08, Sacramento County, California",1067,57,38,8,30,19,19,0,1010,439,385,54,571,381,190,06,067,008008
06067008010,"Census Tract 80.10, Sacramento County, California",797,0,0,0,0,0,0,0,797,352,204,148,445,305,140,06,067,008010
06067007004,"Census Tract 70.04, Sacramento County, California",2161,224,83,22,61,141,131,10,1937,1016,696,320,921,705,216,06,067,007004
06067007007,"Census Tract 70.07, Sacramento County, California",1313,52,52,42,10,0,0,0,1261,522,281,241,739,579,160,06,067,007007
06067008402,"Census Tract 84.02, Sacramento County, California",1221,153,133,104,29,20,0,20,1068,498,437,61,570,459,111,06,067,008402
06067008122,"Census Tract 81.22, Sacramento County, California",832,32,12,0,12,20,13,7,800,363,298,65,437,282,155,06,067,008122
06067008140,"Census Tract 81.40, Sacramento County, California",714,98,65,37,28,33,33,0,616,174,117,57,442,382,60,06,067,008140
06067008209,"Census Tract 82.09, Sacramento County, California",880,28,18,0,18,10,0,10,852,469,416,53,383,308,75,06,067,008209
06067009111,"Census Tract 91.11, Sacramento County, California",1630,59,10,10,0,49,49,0,1571,401,347,54,1170,730,440,06,067,009111
06067009308,"Census Tract 93.08, Sacramento County, California",1427,34,11,11,0,23,23,0,1393,585,342,243,808,615,193,06,067,009308
06037555202,"Census Tract 5552.02, Los Angeles County, California",820,0,0,0,0,0,0,0,820,501,424,77,319,249,70,06,037,555202
06037555211,"Census Tract 5552.11, Los Angeles County, California",1506,105,47,47,0,58,40,18,1401,519,287,232,882,427,455,06,037,555211
06037555212,"Census Tract 5552.12, Los Angeles County, California",1238,77,41,0,41,36,28,8,1161,511,343,168,650,401,249,06,037,555212
06037570800,"Census Tract 5708, Los Angeles County, California",1372,53,45,39,6,8,0,8,1319,640,531,109,679,460,219,06,037,570800
06037407002,"Census Tract 4070.02, Los Angeles County, California",951,35,23,23,0,12,12,0,916,377,226,151,539,340,199,06,037,407002
06077003114,"Census Tract 31.14, San Joaquin County, California",1896,35,35,18,17,0,0,0,1861,1087,921,166,774,512,262,06,077,003114
06077004902,"Census Tract 49.02, San Joaquin County, California",1319,103,103,77,26,0,0,0,1216,711,450,261,505,278,227,06,077,004902
06077003109,"Census Tract 31.09, San Joaquin County, California",1476,70,70,40,30,0,0,0,1406,384,302,82,1022,673,349,06,077,003109
06005000500,"Census Tract 5, Amador County, California",601,17,17,0,17,0,0,0,584,254,197,57,330,231,99,06,005,000500
06005000200,"Census Tract 2, Amador County, California",830,49,49,49,0,0,0,0,781,432,255,177,349,174,175,06,005,000200
06005000402,"Census Tract 4.02, Amador County, California",799,0,0,0,0,0,0,0,799,394,321,73,405,334,71,06,005,000402
06005000301,"Census Tract 3.01, Amador County, California",281,8,8,0,8,0,0,0,273,146,105,41,127,64,63,06,005,000301
06005000401,"Census Tract 4.01, Amador County, California",810,20,13,13,0,7,0,7,790,459,424,35,331,245,86,06,005,000401
06083002707,"Census Tract 27.07, Santa Barbara County, California",503,22,14,0,14,8,0,8,481,169,123,46,312,241,71,06,083,002707
06083000103,"Census Tract 1.03, Santa Barbara County, California",494,12,12,12,0,0,0,0,482,242,217,25,240,196,44,06,083,000103
06083000600,"Census Tract 6, Santa Barbara County, California",832,68,68,21,47,0,0,0,764,334,298,36,430,398,32,06,083,000600
06083000801,"Census Tract 8.01, Santa Barbara County, California",885,18,0,0,0,18,15,3,867,379,339,40,488,440,48,06,083,000801
06083001000,"Census Tract 10, Santa Barbara County, California",1698,19,19,19,0,0,0,0,1679,344,302,42,1335,1081,254,06,083,001000
06083001500,"Census Tract 15, Santa Barbara County, California",432,16,16,16,0,0,0,0,416,183,54,129,233,173,60,06,083,001500
06083001601,"Census Tract 16.01, Santa Barbara County, California",1182,62,31,19,12,31,31,0,1120,542,412,130,578,387,191,06,083,001601
06083001901,"Census Tract 19.01, Santa Barbara County, California",1517,57,19,19,0,38,2,36,1460,835,610,225,625,468,157,06,083,001901
06083001903,"Census Tract 19.03, Santa Barbara County, California",1542,91,28,11,17,63,63,0,1451,519,416,103,932,632,300,06,083,001903
06083001906,"Census Tract 19.06, Santa Barbara County, California",1156,20,18,16,2,2,0,2,1136,600,516,84,536,281,255,06,083,001906
06083002006,"Census Tract 20.06, Santa Barbara County, California",501,28,5,5,0,23,18,5,473,230,131,99,243,195,48,06,083,002006
06083002007,"Census Tract 20.07, Santa Barbara County, California",2663,165,128,111,17,37,37,0,2498,916,535,381,1582,1164,418,06,083,002007
06083002009,"Census Tract 20.09, Santa Barbara County, California",820,46,26,13,13,20,0,20,774,421,286,135,353,257,96,06,083,002009
06083002103,"Census Tract 21.03, Santa Barbara County, California",1009,111,84,55,29,27,9,18,898,387,262,125,511,348,163,06,083,002103
06059086701,"Census Tract 867.01, Orange County, California",2352,251,163,103,60,88,25,63,2101,1053,933,120,1048,829,219,06,059,086701
06059086803,"Census Tract 868.03, Orange County, California",2018,93,78,0,78,15,15,0,1925,1014,564,450,911,672,239,06,059,086803
06059086901,"Census Tract 869.01, Orange County, California",1901,63,17,17,0,46,26,20,1838,948,592,356,890,603,287,06,059,086901
06059087101,"Census Tract 871.01, Orange County, California",1169,48,42,0,42,6,6,0,1121,485,371,114,636,572,64,06,059,087101
06059088201,"Census Tract 882.01, Orange County, California",1048,88,88,27,61,0,0,0,960,495,223,272,465,240,225,06,059,088201
06059099513,"Census Tract 995.13, Orange County, California",270,13,13,0,13,0,0,0,257,142,106,36,115,110,5,06,059,099513
06059110010,"Census Tract 1100.10, Orange County, California",861,33,33,33,0,0,0,0,828,488,416,72,340,267,73,06,059,110010
06059110603,"Census Tract 1106.03, Orange County, California",2480,144,28,0,28,116,59,57,2336,1059,581,478,1277,972,305,06,059,110603
06059110604,"Census Tract 1106.04, Orange County, California",1593,68,68,29,39,0,0,0,1525,764,523,241,761,699,62,06,059,110604
06059021815,"Census Tract 218.15, Orange County, California",2845,89,89,67,22,0,0,0,2756,1604,1236,368,1152,948,204,06,059,021815
06059021821,"Census Tract 218.21, Orange County, California",2354,195,90,90,0,105,105,0,2159,941,793,148,1218,972,246,06,059,021821
06059021826,"Census Tract 218.26, Orange County, California",792,102,73,57,16,29,0,29,690,299,249,50,391,301,90,06,059,021826
06059021829,"Census Tract 218.29, Orange County, California",1003,87,87,61,26,0,0,0,916,486,286,200,430,302,128,06,059,021829
06059021917,"Census Tract 219.17, Orange County, California",647,25,25,0,25,0,0,0,622,369,240,129,253,168,85,06,059,021917
06059021924,"Census Tract 219.24, Orange County, California",1196,21,21,0,21,0,0,0,1175,652,465,187,523,326,197,06,059,021924
06059032011,"Census Tract 320.11, Orange County, California",261,15,15,0,15,0,0,0,246,169,113,56,77,26,51,06,059,032011
06059032013,"Census Tract 320.13, Orange County, California",1289,54,54,35,19,0,0,0,1235,752,566,186,483,310,173,06,059,032013
06059032015,"Census Tract 320.15, Orange County, California",1229,111,111,57,54,0,0,0,1118,511,377,134,607,417,190,06,059,032015
06059032042,"Census Tract 320.42, Orange County, California",1217,50,50,9,41,0,0,0,1167,631,416,215,536,404,132,06,059,032042
06059032047,"Census Tract 320.47, Orange County, California",1240,82,73,53,20,9,0,9,1158,612,470,142,546,516,30,06,059,032047
06059042201,"Census Tract 422.01, Orange County, California",732,96,33,33,0,63,35,28,636,248,230,18,388,315,73,06,059,042201
06059042310,"Census Tract 423.10, Orange County, California",1755,25,25,25,0,0,0,0,1730,927,531,396,803,528,275,06,059,042310
06059042311,"Census Tract 423.11, Orange County, California",920,117,117,90,27,0,0,0,803,403,331,72,400,298,102,06,059,042311
06059042315,"Census Tract 423.15, Orange County, California",1256,38,38,23,15,0,0,0,1218,716,530,186,502,304,198,06,059,042315
06059042327,"Census Tract 423.27, Orange County, California",921,30,30,20,10,0,0,0,891,464,351,113,427,292,135,06,059,042327
06059042338,"Census Tract 423.38, Orange County, California",856,25,25,17,8,0,0,0,831,492,360,132,339,215,124,06,059,042338
06059052427,"Census Tract 524.27, Orange County, California",1601,111,88,73,15,23,0,23,1490,805,651,154,685,467,218,06,059,052427
06059052521,"Census Tract 525.21, Orange County, California",1540,65,44,0,44,21,0,21,1475,713,549,164,762,574,188,06,059,052521
06059052523,"Census Tract 525.23, Orange County, California",1132,66,66,8,58,0,0,0,1066,494,295,199,572,348,224,06,059,052523
06059052525,"Census Tract 525.25, Orange County, California",5101,346,292,167,125,54,54,0,4755,2931,2066,865,1824,1537,287,06,059,052525
06095253402,"Census Tract 2534.02, Solano County, California",1722,69,69,55,14,0,0,0,1653,794,614,180,859,747,112,06,095,253402
06095252102,"Census Tract 2521.02, Solano County, California",912,64,31,0,31,33,33,0,848,396,319,77,452,391,61,06,095,252102
06095252201,"Census Tract 2522.01, Solano County, California",2327,58,58,0,58,0,0,0,2269,1304,953,351,965,608,357,06,095,252201
06095252306,"Census Tract 2523.06, Solano County, California",688,27,27,18,9,0,0,0,661,314,291,23,347,289,58,06,095,252306
06095252401,"Census Tract 2524.01, Solano County, California",1014,20,0,0,0,20,9,11,994,485,363,122,509,468,41,06,095,252401
06095250400,"Census Tract 2504, Solano County, California",631,0,0,0,0,0,0,0,631,229,138,91,402,280,122,06,095,250400
06095251100,"Census Tract 2511, Solano County, California",926,0,0,0,0,0,0,0,926,116,47,69,810,703,107,06,095,251100
06095251500,"Census Tract 2515, Solano County, California",1095,46,0,0,0,46,46,0,1049,293,206,87,756,523,233,06,095,251500
06095251600,"Census Tract 2516, Solano County, California",554,14,4,0,4,10,0,10,540,257,145,112,283,240,43,06,095,251600
06095251901,"Census Tract 2519.01, Solano County, California",1219,99,82,41,41,17,5,12,1120,472,327,145,648,391,257,06,095,251901
06095252202,"Census Tract 2522.02, Solano County, California",2512,149,127,98,29,22,22,0,2363,1385,1207,178,978,623,355,06,095,252202
06095252604,"Census Tract 2526.04, Solano County, California",1042,37,37,26,11,0,0,0,1005,400,231,169,605,394,211,06,095,252604
06095252702,"Census Tract 2527.02, Solano County, California",1838,141,128,88,40,13,0,13,1697,599,514,85,1098,595,503,06,095,252702
06083002209,"Census Tract 22.09, Santa Barbara County, California",1071,73,73,22,51,0,0,0,998,375,248,127,623,385,238,06,083,002209
06089012303,"Census Tract 123.03, Shasta County, California",730,15,7,7,0,8,0,8,715,283,207,76,432,234,198,06,089,012303
06001450602,"Census Tract 4506.02, Alameda County, California",1928,111,111,88,23,0,0,0,1817,1178,593,585,639,456,183,06,001,450602
06025012001,"Census Tract 120.01, Imperial County, California",725,25,25,0,25,0,0,0,700,330,265,65,370,186,184,06,025,012001
06025012002,"Census Tract 120.02, Imperial County, California",2964,91,10,10,0,81,81,0,2873,1283,954,329,1590,1028,562,06,025,012002
06089012400,"Census Tract 124, Shasta County, California",501,6,2,0,2,4,4,0,495,338,235,103,157,93,64,06,089,012400
06089011300,"Census Tract 113, Shasta County, California",1451,16,10,10,0,6,6,0,1435,366,223,143,1069,763,306,06,089,011300
06089012500,"Census Tract 125, Shasta County, California",259,0,0,0,0,0,0,0,259,119,86,33,140,39,101,06,089,012500
06089012000,"Census Tract 120, Shasta County, California",990,91,54,12,42,37,11,26,899,397,275,122,502,393,109,06,089,012000
06089012701,"Census Tract 127.01, Shasta County, California",1044,29,29,17,12,0,0,0,1015,497,262,235,518,219,299,06,089,012701
06089010702,"Census Tract 107.02, Shasta County, California",756,13,13,7,6,0,0,0,743,279,216,63,464,358,106,06,089,010702
06089010200,"Census Tract 102, Shasta County, California",553,46,12,12,0,34,11,23,507,133,115,18,374,286,88,06,089,010200
06089011500,"Census Tract 115, Shasta County, California",1025,117,60,0,60,57,40,17,908,516,232,284,392,121,271,06,089,011500
06095250501,"Census Tract 2505.01, Solano County, California",539,5,0,0,0,5,0,5,534,216,127,89,318,191,127,06,095,250501
06095250601,"Census Tract 2506.01, Solano County, California",1415,40,16,0,16,24,0,24,1375,573,399,174,802,625,177,06,095,250601
06095251802,"Census Tract 2518.02, Solano County, California",574,33,9,9,0,24,14,10,541,261,150,111,280,211,69,06,095,251802
06095252705,"Census Tract 2527.05, Solano County, California",1626,16,16,0,16,0,0,0,1610,605,471,134,1005,685,320,06,095,252705
06095252108,"Census Tract 2521.08, Solano County, California",669,41,39,25,14,2,0,2,628,271,224,47,357,293,64,06,095,252108
06095253106,"Census Tract 2531.06, Solano County, California",1032,12,0,0,0,12,12,0,1020,475,419,56,545,466,79,06,095,253106
06095253107,"Census Tract 2531.07, Solano County, California",1452,49,28,28,0,21,0,21,1403,646,397,249,757,587,170,06,095,253107
06059032045,"Census Tract 320.45, Orange County, California",864,13,13,8,5,0,0,0,851,496,376,120,355,290,65,06,059,032045
06059032046,"Census Tract 320.46, Orange County, California",1061,25,25,12,13,0,0,0,1036,648,453,195,388,219,169,06,059,032046
06059032048,"Census Tract 320.48, Orange County, California",1035,8,8,8,0,0,0,0,1027,598,487,111,429,319,110,06,059,032048
06059032053,"Census Tract 320.53, Orange County, California",2012,84,84,69,15,0,0,0,1928,1156,710,446,772,539,233,06,059,032053
06059042108,"Census Tract 421.08, Orange County, California",1369,127,107,68,39,20,20,0,1242,565,360,205,677,565,112,06,059,042108
06059042305,"Census Tract 423.05, Orange County, California",658,18,18,10,8,0,0,0,640,261,162,99,379,200,179,06,059,042305
06059042332,"Census Tract 423.32, Orange County, California",945,39,0,0,0,39,23,16,906,377,223,154,529,363,166,06,059,042332
06059052411,"Census Tract 524.11, Orange County, California",1164,0,0,0,0,0,0,0,1164,405,349,56,759,446,313,06,059,052411
06059052422,"Census Tract 524.22, Orange County, California",1753,137,137,120,17,0,0,0,1616,964,778,186,652,522,130,06,059,052422
06059052424,"Census Tract 524.24, Orange County, California",1163,38,31,8,23,7,0,7,1125,479,311,168,646,573,73,06,059,052424
06001443001,"Census Tract 4430.01, Alameda County, California",699,18,18,18,0,0,0,0,681,356,237,119,325,220,105,06,001,443001
06001450200,"Census Tract 4502, Alameda County, California",1601,107,87,24,63,20,20,0,1494,938,662,276,556,521,35,06,001,450200
06001427800,"Census Tract 4278, Alameda County, California",1150,65,65,53,12,0,0,0,1085,390,262,128,695,339,356,06,001,427800
06001428301,"Census Tract 4283.01, Alameda County, California",1641,51,31,31,0,20,20,0,1590,839,659,180,751,461,290,06,001,428301
06001433000,"Census Tract 4330, Alameda County, California",926,31,19,9,10,12,12,0,895,432,331,101,463,279,184,06,001,433000
06001433200,"Census Tract 4332, Alameda County, California",2038,208,148,94,54,60,60,0,1830,644,400,244,1186,893,293,06,001,433200
06001435200,"Census Tract 4352, Alameda County, California",906,22,22,10,12,0,0,0,884,365,282,83,519,410,109,06,001,435200
06001436402,"Census Tract 4364.02, Alameda County, California",413,24,24,24,0,0,0,0,389,245,194,51,144,97,47,06,001,436402
06067988300,"Census Tract 9883, Sacramento County, California",170,0,0,0,0,0,0,0,170,22,4,18,148,4,144,06,067,988300
06069000502,"Census Tract 5.02, San Benito County, California",1976,110,87,49,38,23,23,0,1866,874,554,320,992,621,371,06,069,000502
06069000501,"Census Tract 5.01, San Benito County, California",1455,109,77,54,23,32,22,10,1346,672,501,171,674,506,168,06,069,000501
06069000701,"Census Tract 7.01, San Benito County, California",1031,64,0,0,0,64,64,0,967,437,324,113,530,319,211,06,069,000701
06069000702,"Census Tract 7.02, San Benito County, California",1197,120,75,75,0,45,0,45,1077,499,390,109,578,449,129,06,069,000702
06069000801,"Census Tract 8.01, San Benito County, California",578,3,1,1,0,2,0,2,575,238,191,47,337,240,97,06,069,000801
06095251803,"Census Tract 2518.03, Solano County, California",1253,118,87,58,29,31,31,0,1135,398,311,87,737,437,300,06,095,251803
06095251200,"Census Tract 2512, Solano County, California",803,30,8,8,0,22,22,0,773,332,238,94,441,341,100,06,095,251200
06095252706,"Census Tract 2527.06, Solano County, California",849,17,8,0,8,9,9,0,832,448,321,127,384,309,75,06,095,252706
06095252607,"Census Tract 2526.07, Solano County, California",915,141,121,32,89,20,20,0,774,469,284,185,305,158,147,06,095,252607
06095252305,"Census Tract 2523.05, Solano County, California",1212,37,0,0,0,37,17,20,1175,529,391,138,646,575,71,06,095,252305
06095253500,"Census Tract 2535, Solano County, California",1290,16,0,0,0,16,0,16,1274,405,227,178,869,612,257,06,095,253500
06095251400,"Census Tract 2514, Solano County, California",1212,28,28,0,28,0,0,0,1184,466,285,181,718,589,129,06,095,251400
06095252501,"Census Tract 2525.01, Solano County, California",701,25,20,20,0,5,5,0,676,257,202,55,419,326,93,06,095,252501
06015000101,"Census Tract 1.01, Del Norte County, California",1052,40,8,8,0,32,0,32,1012,271,182,89,741,428,313,06,015,000101
06015000201,"Census Tract 2.01, Del Norte County, California",611,97,55,44,11,42,10,32,514,256,195,61,258,182,76,06,015,000201
06015000203,"Census Tract 2.03, Del Norte County, California",187,7,3,3,0,4,4,0,180,73,12,61,107,61,46,06,015,000203
06059110115,"Census Tract 1101.15, Orange County, California",891,28,0,0,0,28,28,0,863,386,285,101,477,330,147,06,059,110115
06059110116,"Census Tract 1101.16, Orange County, California",1108,71,17,0,17,54,0,54,1037,423,209,214,614,370,244,06,059,110116
06059110203,"Census Tract 1102.03, Orange County, California",1255,83,76,48,28,7,7,0,1172,435,341,94,737,502,235,06,059,110203
06059110606,"Census Tract 1106.06, Orange County, California",1157,85,70,33,37,15,0,15,1072,447,246,201,625,412,213,06,059,110606
06059001802,"Census Tract 18.02, Orange County, California",2080,174,100,81,19,74,74,0,1906,631,377,254,1275,991,284,06,059,001802
06059011000,"Census Tract 110, Orange County, California",1188,19,19,19,0,0,0,0,1169,532,313,219,637,419,218,06,059,011000
06059011200,"Census Tract 112, Orange County, California",872,12,12,0,12,0,0,0,860,459,329,130,401,300,101,06,059,011200
06059011502,"Census Tract 115.02, Orange County, California",1213,35,35,23,12,0,0,0,1178,407,358,49,771,615,156,06,059,011502
06059011602,"Census Tract 116.02, Orange County, California",1092,12,12,12,0,0,0,0,1080,443,274,169,637,467,170,06,059,011602
06059011712,"Census Tract 117.12, Orange County, California",1334,41,30,23,7,11,11,0,1293,562,468,94,731,624,107,06,059,011712
06059011715,"Census Tract 117.15, Orange County, California",1209,81,81,81,0,0,0,0,1128,631,459,172,497,402,95,06,059,011715
06059011718,"Census Tract 117.18, Orange County, California",734,40,40,40,0,0,0,0,694,416,356,60,278,238,40,06,059,011718
06059021905,"Census Tract 219.05, Orange County, California",1125,18,18,0,18,0,0,0,1107,513,418,95,594,525,69,06,059,021905
06059032012,"Census Tract 320.12, Orange County, California",815,22,22,15,7,0,0,0,793,395,323,72,398,304,94,06,059,032012
06059032020,"Census Tract 320.20, Orange County, California",1060,71,71,59,12,0,0,0,989,488,398,90,501,349,152,06,059,032020
06059032022,"Census Tract 320.22, Orange County, California",1829,144,82,65,17,62,0,62,1685,757,540,217,928,748,180,06,059,032022
06059032027,"Census Tract 320.27, Orange County, California",1630,210,137,92,45,73,73,0,1420,899,709,190,521,445,76,06,059,032027
06059001301,"Census Tract 13.01, Orange County, California",1917,122,88,52,36,34,34,0,1795,872,597,275,923,768,155,06,059,001301
06059001304,"Census Tract 13.04, Orange County, California",898,47,30,13,17,17,10,7,851,285,186,99,566,437,129,06,059,001304
06037403312,"Census Tract 4033.12, Los Angeles County, California",1075,47,30,30,0,17,17,0,1028,343,262,81,685,423,262,06,037,403312
06037238000,"Census Tract 2380, Los Angeles County, California",1476,0,0,0,0,0,0,0,1476,426,368,58,1050,682,368,06,037,238000
06037238320,"Census Tract 2383.20, Los Angeles County, California",970,94,42,33,9,52,35,17,876,342,187,155,534,331,203,06,037,238320
06085508202,"Census Tract 5082.02, Santa Clara County, California",1779,63,48,34,14,15,15,0,1716,986,570,416,730,538,192,06,085,508202
06085509108,"Census Tract 5091.08, Santa Clara County, California",1300,102,86,70,16,16,0,16,1198,693,616,77,505,391,114,06,085,509108
06085509109,"Census Tract 5091.09, Santa Clara County, California",1401,84,77,66,11,7,7,0,1317,745,530,215,572,529,43,06,085,509109
06085509404,"Census Tract 5094.04, Santa Clara County, California",1827,192,127,114,13,65,65,0,1635,876,694,182,759,648,111,06,085,509404
06085509500,"Census Tract 5095, Santa Clara County, California",1480,16,16,16,0,0,0,0,1464,542,361,181,922,776,146,06,085,509500
06037238400,"Census Tract 2384, Los Angeles County, California",1078,30,7,7,0,23,0,23,1048,452,350,102,596,504,92,06,037,238400
06037242600,"Census Tract 2426, Los Angeles County, California",1420,91,0,0,0,91,46,45,1329,268,99,169,1061,552,509,06,037,242600
06037243100,"Census Tract 2431, Los Angeles County, California",1676,241,54,31,23,187,61,126,1435,412,242,170,1023,573,450,06,037,243100
06037264302,"Census Tract 2643.02, Los Angeles County, California",1903,44,44,25,19,0,0,0,1859,628,515,113,1231,1143,88,06,037,264302
06037403317,"Census Tract 4033.17, Los Angeles County, California",1181,25,25,20,5,0,0,0,1156,466,291,175,690,372,318,06,037,403317
06037403318,"Census Tract 4033.18, Los Angeles County, California",1621,107,107,51,56,0,0,0,1514,605,421,184,909,640,269,06,037,403318
06083002924,"Census Tract 29.24, Santa Barbara County, California",3350,0,0,0,0,0,0,0,3350,49,31,18,3301,1769,1532,06,083,002924
06083002926,"Census Tract 29.26, Santa Barbara County, California",3539,16,9,0,9,7,7,0,3523,59,59,0,3464,1871,1593,06,083,002926
06083002930,"Census Tract 29.30, Santa Barbara County, California",1924,226,171,137,34,55,38,17,1698,893,658,235,805,674,131,06,083,002930
06083002932,"Census Tract 29.32, Santa Barbara County, California",504,8,8,0,8,0,0,0,496,280,180,100,216,160,56,06,083,002932
06083003007,"Census Tract 30.07, Santa Barbara County, California",477,8,8,8,0,0,0,0,469,210,142,68,259,183,76,06,083,003007
06083003102,"Census Tract 31.02, Santa Barbara County, California",667,24,14,14,0,10,0,10,643,299,255,44,344,223,121,06,083,003102
06083002928,"Census Tract 29.28, Santa Barbara County, California",1514,10,10,0,10,0,0,0,1504,90,60,30,1414,839,575,06,083,002928
06083980000,"Census Tract 9800, Santa Barbara County, California",0,0,0,0,0,0,0,0,0,0,0,0,0,0,0,06,083,980000
06083980100,"Census Tract 9801, Santa Barbara County, California",5,2,0,0,0,2,0,2,3,0,0,0,3,0,3,06,083,980100
06083990000,"Census Tract 9900, Santa Barbara County, California",0,0,0,0,0,0,0,0,0,0,0,0,0,0,0,06,083,990000
06085501402,"Census Tract 5014.02, Santa Clara County, California",959,141,89,24,65,52,25,27,818,303,228,75,515,395,120,06,085,501402
06085502301,"Census Tract 5023.01, Santa Clara County, California",741,48,30,30,0,18,18,0,693,310,248,62,383,322,61,06,085,502301
06085501101,"Census Tract 5011.01, Santa Clara County, California",1290,77,36,31,5,41,30,11,1213,496,402,94,717,540,177,06,085,501101
06085501102,"Census Tract 5011.02, Santa Clara County, California",1223,90,26,26,0,64,22,42,1133,447,292,155,686,498,188,06,085,501102
06085501401,"Census Tract 5014.01, Santa Clara County, California",778,31,19,16,3,12,2,10,747,241,190,51,506,360,146,06,085,501401
06085502302,"Census Tract 5023.02, Santa Clara County, California",777,43,43,43,0,0,0,0,734,246,190,56,488,427,61,06,085,502302
06085502604,"Census Tract 5026.04, Santa Clara County, California",1334,68,68,30,38,0,0,0,1266,560,474,86,706,610,96,06,085,502604
06085503117,"Census Tract 5031.17, Santa Clara County, California",742,22,22,22,0,0,0,0,720,203,149,54,517,381,136,06,085,503117
06085503118,"Census Tract 5031.18, Santa Clara County, California",1633,110,75,27,48,35,35,0,1523,616,414,202,907,670,237,06,085,503118
06085503121,"Census Tract 5031.21, Santa Clara County, California",1313,95,71,26,45,24,11,13,1218,427,347,80,791,521,270,06,085,503121
06085503122,"Census Tract 5031.22, Santa Clara County, California",646,64,45,30,15,19,0,19,582,243,152,91,339,257,82,06,085,503122
06085502603,"Census Tract 5026.03, Santa Clara County, California",570,55,55,25,30,0,0,0,515,283,229,54,232,177,55,06,085,502603
06085503123,"Census Tract 5031.23, Santa Clara County, California",933,17,9,9,0,8,0,8,916,359,288,71,557,472,85,06,085,503123
06053990000,"Census Tract 9900, Monterey County, California",0,0,0,0,0,0,0,0,0,0,0,0,0,0,0,06,053,990000
06055200301,"Census Tract 2003.01, Napa County, California",1153,90,17,17,0,73,0,73,1063,505,425,80,558,392,166,06,055,200301
06055200302,"Census Tract 2003.02, Napa County, California",691,14,14,0,14,0,0,0,677,246,205,41,431,367,64,06,055,200302
06055200505,"Census Tract 2005.05, Napa County, California",661,25,25,19,6,0,0,0,636,292,160,132,344,261,83,06,055,200505
06055200504,"Census Tract 2005.04, Napa County, California",1562,49,49,31,18,0,0,0,1513,712,651,61,801,588,213,06,055,200504
06055200601,"Census Tract 2006.01, Napa County, California",1293,75,65,45,20,10,10,0,1218,689,590,99,529,421,108,06,055,200601
06055200602,"Census Tract 2006.02, Napa County, California",901,5,5,5,0,0,0,0,896,397,268,129,499,382,117,06,055,200602
06055200704,"Census Tract 2007.04, Napa County, California",1142,91,60,60,0,31,31,0,1051,485,408,77,566,457,109,06,055,200704
06055200705,"Census Tract 2007.05, Napa County, California",655,21,21,21,0,0,0,0,634,284,248,36,350,332,18,06,055,200705
06055200706,"Census Tract 2007.06, Napa County, California",731,7,7,7,0,0,0,0,724,361,321,40,363,285,78,06,055,200706
06055200707,"Census Tract 2007.07, Napa County, California",717,23,23,23,0,0,0,0,694,336,295,41,358,279,79,06,055,200707
06055200803,"Census Tract 2008.03, Napa County, California",464,25,25,20,5,0,0,0,439,193,162,31,246,162,84,06,055,200803
06055200804,"Census Tract 2008.04, Napa County, California",1523,64,51,12,39,13,13,0,1459,759,555,204,700,476,224,06,055,200804
06055201003,"Census Tract 2010.03, Napa County, California",1447,98,60,56,4,38,7,31,1349,581,527,54,768,608,160,06,055,201003
06055201004,"Census Tract 2010.04, Napa County, California",1507,80,65,29,36,15,0,15,1427,635,525,110,792,593,199,06,055,201004
06055201005,"Census Tract 2010.05, Napa County, California",566,54,51,11,40,3,0,3,512,243,193,50,269,186,83,06,055,201005
06055201006,"Census Tract 2010.06, Napa County, California",747,53,53,44,9,0,0,0,694,349,269,80,345,230,115,06,055,201006
06055201007,"Census Tract 2010.07, Napa County, California",1179,36,22,22,0,14,14,0,1143,418,334,84,725,531,194,06,055,201007
06037265305,"Census Tract 2653.05, Los Angeles County, California",1819,0,0,0,0,0,0,0,1819,116,90,26,1703,890,813,06,037,265305
06037265420,"Census Tract 2654.20, Los Angeles County, California",403,13,13,0,13,0,0,0,390,210,131,79,180,122,58,06,037,265420
06037267100,"Census Tract 2671, Los Angeles County, California",1931,127,127,106,21,0,0,0,1804,670,402,268,1134,873,261,06,037,267100
06037267800,"Census Tract 2678, Los Angeles County, California",624,20,20,0,20,0,0,0,604,313,187,126,291,274,17,06,037,267800
06037269000,"Census Tract 2690, Los Angeles County, California",1091,27,27,12,15,0,0,0,1064,372,225,147,692,348,344,06,037,269000
06037269300,"Census Tract 2693, Los Angeles County, California",916,42,42,30,12,0,0,0,874,534,413,121,340,273,67,06,037,269300
06037269500,"Census Tract 2695, Los Angeles County, California",660,60,60,60,0,0,0,0,600,407,313,94,193,130,63,06,037,269500
06037269800,"Census Tract 2698, Los Angeles County, California",1014,0,0,0,0,0,0,0,1014,285,255,30,729,688,41,06,037,269800
06037271802,"Census Tract 2718.02, Los Angeles County, California",1615,102,88,64,24,14,14,0,1513,549,411,138,964,848,116,06,037,271802
06037273200,"Census Tract 2732, Los Angeles County, California",779,44,33,11,22,11,11,0,735,217,200,17,518,399,119,06,037,273200
06037275200,"Census Tract 2752, Los Angeles County, California",1208,45,45,45,0,0,0,0,1163,390,253,137,773,716,57,06,037,275200
06037293304,"Census Tract 2933.04, Los Angeles County, California",1339,32,10,0,10,22,22,0,1307,528,379,149,779,606,173,06,037,293304
06037264301,"Census Tract 2643.01, Los Angeles County, California",2185,0,0,0,0,0,0,0,2185,459,377,82,1726,1542,184,06,037,264301
06037540901,"Census Tract 5409.01, Los Angeles County, California",928,90,50,0,50,40,21,19,838,285,186,99,553,359,194,06,037,540901
06037541200,"Census Tract 5412, Los Angeles County, California",1568,80,25,25,0,55,55,0,1488,496,376,120,992,552,440,06,037,541200
06037541605,"Census Tract 5416.05, Los Angeles County, California",1226,68,41,19,22,27,0,27,1158,445,365,80,713,418,295,06,037,541605
06037541606,"Census Tract 5416.06, Los Angeles County, California",663,49,34,0,34,15,7,8,614,230,161,69,384,221,163,06,037,541606
06001409100,"Census Tract 4091, Alameda County, California",471,25,25,14,11,0,0,0,446,180,142,38,266,201,65,06,001,409100
06001409400,"Census Tract 4094, Alameda County, California",1336,154,124,19,105,30,30,0,1182,516,375,141,666,416,250,06,001,409400
06001410300,"Census Tract 4103, Alameda County, California",1028,57,46,23,23,11,0,11,971,400,266,134,571,406,165,06,001,410300
06001420300,"Census Tract 4203, Alameda County, California",1371,31,31,0,31,0,0,0,1340,782,491,291,558,481,77,06,001,420300
06001423200,"Census Tract 4232, Alameda County, California",853,21,8,0,8,13,13,0,832,283,220,63,549,430,119,06,001,423200
06001423300,"Census Tract 4233, Alameda County, California",838,61,21,21,0,40,29,11,777,332,268,64,445,366,79,06,001,423300
06001423601,"Census Tract 4236.01, Alameda County, California",803,12,12,12,0,0,0,0,791,278,192,86,513,419,94,06,001,423601
06001427700,"Census Tract 4277, Alameda County, California",1355,59,59,0,59,0,0,0,1296,478,417,61,818,716,102,06,001,427700
06037271400,"Census Tract 2714, Los Angeles County, California",708,50,34,0,34,16,16,0,658,404,329,75,254,134,120,06,037,271400
06037271701,"Census Tract 2717.01, Los Angeles County, California",1866,27,27,27,0,0,0,0,1839,552,423,129,1287,1157,130,06,037,271701
06037271801,"Census Tract 2718.01, Los Angeles County, California",962,0,0,0,0,0,0,0,962,435,244,191,527,440,87,06,037,271801
06037273800,"Census Tract 2738, Los Angeles County, California",1018,9,9,0,9,0,0,0,1009,299,247,52,710,644,66,06,037,273800
06055201101,"Census Tract 2011.01, Napa County, California",396,5,5,5,0,0,0,0,391,245,198,47,146,91,55,06,055,201101
06055201102,"Census Tract 2011.02, Napa County, California",257,0,0,0,0,0,0,0,257,103,67,36,154,121,33,06,055,201102
06055201401,"Census Tract 2014.01, Napa County, California",470,69,41,32,9,28,0,28,401,208,115,93,193,157,36,06,055,201401
06037276400,"Census Tract 2764, Los Angeles County, California",802,15,15,8,7,0,0,0,787,375,244,131,412,174,238,06,037,276400
06037276500,"Census Tract 2765, Los Angeles County, California",2554,0,0,0,0,0,0,0,2554,206,149,57,2348,1223,1125,06,037,276500
06037277100,"Census Tract 2771, Los Angeles County, California",864,28,28,28,0,0,0,0,836,359,311,48,477,334,143,06,037,277100
06037293201,"Census Tract 2932.01, Los Angeles County, California",1724,133,50,19,31,83,83,0,1591,510,370,140,1081,816,265,06,037,293201
06073003101,"Census Tract 31.01, San Diego County, California",1037,44,15,0,15,29,29,0,993,517,329,188,476,373,103,06,073,003101
06073003111,"Census Tract 31.11, San Diego County, California",1796,88,56,31,25,32,32,0,1708,661,435,226,1047,623,424,06,073,003111
06073003114,"Census Tract 31.14, San Diego County, California",871,44,15,15,0,29,11,18,827,181,148,33,646,435,211,06,073,003114
06073003212,"Census Tract 32.12, San Diego County, California",1088,15,0,0,0,15,15,0,1073,437,347,90,636,440,196,06,073,003212
06073003303,"Census Tract 33.03, San Diego County, California",1208,50,13,13,0,37,13,24,1158,521,333,188,637,499,138,06,073,003303
06073003902,"Census Tract 39.02, San Diego County, California",944,19,19,0,19,0,0,0,925,430,253,177,495,386,109,06,073,003902
06073005300,"Census Tract 53, San Diego County, California",1063,57,31,5,26,26,0,26,1006,219,205,14,787,664,123,06,073,005300
06073005400,"Census Tract 54, San Diego County, California",1773,24,24,24,0,0,0,0,1749,566,546,20,1183,1126,57,06,073,005400
06067007427,"Census Tract 74.27, Sacramento County, California",1597,152,99,35,64,53,53,0,1445,627,509,118,818,639,179,06,067,007427
06067007428,"Census Tract 74.28, Sacramento County, California",804,38,32,0,32,6,0,6,766,391,266,125,375,296,79,06,067,007428
06067007429,"Census Tract 74.29, Sacramento County, California",1506,88,58,0,58,30,30,0,1418,559,339,220,859,553,306,06,067,007429
06067007430,"Census Tract 74.30, Sacramento County, California",2442,136,99,99,0,37,37,0,2306,1267,813,454,1039,714,325,06,067,007430
06067007301,"Census Tract 73.01, Sacramento County, California",1102,51,12,0,12,39,20,19,1051,437,320,117,614,441,173,06,067,007301
06067007431,"Census Tract 74.31, Sacramento County, California",860,40,39,8,31,1,0,1,820,335,223,112,485,249,236,06,067,007431
06067007432,"Census Tract 74.32, Sacramento County, California",1303,106,34,8,26,72,0,72,1197,651,487,164,546,358,188,06,067,007432
06067007433,"Census Tract 74.33, Sacramento County, California",1791,125,125,33,92,0,0,0,1666,833,767,66,833,544,289,06,067,007433
06067008505,"Census Tract 85.05, Sacramento County, California",437,13,13,5,8,0,0,0,424,314,179,135,110,77,33,06,067,008505
06067008506,"Census Tract 85.06, Sacramento County, California",806,49,49,18,31,0,0,0,757,433,274,159,324,313,11,06,067,008506
06067008507,"Census Tract 85.07, Sacramento County, California",991,103,85,61,24,18,18,0,888,421,354,67,467,393,74,06,067,008507
06067008508,"Census Tract 85.08, Sacramento County, California",1820,59,59,21,38,0,0,0,1761,1168,853,315,593,427,166,06,067,008508
06067008509,"Census Tract 85.09, Sacramento County, California",1134,17,17,17,0,0,0,0,1117,857,664,193,260,139,121,06,067,008509
06085512052,"Census Tract 5120.52, Santa Clara County, California",1052,110,89,33,56,21,12,9,942,466,414,52,476,349,127,06,085,512052
06085512053,"Census Tract 5120.53, Santa Clara County, California",1179,50,31,23,8,19,19,0,1129,461,410,51,668,511,157,06,085,512053
06085512311,"Census Tract 5123.11, Santa Clara County, California",783,27,27,27,0,0,0,0,756,454,372,82,302,112,190,06,085,512311
06085512312,"Census Tract 5123.12, Santa Clara County, California",814,65,40,40,0,25,25,0,749,395,296,99,354,263,91,06,085,512312
06085512310,"Census Tract 5123.10, Santa Clara County, California",1225,28,28,12,16,0,0,0,1197,734,535,199,463,321,142,06,085,512310
06085512314,"Census Tract 5123.14, Santa Clara County, California",1385,102,65,7,58,37,7,30,1283,774,656,118,509,363,146,06,085,512314
06085512313,"Census Tract 5123.13, Santa Clara County, California",859,69,58,58,0,11,11,0,790,367,276,91,423,326,97,06,085,512313
06083002706,"Census Tract 27.06, Santa Barbara County, California",1580,101,62,58,4,39,27,12,1479,688,495,193,791,590,201,06,083,002706
06083002206,"Census Tract 22.06, Santa Barbara County, California",1261,152,88,40,48,64,58,6,1109,442,359,83,667,450,217,06,083,002206
06083002303,"Census Tract 23.03, Santa Barbara County, California",1460,57,47,9,38,10,0,10,1403,618,449,169,785,523,262,06,083,002303
06083002702,"Census Tract 27.02, Santa Barbara County, California",1849,167,129,61,68,38,13,25,1682,736,463,273,946,730,216,06,083,002702
06083002703,"Census Tract 27.03, Santa Barbara County, California",1013,125,125,95,30,0,0,0,888,489,348,141,399,148,251,06,083,002703
06017031502,"Census Tract 315.02, El Dorado County, California",901,39,39,39,0,0,0,0,862,452,200,252,410,375,35,06,017,031502
06017030401,"Census Tract 304.01, El Dorado County, California",981,44,44,44,0,0,0,0,937,286,231,55,651,389,262,06,017,030401
06017030402,"Census Tract 304.02, El Dorado County, California",972,53,38,16,22,15,15,0,919,381,334,47,538,433,105,06,017,030402
06073016502,"Census Tract 165.02, San Diego County, California",1921,66,56,18,38,10,10,0,1855,804,330,474,1051,886,165,06,073,016502
06073002702,"Census Tract 27.02, San Diego County, California",1756,118,101,51,50,17,17,0,1638,447,354,93,1191,920,271,06,073,002702
06073001000,"Census Tract 10, San Diego County, California",1555,48,0,0,0,48,0,48,1507,325,325,0,1182,1084,98,06,073,001000
06073001300,"Census Tract 13, San Diego County, California",2407,51,17,17,0,34,34,0,2356,684,492,192,1672,1499,173,06,073,001300
06073001500,"Census Tract 15, San Diego County, California",1116,32,21,13,8,11,0,11,1084,399,365,34,685,605,80,06,073,001500
06073002703,"Census Tract 27.03, San Diego County, California",2209,67,17,17,0,50,50,0,2142,659,368,291,1483,1121,362,06,073,002703
06073002903,"Census Tract 29.03, San Diego County, California",1170,30,30,24,6,0,0,0,1140,340,239,101,800,624,176,06,073,002903
06073003108,"Census Tract 31.08, San Diego County, California",943,40,34,28,6,6,6,0,903,355,260,95,548,493,55,06,073,003108
06073003207,"Census Tract 32.07, San Diego County, California",1706,34,21,0,21,13,0,13,1672,900,724,176,772,498,274,06,073,003207
06073003214,"Census Tract 32.14, San Diego County, California",1343,113,105,82,23,8,8,0,1230,529,313,216,701,549,152,06,073,003214
06073003403,"Census Tract 34.03, San Diego County, California",890,69,0,0,0,69,69,0,821,401,301,100,420,252,168,06,073,003403
06073003603,"Census Tract 36.03, San Diego County, California",1095,53,41,25,16,12,12,0,1042,418,245,173,624,467,157,06,073,003603
06073004000,"Census Tract 40, San Diego County, California",1302,43,21,0,21,22,22,0,1259,453,321,132,806,467,339,06,073,004000
06073004900,"Census Tract 49, San Diego County, California",1560,145,122,85,37,23,0,23,1415,490,312,178,925,710,215,06,073,004900
06073005500,"Census Tract 55, San Diego County, California",71,12,12,12,0,0,0,0,59,21,12,9,38,34,4,06,073,005500
06073006300,"Census Tract 63, San Diego County, California",109,0,0,0,0,0,0,0,109,0,0,0,109,109,0,06,073,006300
06073006802,"Census Tract 68.02, San Diego County, California",1627,37,31,31,0,6,3,3,1590,541,441,100,1049,794,255,06,073,006802
06073006900,"Census Tract 69, San Diego County, California",1497,27,27,27,0,0,0,0,1470,668,532,136,802,360,442,06,073,006900
06073007301,"Census Tract 73.01, San Diego County, California",1659,0,0,0,0,0,0,0,1659,467,371,96,1192,1000,192,06,073,007301
06073007400,"Census Tract 74, San Diego County, California",2510,118,118,118,0,0,0,0,2392,651,565,86,1741,1301,440,06,073,007400
06073007501,"Census Tract 75.01, San Diego County, California",1482,1,1,1,0,0,0,0,1481,184,184,0,1297,1246,51,06,073,007501
06073020306,"Census Tract 203.06, San Diego County, California",2799,112,94,71,23,18,18,0,2687,906,619,287,1781,1052,729,06,073,020306
06073020403,"Census Tract 204.03, San Diego County, California",1108,124,60,60,0,64,64,0,984,472,316,156,512,413,99,06,073,020403
06073020405,"Census Tract 204.05, San Diego County, California",481,17,17,17,0,0,0,0,464,288,211,77,176,141,35,06,073,020405
06073020602,"Census Tract 206.02, San Diego County, California",1304,89,62,42,20,27,27,0,1215,633,412,221,582,444,138,06,073,020602
06073020705,"Census Tract 207.05, San Diego County, California",1176,133,133,14,119,0,0,0,1043,618,474,144,425,172,253,06,073,020705
06073020708,"Census Tract 207.08, San Diego County, California",769,91,91,65,26,0,0,0,678,327,277,50,351,254,97,06,073,020708
06073020805,"Census Tract 208.05, San Diego County, California",778,0,0,0,0,0,0,0,778,344,305,39,434,377,57,06,073,020805
06073020809,"Census Tract 208.09, San Diego County, California",1686,86,86,51,35,0,0,0,1600,715,562,153,885,627,258,06,073,020809
06073020903,"Census Tract 209.03, San Diego County, California",450,44,34,22,12,10,2,8,406,120,58,62,286,123,163,06,073,020903
06073021000,"Census Tract 210, San Diego County, California",482,17,16,0,16,1,0,1,465,189,189,0,276,153,123,06,073,021000
06073013102,"Census Tract 131.02, San Diego County, California",1464,81,81,48,33,0,0,0,1383,737,486,251,646,562,84,06,073,013102
06073013205,"Census Tract 132.05, San Diego County, California",582,66,44,40,4,22,4,18,516,240,173,67,276,197,79,06,073,013205
06073013302,"Census Tract 133.02, San Diego County, California",1171,22,0,0,0,22,22,0,1149,465,323,142,684,390,294,06,073,013302
06073013604,"Census Tract 136.04, San Diego County, California",1453,0,0,0,0,0,0,0,1453,838,556,282,615,448,167,06,073,013604
06073013605,"Census Tract 136.05, San Diego County, California",1497,20,20,20,0,0,0,0,1477,659,454,205,818,515,303,06,073,013605
06037403324,"Census Tract 4033.24, Los Angeles County, California",1247,30,30,15,15,0,0,0,1217,747,573,174,470,396,74,06,037,403324
06037403405,"Census Tract 4034.05, Los Angeles County, California",369,0,0,0,0,0,0,0,369,135,106,29,234,166,68,06,037,403405
06037403703,"Census Tract 4037.03, Los Angeles County, California",996,43,43,43,0,0,0,0,953,425,350,75,528,406,122,06,037,403703
06037404501,"Census Tract 4045.01, Los Angeles County, California",645,14,14,0,14,0,0,0,631,310,154,156,321,234,87,06,037,404501
06037405201,"Census Tract 4052.01, Los Angeles County, California",1541,95,52,0,52,43,0,43,1446,501,423,78,945,693,252,06,037,405201
06037405202,"Census Tract 4052.02, Los Angeles County, California",1238,68,35,35,0,33,6,27,1170,419,275,144,751,539,212,06,037,405202
06037406101,"Census Tract 4061.01, Los Angeles County, California",742,41,36,36,0,5,0,5,701,309,253,56,392,329,63,06,037,406101
06037407200,"Census Tract 4072, Los Angeles County, California",1692,23,8,0,8,15,15,0,1669,582,467,115,1087,685,402,06,037,407200
06037408202,"Census Tract 4082.02, Los Angeles County, California",448,9,9,0,9,0,0,0,439,241,160,81,198,140,58,06,037,408202
06037408706,"Census Tract 4087.06, Los Angeles County, California",407,32,32,23,9,0,0,0,375,118,84,34,257,161,96,06,037,408706
06037430301,"Census Tract 4303.01, Los Angeles County, California",847,43,43,7,36,0,0,0,804,390,289,101,414,345,69,06,037,430301
06037430302,"Census Tract 4303.02, Los Angeles County, California",1344,0,0,0,0,0,0,0,1344,538,403,135,806,591,215,06,037,430302
06037432000,"Census Tract 4320, Los Angeles County, California",1654,46,46,0,46,0,0,0,1608,955,794,161,653,282,371,06,037,432000
06037432101,"Census Tract 4321.01, Los Angeles County, California",1093,20,9,9,0,11,0,11,1073,498,321,177,575,357,218,06,037,432101
06037432102,"Census Tract 4321.02, Los Angeles County, California",1196,15,11,11,0,4,4,0,1181,639,464,175,542,301,241,06,037,432102
06037432201,"Census Tract 4322.01, Los Angeles County, California",1020,19,19,0,19,0,0,0,1001,433,263,170,568,362,206,06,037,432201
06037433401,"Census Tract 4334.01, Los Angeles County, California",711,34,8,8,0,26,18,8,677,282,127,155,395,220,175,06,037,433401
06037433403,"Census Tract 4334.03, Los Angeles County, California",1285,55,8,0,8,47,23,24,1230,425,350,75,805,515,290,06,037,433403
06037433700,"Census Tract 4337, Los Angeles County, California",913,32,9,9,0,23,0,23,881,437,245,192,444,331,113,06,037,433700
06037433801,"Census Tract 4338.01, Los Angeles County, California",1712,59,20,20,0,39,17,22,1653,586,334,252,1067,571,496,06,037,433801
06037433901,"Census Tract 4339.01, Los Angeles County, California",1531,127,48,17,31,79,59,20,1404,432,300,132,972,644,328,06,037,433901
06037461400,"Census Tract 4614, Los Angeles County, California",761,33,33,10,23,0,0,0,728,252,165,87,476,420,56,06,037,461400
06037463400,"Census Tract 4634, Los Angeles County, California",1591,45,45,21,24,0,0,0,1546,580,473,107,966,798,168,06,037,463400
06037480202,"Census Tract 4802.02, Los Angeles County, California",539,33,33,33,0,0,0,0,506,302,231,71,204,123,81,06,037,480202
06037480400,"Census Tract 4804, Los Angeles County, California",1276,9,9,9,0,0,0,0,1267,432,257,175,835,552,283,06,037,480400
06037127910,"Census Tract 1279.10, Los Angeles County, California",1214,99,67,53,14,32,23,9,1115,557,338,219,558,420,138,06,037,127910
06037127920,"Census Tract 1279.20, Los Angeles County, California",1251,38,15,15,0,23,0,23,1213,522,382,140,691,431,260,06,037,127920
06037572400,"Census Tract 5724, Los Angeles County, California",336,19,13,13,0,6,6,0,317,96,49,47,221,133,88,06,037,572400
06037572800,"Census Tract 5728, Los Angeles County, California",263,16,0,0,0,16,6,10,247,7,7,0,240,98,142,06,037,572800
06037573201,"Census Tract 5732.01, Los Angeles County, California",1379,27,17,17,0,10,10,0,1352,476,327,149,876,423,453,06,037,573201
06037573300,"Census Tract 5733, Los Angeles County, California",1171,93,15,8,7,78,40,38,1078,308,233,75,770,462,308,06,037,573300
06037218210,"Census Tract 2182.10, Los Angeles County, California",1007,67,24,24,0,43,0,43,940,346,216,130,594,356,238,06,037,218210
06037218600,"Census Tract 2186, Los Angeles County, California",885,18,9,0,9,9,9,0,867,305,178,127,562,429,133,06,037,218600
06037218900,"Census Tract 2189, Los Angeles County, California",1624,95,35,0,35,60,10,50,1529,372,251,121,1157,770,387,06,037,218900
06037219300,"Census Tract 2193, Los Angeles County, California",1193,73,31,31,0,42,22,20,1120,364,204,160,756,468,288,06,037,219300
06085511302,"Census Tract 5113.02, Santa Clara County, California",943,57,57,32,25,0,0,0,886,360,318,42,526,462,64,06,085,511302
06085511704,"Census Tract 5117.04, Santa Clara County, California",756,0,0,0,0,0,0,0,756,404,240,164,352,223,129,06,085,511704
06085511608,"Census Tract 5116.08, Santa Clara County, California",1402,9,4,0,4,5,0,5,1393,14,14,0,1379,624,755,06,085,511608
06085511609,"Census Tract 5116.09, Santa Clara County, California",859,47,47,47,0,0,0,0,812,474,313,161,338,139,199,06,085,511609
06085511705,"Census Tract 5117.05, Santa Clara County, California",131,4,4,4,0,0,0,0,127,84,73,11,43,40,3,06,085,511705
06085511707,"Census Tract 5117.07, Santa Clara County, California",448,8,8,8,0,0,0,0,440,243,143,100,197,75,122,06,085,511707
06085511915,"Census Tract 5119.15, Santa Clara County, California",978,29,29,14,15,0,0,0,949,495,264,231,454,356,98,06,085,511915
06085511916,"Census Tract 5119.16, Santa Clara County, California",1033,64,39,0,39,25,25,0,969,619,376,243,350,243,107,06,085,511916
06055201402,"Census Tract 2014.02, Napa County, California",357,8,8,8,0,0,0,0,349,203,176,27,146,78,68,06,055,201402
06071009906,"Census Tract 99.06, San Bernardino County, California",1354,8,0,0,0,8,0,8,1346,490,379,111,856,501,355,06,071,009906
06071009908,"Census Tract 99.08, San Bernardino County, California",1063,105,18,14,4,87,52,35,958,425,226,199,533,297,236,06,071,009908
06071009910,"Census Tract 99.10, San Bernardino County, California",1580,109,72,67,5,37,0,37,1471,624,357,267,847,530,317,06,071,009910
06071009911,"Census Tract 99.11, San Bernardino County, California",1418,102,91,14,77,11,0,11,1316,721,472,249,595,328,267,06,071,009911
06071009912,"Census Tract 99.12, San Bernardino County, California",965,64,34,14,20,30,10,20,901,382,266,116,519,278,241,06,071,009912
06071009913,"Census Tract 99.13, San Bernardino County, California",972,122,107,24,83,15,8,7,850,421,162,259,429,236,193,06,071,009913
06071010025,"Census Tract 100.25, San Bernardino County, California",1848,65,23,0,23,42,42,0,1783,798,397,401,985,709,276,06,071,010025
06071010026,"Census Tract 100.26, San Bernardino County, California",2675,177,177,119,58,0,0,0,2498,1126,690,436,1372,958,414,06,071,010026
06059075701,"Census Tract 757.01, Orange County, California",1966,169,74,50,24,95,74,21,1797,645,584,61,1152,850,302,06,059,075701
06059075811,"Census Tract 758.11, Orange County, California",821,33,20,8,12,13,0,13,788,262,102,160,526,309,217,06,059,075811
06059075901,"Census Tract 759.01, Orange County, California",1505,39,39,7,32,0,0,0,1466,376,324,52,1090,724,366,06,059,075901
06059076202,"Census Tract 762.02, Orange County, California",1360,125,97,67,30,28,16,12,1235,721,566,155,514,461,53,06,059,076202
06059086404,"Census Tract 864.04, Orange County, California",1549,84,51,36,15,33,33,0,1465,576,414,162,889,658,231,06,059,086404
06059086405,"Census Tract 864.05, Orange County, California",1935,58,26,26,0,32,0,32,1877,768,486,282,1109,759,350,06,059,086405
06059086601,"Census Tract 866.01, Orange County, California",2856,182,70,0,70,112,0,112,2674,1189,686,503,1485,986,499,06,059,086601
06059087704,"Census Tract 877.04, Orange County, California",1651,59,59,59,0,0,0,0,1592,417,315,102,1175,566,609,06,059,087704
06059087806,"Census Tract 878.06, Orange County, California",1455,130,130,48,82,0,0,0,1325,588,309,279,737,554,183,06,059,087806
06059088107,"Census Tract 881.07, Orange County, California",1469,40,27,15,12,13,13,0,1429,734,455,279,695,488,207,06,059,088107
06065042901,"Census Tract 429.01, Riverside County, California",2040,117,78,24,54,39,39,0,1923,703,337,366,1220,770,450,06,065,042901
06065042902,"Census Tract 429.02, Riverside County, California",1063,83,70,23,47,13,0,13,980,609,363,246,371,261,110,06,065,042902
06065043216,"Census Tract 432.16, Riverside County, California",1651,0,0,0,0,0,0,0,1651,626,440,186,1025,744,281,06,065,043216
06065031002,"Census Tract 310.02, Riverside County, California",1293,42,36,22,14,6,0,6,1251,453,240,213,798,474,324,06,065,031002
06065041411,"Census Tract 414.11, Riverside County, California",639,22,11,0,11,11,0,11,617,286,171,115,331,194,137,06,065,041411
06065041702,"Census Tract 417.02, Riverside County, California",1299,89,65,45,20,24,0,24,1210,521,355,166,689,450,239,06,065,041702
06065042508,"Census Tract 425.08, Riverside County, California",1610,98,78,0,78,20,8,12,1512,730,377,353,782,372,410,06,065,042508
06065043703,"Census Tract 437.03, Riverside County, California",686,27,20,11,9,7,0,7,659,285,155,130,374,230,144,06,065,043703
06065041803,"Census Tract 418.03, Riverside County, California",1662,25,25,0,25,0,0,0,1637,1089,664,425,548,362,186,06,065,041803
06065042405,"Census Tract 424.05, Riverside County, California",1561,74,16,16,0,58,58,0,1487,466,247,219,1021,696,325,06,065,042405
06065043304,"Census Tract 433.04, Riverside County, California",1272,30,27,27,0,3,0,3,1242,480,358,122,762,280,482,06,065,043304
06065042003,"Census Tract 420.03, Riverside County, California",1434,103,76,48,28,27,19,8,1331,560,390,170,771,526,245,06,065,042003
06071010417,"Census Tract 104.17, San Bernardino County, California",584,0,0,0,0,0,0,0,584,175,124,51,409,289,120,06,071,010417
06071010419,"Census Tract 104.19, San Bernardino County, California",1047,25,25,0,25,0,0,0,1022,453,259,194,569,414,155,06,071,010419
06071010420,"Census Tract 104.20, San Bernardino County, California",716,159,125,27,98,34,0,34,557,182,109,73,375,244,131,06,071,010420
06071010421,"Census Tract 104.21, San Bernardino County, California",1610,98,98,17,81,0,0,0,1512,955,652,303,557,392,165,06,071,010421
06071010422,"Census Tract 104.22, San Bernardino County, California",343,28,6,0,6,22,0,22,315,174,87,87,141,81,60,06,071,010422
06071010423,"Census Tract 104.23, San Bernardino County, California",379,17,17,17,0,0,0,0,362,249,187,62,113,51,62,06,071,010423
06071010424,"Census Tract 104.24, San Bernardino County, California",220,0,0,0,0,0,0,0,220,127,41,86,93,34,59,06,071,010424
06071010803,"Census Tract 108.03, San Bernardino County, California",603,15,15,0,15,0,0,0,588,290,199,91,298,212,86,06,071,010803
06071010804,"Census Tract 108.04, San Bernardino County, California",681,32,11,0,11,21,0,21,649,229,150,79,420,328,92,06,071,010804
06071010901,"Census Tract 109.01, San Bernardino County, California",894,53,19,19,0,34,34,0,841,388,293,95,453,227,226,06,071,010901
06071010902,"Census Tract 109.02, San Bernardino County, California",449,9,9,9,0,0,0,0,440,265,175,90,175,149,26,06,071,010902
06071011001,"Census Tract 110.01, San Bernardino County, California",497,5,5,0,5,0,0,0,492,218,110,108,274,164,110,06,071,011001
06071011002,"Census Tract 110.02, San Bernardino County, California",360,0,0,0,0,0,0,0,360,148,52,96,212,155,57,06,071,011002
06037271600,"Census Tract 2716, Los Angeles County, California",1554,89,70,15,55,19,19,0,1465,679,436,243,786,430,356,06,037,271600
06037463000,"Census Tract 4630, Los Angeles County, California",525,49,49,31,18,0,0,0,476,286,274,12,190,128,62,06,037,463000
06037293302,"Census Tract 2933.02, Los Angeles County, California",1156,137,48,32,16,89,55,34,1019,300,237,63,719,459,260,06,037,293302
06037460502,"Census Tract 4605.02, Los Angeles County, California",858,55,55,55,0,0,0,0,803,459,336,123,344,214,130,06,037,460502
06037195710,"Census Tract 1957.10, Los Angeles County, California",1355,11,11,0,11,0,0,0,1344,414,283,131,930,627,303,06,037,195710
06037139502,"Census Tract 1395.02, Los Angeles County, California",616,32,32,32,0,0,0,0,584,301,254,47,283,178,105,06,037,139502
06037143300,"Census Tract 1433, Los Angeles County, California",1858,47,0,0,0,47,0,47,1811,710,529,181,1101,916,185,06,037,143300
06037211910,"Census Tract 2119.10, Los Angeles County, California",1301,26,26,0,26,0,0,0,1275,393,274,119,882,712,170,06,037,211910
06037213201,"Census Tract 2132.01, Los Angeles County, California",1164,60,0,0,0,60,52,8,1104,446,264,182,658,464,194,06,037,213201
06037800324,"Census Tract 8003.24, Los Angeles County, California",1455,31,31,31,0,0,0,0,1424,961,772,189,463,357,106,06,037,800324
06037800326,"Census Tract 8003.26, Los Angeles County, California",832,31,31,20,11,0,0,0,801,482,267,215,319,150,169,06,037,800326
06037701801,"Census Tract 7018.01, Los Angeles County, California",2013,30,30,30,0,0,0,0,1983,546,426,120,1437,1052,385,06,037,701801
06037702600,"Census Tract 7026, Los Angeles County, California",1091,54,44,12,32,10,10,0,1037,511,475,36,526,447,79,06,037,702600
06037703200,"Census Tract 7032, Los Angeles County, California",1042,141,121,78,43,20,20,0,901,242,212,30,659,475,184,06,037,703200
06037800325,"Census Tract 8003.25, Los Angeles County, California",518,20,20,13,7,0,0,0,498,309,229,80,189,161,28,06,037,800325
06037900102,"Census Tract 9001.02, Los Angeles County, California",120,0,0,0,0,0,0,0,120,23,20,3,97,22,75,06,037,900102
06037900501,"Census Tract 9005.01, Los Angeles County, California",1535,48,19,19,0,29,12,17,1487,427,326,101,1060,539,521,06,037,900501
06037901205,"Census Tract 9012.05, Los Angeles County, California",2643,202,105,33,72,97,68,29,2441,1222,606,616,1219,717,502,06,037,901205
06037910602,"Census Tract 9106.02, Los Angeles County, California",1056,59,29,22,7,30,0,30,997,299,120,179,698,498,200,06,037,910602
06037920314,"Census Tract 9203.14, Los Angeles County, California",773,11,4,0,4,7,7,0,762,331,224,107,431,343,88,06,037,920314
06037920036,"Census Tract 9200.36, Los Angeles County, California",807,15,9,9,0,6,0,6,792,357,246,111,435,281,154,06,037,920036
06065042711,"Census Tract 427.11, Riverside County, California",328,20,20,20,0,0,0,0,308,52,11,41,256,157,99,06,065,042711
06065043702,"Census Tract 437.02, Riverside County, California",994,46,0,0,0,46,46,0,948,401,321,80,547,286,261,06,065,043702
06065031502,"Census Tract 315.02, Riverside County, California",1586,126,26,26,0,100,77,23,1460,691,487,204,769,476,293,06,065,031502
06065040902,"Census Tract 409.02, Riverside County, California",1455,33,0,0,0,33,33,0,1422,542,432,110,880,446,434,06,065,040902
06059021809,"Census Tract 218.09, Orange County, California",580,12,7,7,0,5,5,0,568,340,225,115,228,170,58,06,059,021809
06059021812,"Census Tract 218.12, Orange County, California",1491,11,11,11,0,0,0,0,1480,792,637,155,688,568,120,06,059,021812
06059021820,"Census Tract 218.20, Orange County, California",878,43,43,21,22,0,0,0,835,426,339,87,409,265,144,06,059,021820
06059021822,"Census Tract 218.22, Orange County, California",2327,65,50,33,17,15,0,15,2262,1232,708,524,1030,563,467,06,059,021822
06059021828,"Census Tract 218.28, Orange County, California",758,28,28,20,8,0,0,0,730,383,224,159,347,280,67,06,059,021828
06059021919,"Census Tract 219.19, Orange County, California",596,19,19,19,0,0,0,0,577,349,252,97,228,114,114,06,059,021919
06059021922,"Census Tract 219.22, Orange County, California",920,83,83,83,0,0,0,0,837,320,222,98,517,466,51,06,059,021922
06059021923,"Census Tract 219.23, Orange County, California",1724,51,51,38,13,0,0,0,1673,720,526,194,953,641,312,06,059,021923
06059032023,"Census Tract 320.23, Orange County, California",3386,104,42,33,9,62,28,34,3282,2215,1411,804,1067,553,514,06,059,032023
06059032055,"Census Tract 320.55, Orange County, California",1091,37,37,37,0,0,0,0,1054,541,440,101,513,462,51,06,059,032055
06059099215,"Census Tract 992.15, Orange County, California",1360,62,62,62,0,0,0,0,1298,613,485,128,685,554,131,06,059,099215
06059099226,"Census Tract 992.26, Orange County, California",927,0,0,0,0,0,0,0,927,292,219,73,635,461,174,06,059,099226
06059099231,"Census Tract 992.31, Orange County, California",955,24,24,0,24,0,0,0,931,504,339,165,427,271,156,06,059,099231
06059099241,"Census Tract 992.41, Orange County, California",1067,11,11,11,0,0,0,0,1056,539,451,88,517,433,84,06,059,099241
06053010504,"Census Tract 105.04, Monterey County, California",1345,51,22,22,0,29,0,29,1294,567,372,195,727,525,202,06,053,010504
06053010701,"Census Tract 107.01, Monterey County, California",1079,53,40,40,0,13,0,13,1026,626,533,93,400,175,225,06,053,010701
06053010702,"Census Tract 107.02, Monterey County, California",543,25,9,9,0,16,16,0,518,262,203,59,256,166,90,06,053,010702
06053010900,"Census Tract 109, Monterey County, California",39,0,0,0,0,0,0,0,39,17,12,5,22,14,8,06,053,010900
06053011302,"Census Tract 113.02, Monterey County, California",1347,34,23,12,11,11,0,11,1313,608,313,295,705,364,341,06,053,011302
06037222600,"Census Tract 2226, Los Angeles County, California",1446,42,33,0,33,9,9,0,1404,227,134,93,1177,708,469,06,037,222600
06037533803,"Census Tract 5338.03, Los Angeles County, California",1402,119,101,43,58,18,18,0,1283,560,313,247,723,530,193,06,037,533803
06037534101,"Census Tract 5341.01, Los Angeles County, California",625,23,6,0,6,17,0,17,602,276,148,128,326,271,55,06,037,534101
06037219010,"Census Tract 2190.10, Los Angeles County, California",873,8,0,0,0,8,0,8,865,278,212,66,587,432,155,06,037,219010
06037219020,"Census Tract 2190.20, Los Angeles County, California",1245,33,24,0,24,9,9,0,1212,415,300,115,797,604,193,06,037,219020
06037231400,"Census Tract 2314, Los Angeles County, California",1245,140,51,22,29,89,71,18,1105,361,261,100,744,617,127,06,037,231400
06037234700,"Census Tract 2347, Los Angeles County, California",810,15,15,15,0,0,0,0,795,302,165,137,493,355,138,06,037,234700
06037235202,"Census Tract 2352.02, Los Angeles County, California",1142,55,20,13,7,35,35,0,1087,241,144,97,846,613,233,06,037,235202
06037237600,"Census Tract 2376, Los Angeles County, California",893,48,30,0,30,18,10,8,845,321,235,86,524,339,185,06,037,237600
06037237800,"Census Tract 2378, Los Angeles County, California",975,82,15,15,0,67,16,51,893,376,295,81,517,421,96,06,037,237800
06037239310,"Census Tract 2393.10, Los Angeles County, California",1151,34,21,4,17,13,3,10,1117,527,305,222,590,417,173,06,037,239310
06037239320,"Census Tract 2393.20, Los Angeles County, California",1169,143,50,24,26,93,58,35,1026,311,224,87,715,336,379,06,037,239320
06037240300,"Census Tract 2403, Los Angeles County, California",1437,93,0,0,0,93,64,29,1344,527,326,201,817,537,280,06,037,240300
06037240800,"Census Tract 2408, Los Angeles County, California",1124,77,27,5,22,50,50,0,1047,347,184,163,700,494,206,06,037,240800
06037123104,"Census Tract 1231.04, Los Angeles County, California",1024,61,38,38,0,23,23,0,963,470,321,149,493,312,181,06,037,123104
06037124600,"Census Tract 1246, Los Angeles County, California",833,18,18,0,18,0,0,0,815,319,228,91,496,409,87,06,037,124600
06037127102,"Census Tract 1271.02, Los Angeles County, California",1483,106,53,0,53,53,53,0,1377,542,398,144,835,673,162,06,037,127102
06037128302,"Census Tract 1283.02, Los Angeles County, California",1419,17,0,0,0,17,17,0,1402,488,341,147,914,667,247,06,037,128302
06037128702,"Census Tract 1287.02, Los Angeles County, California",1553,5,5,0,5,0,0,0,1548,691,595,96,857,745,112,06,037,128702
06037503202,"Census Tract 5032.02, Los Angeles County, California",1379,20,14,9,5,6,0,6,1359,515,295,220,844,554,290,06,037,503202
06037503501,"Census Tract 5035.01, Los Angeles County, California",1617,72,43,5,38,29,0,29,1545,707,571,136,838,536,302,06,037,503501
06037503502,"Census Tract 5035.02, Los Angeles County, California",1242,11,5,0,5,6,0,6,1231,394,333,61,837,594,243,06,037,503502
06037504102,"Census Tract 5041.02, Los Angeles County, California",9,0,0,0,0,0,0,0,9,0,0,0,9,9,0,06,037,504102
06037265700,"Census Tract 2657, Los Angeles County, California",1011,67,17,17,0,50,50,0,944,389,207,182,555,394,161,06,037,265700
06037267300,"Census Tract 2673, Los Angeles County, California",1614,122,122,110,12,0,0,0,1492,461,292,169,1031,882,149,06,037,267300
06067009006,"Census Tract 90.06, Sacramento County, California",1578,72,12,12,0,60,60,0,1506,603,397,206,903,587,316,06,067,009006
06067009112,"Census Tract 91.12, Sacramento County, California",1096,74,74,53,21,0,0,0,1022,306,194,112,716,584,132,06,067,009112
06067009319,"Census Tract 93.19, Sacramento County, California",1351,88,74,32,42,14,14,0,1263,528,398,130,735,540,195,06,067,009319
06067009320,"Census Tract 93.20, Sacramento County, California",1178,90,83,62,21,7,7,0,1088,490,355,135,598,352,246,06,067,009320
06067009321,"Census Tract 93.21, Sacramento County, California",1735,89,68,29,39,21,11,10,1646,558,434,124,1088,733,355,06,067,009321
06067009322,"Census Tract 93.22, Sacramento County, California",3784,262,125,106,19,137,106,31,3522,1588,1254,334,1934,1383,551,06,067,009322
06067009617,"Census Tract 96.17, Sacramento County, California",787,71,71,52,19,0,0,0,716,335,276,59,381,281,100,06,067,009617
06067009618,"Census Tract 96.18, Sacramento County, California",1288,128,71,44,27,57,23,34,1160,501,415,86,659,456,203,06,067,009618
06067009619,"Census Tract 96.19, Sacramento County, California",1838,77,33,33,0,44,44,0,1761,761,591,170,1000,727,273,06,067,009619
06067006800,"Census Tract 68, Sacramento County, California",1752,151,46,19,27,105,27,78,1601,523,272,251,1078,756,322,06,067,006800
06067005601,"Census Tract 56.01, Sacramento County, California",1333,72,37,0,37,35,35,0,1261,642,446,196,619,517,102,06,067,005601
06067005606,"Census Tract 56.06, Sacramento County, California",863,25,25,25,0,0,0,0,838,373,249,124,465,402,63,06,067,005606
06067006004,"Census Tract 60.04, Sacramento County, California",458,11,11,11,0,0,0,0,447,153,121,32,294,241,53,06,067,006004
06067007010,"Census Tract 70.10, Sacramento County, California",1072,9,9,9,0,0,0,0,1063,449,238,211,614,519,95,06,067,007010
06073020015,"Census Tract 200.15, San Diego County, California",963,43,42,31,11,1,0,1,920,541,419,122,379,300,79,06,073,020015
06073020024,"Census Tract 200.24, San Diego County, California",865,85,46,46,0,39,15,24,780,364,262,102,416,301,115,06,073,020024
06073020106,"Census Tract 201.06, San Diego County, California",1059,0,0,0,0,0,0,0,1059,423,311,112,636,487,149,06,073,020106
06073020206,"Census Tract 202.06, San Diego County, California",1415,122,49,34,15,73,20,53,1293,606,344,262,687,413,274,06,073,020206
06073020209,"Census Tract 202.09, San Diego County, California",1274,28,17,0,17,11,0,11,1246,493,288,205,753,476,277,06,073,020209
06037104204,"Census Tract 1042.04, Los Angeles County, California",932,15,4,4,0,11,11,0,917,354,197,157,563,344,219,06,037,104204
06037104403,"Census Tract 1044.03, Los Angeles County, California",831,21,21,21,0,0,0,0,810,305,195,110,505,360,145,06,037,104403
06037104404,"Census Tract 1044.04, Los Angeles County, California",718,5,0,0,0,5,5,0,713,267,150,117,446,254,192,06,037,104404
06037104703,"Census Tract 1047.03, Los Angeles County, California",526,34,31,0,31,3,0,3,492,302,144,158,190,94,96,06,037,104703
06037104704,"Census Tract 1047.04, Los Angeles County, California",1261,113,41,25,16,72,72,0,1148,388,242,146,760,460,300,06,037,104704
06037104821,"Census Tract 1048.21, Los Angeles County, California",885,26,6,0,6,20,0,20,859,274,217,57,585,428,157,06,037,104821
06037104822,"Census Tract 1048.22, Los Angeles County, California",655,12,12,0,12,0,0,0,643,251,126,125,392,261,131,06,037,104822
06037106405,"Census Tract 1064.05, Los Angeles County, California",1229,0,0,0,0,0,0,0,1229,522,326,196,707,352,355,06,037,106405
06037106406,"Census Tract 1064.06, Los Angeles County, California",1354,57,41,33,8,16,16,0,1297,697,609,88,600,348,252,06,037,106406
06037800331,"Census Tract 8003.31, Los Angeles County, California",160,16,16,16,0,0,0,0,144,69,34,35,75,28,47,06,037,800331
06037800332,"Census Tract 8003.32, Los Angeles County, California",1259,12,12,0,12,0,0,0,1247,753,421,332,494,366,128,06,037,800332
06037800406,"Census Tract 8004.06, Los Angeles County, California",527,14,13,8,5,1,0,1,513,190,99,91,323,140,183,06,037,800406
06037800408,"Census Tract 8004.08, Los Angeles County, California",1393,15,15,15,0,0,0,0,1378,615,412,203,763,622,141,06,037,800408
06037800410,"Census Tract 8004.10, Los Angeles County, California",1690,16,16,13,3,0,0,0,1674,167,85,82,1507,802,705,06,037,800410
06071002038,"Census Tract 20.38, San Bernardino County, California",1478,89,89,0,89,0,0,0,1389,693,522,171,696,424,272,06,071,002038
06071002103,"Census Tract 21.03, San Bernardino County, California",1542,173,65,37,28,108,99,9,1369,466,279,187,903,597,306,06,071,002103
06071002105,"Census Tract 21.05, San Bernardino County, California",1368,82,61,50,11,21,21,0,1286,461,272,189,825,674,151,06,071,002105
06071002107,"Census Tract 21.07, San Bernardino County, California",1487,55,34,0,34,21,21,0,1432,540,298,242,892,802,90,06,071,002107
06071002109,"Census Tract 21.09, San Bernardino County, California",1631,42,23,12,11,19,19,0,1589,518,431,87,1071,898,173,06,071,002109
06071002110,"Census Tract 21.10, San Bernardino County, California",2402,156,156,139,17,0,0,0,2246,766,509,257,1480,1238,242,06,071,002110
06071002206,"Census Tract 22.06, San Bernardino County, California",1767,136,70,53,17,66,66,0,1631,785,590,195,846,638,208,06,071,002206
06071002207,"Census Tract 22.07, San Bernardino County, California",999,66,28,15,13,38,0,38,933,290,196,94,643,307,336,06,071,002207
06071002304,"Census Tract 23.04, San Bernardino County, California",6314,176,126,90,36,50,0,50,6138,2970,2251,719,3168,1893,1275,06,071,002304
06071002305,"Census Tract 23.05, San Bernardino County, California",2910,67,67,45,22,0,0,0,2843,1270,894,376,1573,1080,493,06,071,002305
06071002306,"Census Tract 23.06, San Bernardino County, California",1057,57,56,14,42,1,1,0,1000,397,278,119,603,415,188,06,071,002306
06071002307,"Census Tract 23.07, San Bernardino County, California",1315,52,12,12,0,40,12,28,1263,603,421,182,660,329,331,06,071,002307
06071002604,"Census Tract 26.04, San Bernardino County, California",1608,55,18,7,11,37,37,0,1553,818,518,300,735,613,122,06,071,002604
06071002606,"Census Tract 26.06, San Bernardino County, California",2317,106,68,24,44,38,12,26,2211,995,795,200,1216,857,359,06,071,002606
06071002607,"Census Tract 26.07, San Bernardino County, California",2332,38,21,12,9,17,17,0,2294,993,644,349,1301,929,372,06,071,002607
06071002703,"Census Tract 27.03, San Bernardino County, California",1493,13,13,0,13,0,0,0,1480,697,557,140,783,472,311,06,071,002703
06071002704,"Census Tract 27.04, San Bernardino County, California",3452,18,18,18,0,0,0,0,3434,1544,1364,180,1890,1528,362,06,071,002704
06071002705,"Census Tract 27.05, San Bernardino County, California",1167,63,49,49,0,14,0,14,1104,624,433,191,480,393,87,06,071,002705
06071002706,"Census Tract 27.06, San Bernardino County, California",2510,147,71,63,8,76,37,39,2363,1149,881,268,1214,837,377,06,071,002706
06071002801,"Census Tract 28.01, San Bernardino County, California",1735,140,17,17,0,123,74,49,1595,712,526,186,883,644,239,06,071,002801
06071003301,"Census Tract 33.01, San Bernardino County, California",1561,32,32,5,27,0,0,0,1529,448,222,226,1081,736,345,06,071,003301
06071002803,"Census Tract 28.03, San Bernardino County, California",1062,59,36,13,23,23,16,7,1003,399,241,158,604,375,229,06,071,002803
06111005204,"Census Tract 52.04, Ventura County, California",587,34,34,34,0,0,0,0,553,237,200,37,316,252,64,06,111,005204
06111005205,"Census Tract 52.05, Ventura County, California",1097,27,27,27,0,0,0,0,1070,605,472,133,465,368,97,06,111,005205
06111005801,"Census Tract 58.01, Ventura County, California",1136,38,38,19,19,0,0,0,1098,663,425,238,435,246,189,06,111,005801
06111005802,"Census Tract 58.02, Ventura County, California",2098,78,78,29,49,0,0,0,2020,1107,832,275,913,682,231,06,111,005802
06111007405,"Census Tract 74.05, Ventura County, California",1251,22,22,22,0,0,0,0,1229,601,468,133,628,446,182,06,111,007405
06111007406,"Census Tract 74.06, Ventura County, California",540,25,25,18,7,0,0,0,515,314,201,113,201,169,32,06,111,007406
06111007509,"Census Tract 75.09, Ventura County, California",1216,10,10,10,0,0,0,0,1206,439,314,125,767,573,194,06,111,007509
06001424001,"Census Tract 4240.01, Alameda County, California",1307,21,21,21,0,0,0,0,1286,390,316,74,896,714,182,06,001,424001
06001432700,"Census Tract 4327, Alameda County, California",631,10,0,0,0,10,10,0,621,266,229,37,355,220,135,06,001,432700
06085509403,"Census Tract 5094.03, Santa Clara County, California",1763,93,93,56,37,0,0,0,1670,684,441,243,986,634,352,06,085,509403
06085509802,"Census Tract 5098.02, Santa Clara County, California",706,39,39,22,17,0,0,0,667,508,384,124,159,108,51,06,085,509802
06085510200,"Census Tract 5102, Santa Clara County, California",918,52,52,52,0,0,0,0,866,489,334,155,377,190,187,06,085,510200
06085510600,"Census Tract 5106, Santa Clara County, California",1247,110,110,50,60,0,0,0,1137,658,446,212,479,399,80,06,085,510600
06085511800,"Census Tract 5118, Santa Clara County, California",796,13,13,0,13,0,0,0,783,508,390,118,275,216,59,06,085,511800
06085511907,"Census Tract 5119.07, Santa Clara County, California",924,23,23,23,0,0,0,0,901,559,347,212,342,175,167,06,085,511907
06085511909,"Census Tract 5119.09, Santa Clara County, California",1556,13,13,0,13,0,0,0,1543,1018,735,283,525,310,215,06,085,511909
06085512021,"Census Tract 5120.21, Santa Clara County, California",1516,117,45,25,20,72,4,68,1399,732,584,148,667,417,250,06,085,512021
06085512026,"Census Tract 5120.26, Santa Clara County, California",1011,60,42,42,0,18,0,18,951,498,399,99,453,295,158,06,085,512026
06085503802,"Census Tract 5038.02, Santa Clara County, California",2076,112,112,40,72,0,0,0,1964,801,559,242,1163,877,286,06,085,503802
06085503803,"Census Tract 5038.03, Santa Clara County, California",1131,98,44,17,27,54,54,0,1033,440,316,124,593,439,154,06,085,503803
06085503804,"Census Tract 5038.04, Santa Clara County, California",1429,141,129,32,97,12,12,0,1288,420,352,68,868,681,187,06,085,503804
06085504307,"Census Tract 5043.07, Santa Clara County, California",1257,42,42,25,17,0,0,0,1215,589,461,128,626,347,279,06,085,504307
06085504311,"Census Tract 5043.11, Santa Clara County, California",2038,146,146,113,33,0,0,0,1892,924,753,171,968,724,244,06,085,504311
06085504413,"Census Tract 5044.13, Santa Clara County, California",400,17,17,17,0,0,0,0,383,256,193,63,127,109,18,06,085,504413
06085504420,"Census Tract 5044.20, Santa Clara County, California",976,19,19,0,19,0,0,0,957,498,391,107,459,369,90,06,085,504420
06085505007,"Census Tract 5050.07, Santa Clara County, California",1017,58,39,26,13,19,13,6,959,411,356,55,548,395,153,06,085,505007
06085505402,"Census Tract 5054.02, Santa Clara County, California",678,20,11,11,0,9,9,0,658,353,243,110,305,213,92,06,085,505402
06085506204,"Census Tract 5062.04, Santa Clara County, California",1295,24,24,0,24,0,0,0,1271,782,588,194,489,265,224,06,085,506204
06085506305,"Census Tract 5063.05, Santa Clara County, California",1606,80,80,42,38,0,0,0,1526,716,522,194,810,661,149,06,085,506305
06085506402,"Census Tract 5064.02, Santa Clara County, California",1365,65,50,27,23,15,0,15,1300,626,430,196,674,567,107,06,085,506402
06085506703,"Census Tract 5067.03, Santa Clara County, California",900,34,20,20,0,14,14,0,866,485,340,145,381,234,147,06,085,506703
06007002700,"Census Tract 27, Butte County, California",966,42,0,0,0,42,0,42,924,405,316,89,519,372,147,06,007,002700
06007003400,"Census Tract 34, Butte County, California",701,34,29,29,0,5,0,5,667,336,205,131,331,184,147,06,007,003400
06007000601,"Census Tract 6.01, Butte County, California",771,19,19,19,0,0,0,0,752,313,228,85,439,391,48,06,007,000601
06007000604,"Census Tract 6.04, Butte County, California",1949,51,9,9,0,42,42,0,1898,134,66,68,1764,1273,491,06,007,000604
06007001900,"Census Tract 19, Butte County, California",473,24,10,10,0,14,0,14,449,236,172,64,213,140,73,06,007,001900
06007001300,"Census Tract 13, Butte County, California",1173,44,17,0,17,27,6,21,1129,329,202,127,800,585,215,06,007,001300
06007000201,"Census Tract 2.01, Butte County, California",911,45,35,35,0,10,10,0,866,368,310,58,498,421,77,06,007,000201
06007001600,"Census Tract 16, Butte County, California",696,0,0,0,0,0,0,0,696,525,422,103,171,107,64,06,007,001600
06007002000,"Census Tract 20, Butte County, California",1159,22,0,0,0,22,22,0,1137,675,395,280,462,280,182,06,007,002000
06007003200,"Census Tract 32, Butte County, California",757,58,40,36,4,18,0,18,699,347,159,188,352,210,142,06,007,003200
06007003300,"Census Tract 33, Butte County, California",737,44,29,15,14,15,3,12,693,396,249,147,297,188,109,06,007,003300
06007003600,"Census Tract 36, Butte County, California",947,54,23,15,8,31,17,14,893,495,283,212,398,273,125,06,007,003600
06007002100,"Census Tract 21, Butte County, California",836,0,0,0,0,0,0,0,836,351,301,50,485,360,125,06,007,002100
06007000501,"Census Tract 5.01, Butte County, California",1203,11,11,0,11,0,0,0,1192,357,239,118,835,479,356,06,007,000501
06007001400,"Census Tract 14, Butte County, California",979,0,0,0,0,0,0,0,979,461,307,154,518,425,93,06,007,001400
06007002400,"Census Tract 24, Butte County, California",667,32,18,14,4,14,11,3,635,322,234,88,313,210,103,06,007,002400
06007001000,"Census Tract 10, Butte County, California",2069,19,19,19,0,0,0,0,2050,240,204,36,1810,1306,504,06,007,001000
06031000403,"Census Tract 4.03, Kings County, California",1059,75,75,51,24,0,0,0,984,455,245,210,529,471,58,06,031,000403
06031000601,"Census Tract 6.01, Kings County, California",2482,70,56,45,11,14,14,0,2412,1309,929,380,1103,715,388,06,031,000601
06031000602,"Census Tract 6.02, Kings County, California",1168,18,0,0,0,18,18,0,1150,542,449,93,608,528,80,06,031,000602
06031000702,"Census Tract 7.02, Kings County, California",950,53,41,41,0,12,12,0,897,412,319,93,485,379,106,06,031,000702
